0.0;3.2684605322489064,-0.2745821921107543,-1.559642696013434,-1.2568682254056773,-1.3401558495138617,-1.5805008189461043;0.0,0.0,0.0;1.0,0.0,0.0,0.0
0.0;3.2673940311615683,-0.2742832822722773,-1.5598026177881212,-1.2567532723636627,-1.3398929148527687,-1.5804657723715323;0.0,0.0018661225913092494,0.0;1.0,0.0,0.0,0.0
0.0;3.2668282630464427,-0.27392338386349385,-1.5601306222203204,-1.2566769687084047,-1.3397487381654296,-1.5804142525024218;0.0,0.003732245182618499,0.0;1.0,0.0,0.0,0.0
0.0;3.267265997917945,-0.2737099377231473,-1.560280113197422,-1.2567332285620156,-1.3398227804569054,-1.5803861723062815;0.0,0.005598367657512426,0.0;1.0,0.0,0.0,0.0
0.0;3.2683852638488706,-0.2735712399315761,-1.5603004533384357,-1.256873012639823,-1.3398856036231908,-1.5803741459199618;0.0,0.007464490365236998,0.0;1.0,0.0,0.0,0.0
0.0;3.2686048450514527,-0.27356699893480657,-1.5603001909981609,-1.256874837896114,-1.3398939941685883,-1.5803734271464005;0.0,0.009330613538622856,0.0;1.0,0.0,0.0,0.0
0.0;3.268521850091151,-0.27360322849139523,-1.5603031740954654,-1.2568669638682353,-1.3399584370266033,-1.5803725476879311;0.0,0.011196735315024853,0.0;1.0,0.0,0.0,0.0
0.0;3.2686205108167594,-0.2738942955057236,-1.560324457008585,-1.256778373280775,-1.3404813552374726,-1.5803633996481616;0.0,0.013062858954071999,0.0;1.0,0.0,0.0,0.0
0.0;3.269330173003666,-0.27429906591369646,-1.560361239776529,-1.2565647668319706,-1.3410995354308173,-1.5803448615839857;0.0,0.01492898166179657,0.0;1.0,0.0,0.0,0.0
0.0;3.2705896094146976,-0.27464807702936034,-1.5603643553808224,-1.2563509164377027,-1.341544962618366,-1.5803206780310244;0.0,0.01679510436952114,0.0;1.0,0.0,0.0,0.0
0.0;3.27319683110472,-0.27490794359040727,-1.560166261928399,-1.256433185452283,-1.3420452509671486,-1.580280681263504;0.0,0.018661227077245712,0.0;1.0,0.0,0.0,0.0
0.0;3.2752940634105094,-0.2750632562568394,-1.559971771087537,-1.2562454633030373,-1.3414818272484246,-1.580259215239635;0.0,0.020527349784970284,0.0;1.0,0.0,0.0,0.0
0.0;3.277846403349046,-0.2748572242202048,-1.5593871560663126,-1.2566427277425176,-1.3404113866474188,-1.5802589160501648;0.0,0.022393472492694855,0.0;1.0,0.0,0.0,0.0
0.0;3.279781912942169,-0.27466641271125036,-1.5587918663481921,-1.2569043725771045,-1.3388587532644574,-1.5803247390038986;0.0,0.024259595200419426,0.0;1.0,0.0,0.0,0.0
0.0;3.2815532123913385,-0.2745326776875587,-1.558197817114015,-1.2571845876041867,-1.3375698372711249,-1.5804323160848763;0.0,0.026125717908143997,0.0;1.0,0.0,0.0,0.0
0.0;3.283416100167903,-0.2745104692316407,-1.5576173395203456,-1.2574180841866063,-1.3364548821505233,-1.5805661789130365;0.0,0.02799183689057827,0.0;1.0,0.0,0.0,0.0
0.0;3.2855326672203646,-0.27456691223833835,-1.5570623340903162,-1.2576446124596807,-1.3355651608509873,-1.58069719460852;0.0,0.02985796146094799,0.0;1.0,0.0,0.0,0.0
0.0;3.287793664879454,-0.2746467385626817,-1.5565070870446855,-1.257860515882404,-1.3347031408602732,-1.5808186468100371;0.0,0.03172408416867256,0.0;1.0,0.0,0.0,0.0
0.0;3.290097937913176,-0.2747030777230417,-1.5559039720157986,-1.2581059438638822,-1.3336979353354688,-1.5809371354727075;0.0,0.03359020873904228,0.0;1.0,0.0,0.0,0.0
0.0;3.2924278112263052,-0.2747197393166508,-1.5552202622808178,-1.258426465295672,-1.3325177761768487,-1.581060657813112;0.0,0.035456333309412,0.0;1.0,0.0,0.0,0.0
0.0;3.2948005914218417,-0.2747170678549664,-1.554457834241355,-1.2588111633428811,-1.3311817201642142,-1.58119458018125;0.0,0.037322454154491425,0.0;1.0,0.0,0.0,0.0
0.0;3.29722588009977,-0.27471929796581823,-1.5536280878600883,-1.2592360591918301,-1.32972930829109,-1.5813411585145205;0.0,0.03918857499957085,0.0;1.0,0.0,0.0,0.0
0.0;3.299698809048001,-0.27474088334758734,-1.5527422066625656,-1.2596913496601514,-1.3282037015827373,-1.5814998646316845;0.0,0.04105469584465027,0.0;1.0,0.0,0.0,0.0
0.0;3.302205759252415,-0.27478749556346277,-1.5518095830414431,-1.2601722376884286,-1.3266330459659186,-1.581668529577443;0.0,0.04292082041501999,0.0;1.0,0.0,0.0,0.0
0.0;3.304733272036738,-0.2748597722381466,-1.5508363105544964,-1.2606705985281899,-1.3250262453199286,-1.5818448162188812;0.0,0.04478694126009941,0.0;1.0,0.0,0.0,0.0
0.0;3.3072763697379326,-0.27495589583079644,-1.5498277334267396,-1.2611911028497371,-1.323385113735028,-1.5820265060199168;0.0,0.04665306583046913,0.0;1.0,0.0,0.0,0.0
0.0;3.309828828557037,-0.2750711638758375,-1.5487826995504346,-1.2617281754133793,-1.3217152781390453,-1.5822122133999372;0.0,0.04851918667554855,0.0;1.0,0.0,0.0,0.0
0.0;3.3123954875189794,-0.27520798999376744,-1.5477094769762283,-1.262291827869792,-1.3200150790896934,-1.5824006884988393;0.0,0.050385311245918274,0.0;1.0,0.0,0.0,0.0
0.0;3.31497256594476,-0.2753595860487461,-1.5465998017702178,-1.2628675592682856,-1.318284448729665,-1.5825918414399394;0.0,0.052251432090997696,0.0;1.0,0.0,0.0,0.0
0.0;3.3175665057983053,-0.27553343678768827,-1.5454697896306724,-1.2634702915139415,-1.3165275786465134,-1.5827845026549698;0.0,0.054117556661367416,0.0;1.0,0.0,0.0,0.0
0.0;3.32033589848526,-0.2756947304306151,-1.5440292539992475,-1.264328209529273,-1.3143663326362698,-1.5830218419664748;0.0,0.05598368123173714,0.0;1.0,0.0,0.0,0.0
0.0;3.3230102776611012,-0.2759356701389559,-1.542627798302477,-1.2650370442316405,-1.3121251654741803,-1.5832585583162344;0.0,0.05784980580210686,0.0;1.0,0.0,0.0,0.0
0.0;3.3256706319494818,-0.27612526637390167,-1.541031574837268,-1.2660845050498923,-1.309874143247018,-1.5835075173668856;0.0,0.05971592664718628,0.0;1.0,0.0,0.0,0.0
0.0;3.328286916337188,-0.27656100028547764,-1.5396308007007262,-1.2669314428962666,-1.307701401726542,-1.5837245647459524;0.0,0.0615820474922657,0.0;1.0,0.0,0.0,0.0
0.0;3.330964566389709,-0.27728018791904585,-1.5379334471164419,-1.2677512756107736,-1.3057348166566016,-1.5839966081641268;0.0,0.06344816833734512,0.0;1.0,0.0,0.0,0.0
0.0;3.3336536357158955,-0.2781898119307806,-1.5361143145049714,-1.2686974354705507,-1.3038305827024417,-1.58426943411743;0.0,0.06531429290771484,0.0;1.0,0.0,0.0,0.0
0.0;3.3363332099173593,-0.27877418615310007,-1.5345070994951375,-1.2697275226857396,-1.301808482180513,-1.5843639639739964;0.0,0.06718041002750397,0.0;1.0,0.0,0.0,0.0
0.0;3.338987321835206,-0.279059619537326,-1.5331775932263245,-1.270891196595615,-1.299697282760436,-1.5844227059159988;0.0,0.06904653459787369,0.0;1.0,0.0,0.0,0.0
0.0;3.341691954341569,-0.2791838162620696,-1.53202105670845,-1.2721971295318846,-1.2975763969935308,-1.5845041803169595;0.0,0.07091265916824341,0.0;1.0,0.0,0.0,0.0
0.0;3.344460320252724,-0.2792902666019622,-1.5308979825528712,-1.273613336529208,-1.2954400701087319,-1.5845642122396122;0.0,0.07277879118919373,0.0;1.0,0.0,0.0,0.0
0.0;3.3472895114668746,-0.2793870640275142,-1.5297552677576773,-1.2751051310374113,-1.293290607030143,-1.584638139839736;0.0,0.07464490830898285,0.0;1.0,0.0,0.0,0.0
0.0;3.3501390157563278,-0.279555744009418,-1.528549290168821,-1.2766565805929968,-1.2911061186910873,-1.5846613846969169;0.0,0.07651103287935257,0.0;1.0,0.0,0.0,0.0
0.0;3.3529990209388183,-0.2797593497953065,-1.5272747675212126,-1.278216500460747,-1.288859563443837,-1.5846476281381443;0.0,0.07837715744972229,0.0;1.0,0.0,0.0,0.0
0.0;3.35588154637862,-0.2799338160700944,-1.525981407128853,-1.2797970775649956,-1.2865658931501878,-1.5846775745806856;0.0,0.08024327456951141,0.0;1.0,0.0,0.0,0.0
0.0;3.3587881850498347,-0.28013921095484223,-1.5246225062143235,-1.281360969860016,-1.2842739946198116,-1.5846489663973784;0.0,0.08210939913988113,0.0;1.0,0.0,0.0,0.0
0.0;3.36169400565578,-0.28035596481057296,-1.523299346765299,-1.282970416838199,-1.2819282000796028,-1.584674338613265;0.0,0.08397552371025085,0.0;1.0,0.0,0.0,0.0
0.0;3.36460666976362,-0.28054353199708754,-1.521964381361334,-1.284633193305609,-1.2795567793301783,-1.5847472065775894;0.0,0.08584164828062057,0.0;1.0,0.0,0.0,0.0
0.0;3.3675245573783563,-0.28076938810903396,-1.5205766343266856,-1.286318339848013,-1.277155451699431,-1.5847708876033255;0.0,0.0877077728509903,0.0;1.0,0.0,0.0,0.0
0.0;3.3704635329620123,-0.2809899001678447,-1.5191660679483832,-1.288025399836075,-1.2747442433060117,-1.5848067969457373;0.0,0.08957388997077942,0.0;1.0,0.0,0.0,0.0
0.0;3.3734224439350045,-0.2812608734573625,-1.5176831021084245,-1.2896940807226855,-1.272363742440377,-1.5847525070186306;0.0,0.09143999963998795,0.0;1.0,0.0,0.0,0.0
0.0;3.37576876087743,-0.28120508594590826,-1.5165560432737437,-1.2915106612484235,-1.2699289358691925,-1.5847391632326997;-0.001828799955546856,0.09143999963998795,0.0;1.0,0.0,0.0,0.0
0.0;3.3773866133191066,-0.28057842241200137,-1.5159781483354486,-1.2935139313738218,-1.2675768364452409,-1.5847572833809793;-0.003657599911093712,0.09143999963998795,0.0;1.0,0.0,0.0,0.0
0.0;3.3785475968372545,-0.27940063871629456,-1.5160290967718648,-1.2956067092516323,-1.2654431201008265,-1.5847574008210892;-0.005486399866640568,0.09143999963998795,0.0;1.0,0.0,0.0,0.0
0.0;3.379547029404716,-0.27777041944398445,-1.5166681996342233,-1.297665242847183,-1.2635970501694227,-1.5847045791450725;-0.007315200287848711,0.09143999963998795,0.0;1.0,0.0,0.0,0.0
0.0;3.380527514873556,-0.2757795970618413,-1.5177949862230233,-1.2996051207281336,-1.2620290154022586,-1.5845909663541813;-0.00914399977773428,0.09143999963998795,0.0;1.0,0.0,0.0,0.0
0.0;3.38150035155614,-0.27349853576470107,-1.519307284658908,-1.3013957440443487,-1.260688290060735,-1.5844288901353196;-0.010972799733281136,0.09143999963998795,0.0;1.0,0.0,0.0,0.0
0.0;3.382431017896752,-0.2709810659315242,-1.5211250232052773,-1.3030435251656376,-1.2595262053070848,-1.5842381507280774;-0.012801599688827991,0.09143999963998795,0.0;1.0,0.0,0.0,0.0
0.0;3.383295773063788,-0.2682711776895654,-1.5231913901552063,-1.304569634190298,-1.2585131424303881,-1.5840364179727817;-0.014630400575697422,0.09143999963998795,0.0;1.0,0.0,0.0,0.0
0.0;3.3840938306110275,-0.2654055370634287,-1.5254653833069804,-1.3059950943811423,-1.257633248133361,-1.5838345886162966;-0.016459200531244278,0.09143999963998795,0.0;1.0,0.0,0.0,0.0
0.0;3.3848364051863538,-0.26241297331622465,-1.5279153236615906,-1.3073340854308,-1.2568750292059436,-1.5836371991618696;-0.01828799955546856,0.09143999963998795,0.0;1.0,0.0,0.0,0.0
0.0;3.3855350439176526,-0.2593152113201996,-1.5305149354741356,-1.3085951622567744,-1.2562263781696865,-1.583445175901644;-0.02011680044233799,0.09143999963998795,0.0;1.0,0.0,0.0,0.0
0.0;3.386197120005694,-0.2561287680088054,-1.5332416710366232,-1.3097846751650952,-1.255674130156645,-1.5832582388947882;-0.02194560132920742,0.09143999963998795,0.0;1.0,0.0,0.0,0.0
0.0;3.386826704149625,-0.2528668765139595,-1.5360761949834603,-1.3109090313155087,-1.2552055264193533,-1.5830761281026826;-0.0237744003534317,0.09143999963998795,0.0;1.0,0.0,0.0,0.0
0.0;3.3874267124804507,-0.24954069161246564,-1.5390021263476947,-1.3119752175054753,-1.254809363278796,-1.5828988707461902;-0.025603201240301132,0.09143999963998795,0.0;1.0,0.0,0.0,0.0
0.0;3.3880001253454277,-0.24615977649961188,-1.5420056858614204,-1.3129903488117967,-1.254476189795927,-1.5827266168661274;-0.027432000264525414,0.09143999963998795,0.0;1.0,0.0,0.0,0.0
0.0;3.3885501390994284,-0.2427322288239883,-1.5450752636728267,-1.3139610875931445,-1.2541979255108924,-1.582559434812321;-0.029260801151394844,0.09143999963998795,0.0;1.0,0.0,0.0,0.0
0.0;3.389079886539374,-0.23926476752675546,-1.548201017665136,-1.3148933405605154,-1.2539674297161043,-1.5823972242209645;-0.031089600175619125,0.09143999963998795,0.0;1.0,0.0,0.0,0.0
0.0;3.389592209714976,-0.23576289987408508,-1.551374564775412,-1.3157922495349688,-1.2537782710134506,-1.5822397403673678;-0.032918401062488556,0.09143999963998795,0.0;1.0,0.0,0.0,0.0
0.0;3.390089607337293,-0.23223114433167744,-1.5545887544081713,-1.3166623230824706,-1.2536246699021734,-1.5820866640809166;-0.034747201949357986,0.09143999963998795,0.0;1.0,0.0,0.0,0.0
0.0;3.390574282476074,-0.228673242728226,-1.557837489721578,-1.3175075726408063,-1.2535014951873034,-1.5819376628186732;-0.03657599911093712,0.09143999963998795,0.0;1.0,0.0,0.0,0.0
0.0;3.3910482019109933,-0.22509232152441033,-1.5611155741176588,-1.3183315979357921,-1.2534042360133477,-1.5817924226300257;-0.03840479999780655,0.09143999963998795,0.0;1.0,0.0,0.0,0.0
0.0;3.3915131321837806,-0.22149100543757566,-1.5644185725053723,-1.3191376265936938,-1.253328938492992,-1.5816506560669583;-0.04023360460996628,0.09143999963998795,0.0;1.0,0.0,0.0,0.0
0.0;3.3919706573695922,-0.2178715013016083,-1.5677426885668948,-1.3199285347985388,-1.2532721292686537,-1.5815120992135483;-0.04206240177154541,0.09143999963998795,0.0;1.0,0.0,0.0,0.0
0.0;3.3924221925738745,-0.2142356613776892,-1.5710846658088171,-1.3207068711605114,-1.2532307466349082,-1.5813765075877917;-0.04389120265841484,0.09143999963998795,0.0;1.0,0.0,0.0,0.0
0.0;3.392868999328056,-0.2105850405093438,-1.5744417050664241,-1.32147488645546,-1.2532020868192084,-1.58124365446251;-0.04572000354528427,0.09143999963998795,0.0;1.0,0.0,0.0,0.0
0.0;3.393312202281289,-0.20692094633613722,-1.577811396449694,-1.3222345667819215,-1.2531837621928492,-1.5811133310907344;-0.0475488007068634,0.09143999963998795,0.0;1.0,0.0,0.0,0.0
0.0;3.3937528049241448,-0.2032444795995048,-1.5811916642670045,-1.3229876662274618,-1.2531736657377035,-1.58098534722042;-0.049377601593732834,0.09143999963998795,0.0;1.0,0.0,0.0,0.0
0.0;3.394191703075807,-0.19955656897359547,-1.5845807185889806,-1.3237357347180265,-1.2531699388332815,-1.5808595309307625;-0.051206402480602264,0.09143999963998795,0.0;1.0,0.0,0.0,0.0
0.0;3.394629696462894,-0.19585799960355135,-1.5879770135012015,-1.3244801416258631,-1.2531709415278967,-1.5807357276962268;-0.053035199642181396,0.09143999963998795,0.0;1.0,0.0,0.0,0.0
0.0;3.395067499174727,-0.19214943501462542,-1.5913792127595145,-1.3252220967310062,-1.2531752255272504,-1.5806137990025928;-0.05486399680376053,0.09143999963998795,0.0;1.0,0.0,0.0,0.0
0.0;3.3955057493940712,-0.1884314346191604,-1.5947861612133087,-1.32596266901774,-1.2531815103076145,-1.5804936208503533;-0.05669280141592026,0.09143999963998795,0.0;1.0,0.0,0.0,0.0
0.0;3.3959450180955795,-0.18470447256346084,-1.5981968569039384,-1.326702801982755,-1.2531886626221682,-1.5803750823756062;-0.05852159857749939,0.09143999963998795,0.0;1.0,0.0,0.0,0.0
0.0;3.3963858169833765,-0.18096894918376644,-1.601610431067121,-1.3274433292193615,-1.2531956783062086,-1.5802580846008294;-0.06035039946436882,0.09143999963998795,0.0;1.0,0.0,0.0,0.0
0.0;3.3968286054708545,-0.17722520269404884,-1.6050261293874926,-1.3281849874834306,-1.253201666436988,-1.5801425392873671;-0.06217920035123825,0.09143999963998795,0.0;1.0,0.0,0.0,0.0
0.0;3.3972737968790834,-0.1734735181112759,-1.608443296625711,-1.328928428586189,-1.253205835352219,-1.5800283678596256;-0.06400800496339798,0.09143999963998795,0.0;1.0,0.0,0.0,0.0
0.0;3.3977217637806834,-0.1697141372534084,-1.611861361295275,-1.3296742289350532,-1.2532074805082196,-1.5799155004184218;-0.06583680212497711,0.09143999963998795,0.0;1.0,0.0,0.0,0.0
0.0;3.3981728429285627,-0.16594726259358417,-1.6152798264180825,-1.3304228997059238,-1.2532059734650518,-1.5798038748101728;-0.06766560673713684,0.09143999963998795,0.0;1.0,0.0,0.0,0.0
0.0;3.3986273394848525,-0.16217306543580096,-1.618698257434825,-1.331174893864015,-1.2532007525630764,-1.5796934357857104;-0.06949440389871597,0.09143999963998795,0.0;1.0,0.0,0.0,0.0
0.0;3.399085530863212,-0.15839168934505324,-1.622116274685251,-1.3319306137278857,-1.253191314526973,-1.5795841342369623;-0.0713232010602951,0.09143999963998795,0.0;1.0,0.0,0.0,0.0
0.0;3.3995476702220975,-0.15460325265970987,-1.625533547384009,-1.3326904177173273,-1.2531772070408258,-1.5794759264901024;-0.07315200567245483,0.09143999963998795,0.0;1.0,0.0,0.0,0.0
0.0;3.400013989288464,-0.15080785620304538,-1.6289497836114617,-1.3334546241673035,-1.2531580226702006,-1.5793687737054927;-0.07498079538345337,0.09143999963998795,0.0;1.0,0.0,0.0,0.0
0.0;3.4004819951586387,-0.14699427388843164,-1.632382986017486,-1.3342269245301597,-1.253146864790353,-1.5792667513635943;-0.0768095925450325,0.09143999963998795,0.0;1.0,0.0,0.0,0.0
0.0;3.4013220547784564,-0.1431186949676343,-1.6358378494503563,-1.3351053289781567,-1.2530366661099748,-1.5791667622746444;-0.07863839715719223,0.09143999963998795,0.0;1.0,0.0,0.0,0.0
0.0;3.4022777812655907,-0.13913550317963636,-1.639252718436146,-1.336062436575348,-1.2528197599502966,-1.5790615537827515;-0.08046720176935196,0.09143999963998795,0.0;1.0,0.0,0.0,0.0
0.0;3.4031399542991263,-0.13511694482843764,-1.6426529755968216,-1.3370678186498632,-1.2525087121116925,-1.5789530072353672;-0.08229599893093109,0.09143999963998795,0.0;1.0,0.0,0.0,0.0
0.0;3.4038656212987246,-0.13110463415172346,-1.6460347306235616,-1.3381012601300954,-1.2521720659387645,-1.5788439363217202;-0.08412480354309082,0.09143999963998795,0.0;1.0,0.0,0.0,0.0
0.0;3.404503544782327,-0.12712197541767603,-1.649400317410097,-1.3391434466896368,-1.2518636997382955,-1.5787347478808806;-0.08595360070466995,0.09143999963998795,0.0;1.0,0.0,0.0,0.0
0.0;3.4051083157946995,-0.1231750145194946,-1.652756214121678,-1.3401765385089095,-1.2516010089633138,-1.5786241854635186;-0.08778239786624908,0.09143999963998795,0.0;1.0,0.0,0.0,0.0
0.0;3.4057067847663713,-0.11925579200858968,-1.6561054303762128,-1.3411892856142769,-1.2513767775215092,-1.5785113293445674;-0.08961120247840881,0.09143999963998795,0.0;1.0,0.0,0.0,0.0
0.0;3.406303131508675,-0.11535241468867603,-1.6594487050466373,-1.342178951839516,-1.2511762961074018,-1.5783966548489343;-0.09143999963998795,0.09143999963998795,0.0;1.0,0.0,0.0,0.0
0.0;3.406893956626097,-0.11145591413498764,-1.662786810716938,-1.3431491259235757,-1.250988204220681,-1.5782816769775267;-0.09326879680156708,0.09143999963998795,0.0;1.0,0.0,0.0,0.0
0.0;3.4074773815588126,-0.10756155991509408,-1.6661210438803602,-1.3441057958295228,-1.2508071172451172,-1.578168018424493;-0.09509759396314621,0.09143999963998795,0.0;1.0,0.0,0.0,0.0
0.0;3.408054618243863,-0.10366734649537558,-1.6694527659640472,-1.3450542525931095,-1.250631416051512,-1.5780567136157309;-0.09692639112472534,0.09143999963998795,0.0;1.0,0.0,0.0,0.0
0.0;3.4086282170483795,-0.09977223898364171,-1.6727829412148372,-1.345997893040195,-1.250460424644826,-1.577948053699844;-0.09875520318746567,0.09143999963998795,0.0;1.0,0.0,0.0,0.0
0.0;3.409200430831308,-0.09587526524942656,-1.6761120148811752,-1.346938506801705,-1.250293025445989,-1.5778418322679817;-0.1005840003490448,0.09143999963998795,0.0;1.0,0.0,0.0,0.0
0.0;3.409772722272234,-0.09197536993853944,-1.679440070760559,-1.3478770946976273,-1.2501276101161287,-1.5777376857827836;-0.10241279751062393,0.09143999963998795,0.0;1.0,0.0,0.0,0.0
0.0;3.4103459987844773,-0.08807157656583228,-1.6827670444667406,-1.34881450653857,-1.249962513606444,-1.5776353163804642;-0.10424160212278366,0.09143999963998795,0.0;1.0,0.0,0.0,0.0
0.0;3.4109209561401705,-0.08416312178517868,-1.686092849140137,-1.3497516832133514,-1.2497963263422107,-1.5775345533256622;-0.10607039928436279,0.09143999963998795,0.0;1.0,0.0,0.0,0.0
0.0;3.4114982509163774,-0.08024946174960441,-1.689417407451066,-1.3506896246327427,-1.2496279440010116,-1.5774353151573228;-0.10789919644594193,0.09143999963998795,0.0;1.0,0.0,0.0,0.0
0.0;3.4120785184381894,-0.07633020615482139,-1.6927406377551202,-1.3516292771299532,-1.2494564732266562,-1.5773375506745946;-0.10972800850868225,0.09143999963998795,0.0;1.0,0.0,0.0,0.0
0.0;3.4126623402237795,-0.0724050597252594,-1.6960624316805892,-1.3525714569245364,-1.2492811321793116,-1.577241202790968;-0.11155680567026138,0.09143999963998795,0.0;1.0,0.0,0.0,0.0
0.0;3.413250226283617,-0.06847378305806823,-1.699382654602408,-1.3535168411528355,-1.2491012019092358,-1.5771462010968857;-0.11338560283184052,0.09143999963998795,0.0;1.0,0.0,0.0,0.0
0.0;3.4138426215298936,-0.06453617782509793,-1.7027011573532733,-1.354465996068483,-1.2489160193937596,-1.5770524699350137;-0.11521440744400024,0.09143999963998795,0.0;1.0,0.0,0.0,0.0
0.0;3.4144399211450205,-0.06059208598994712,-1.706017785371148,-1.3554194088578835,-1.2487249838523262,-1.5769599382335568;-0.11704320460557938,0.09143999963998795,0.0;1.0,0.0,0.0,0.0
0.0;3.415042482749473,-0.05664138413827685,-1.7093323872157247,-1.3563775105419376,-1.2485275577063868,-1.5768685445725132;-0.11887200176715851,0.09143999963998795,0.0;1.0,0.0,0.0,0.0
0.0;3.41565063295975,-0.05268397374975715,-1.7126448201255864,-1.3573406878948255,-1.248323259612321,-1.5767782373961137;-0.12070081382989883,0.09143999963998795,0.0;1.0,0.0,0.0,0.0
0.0;3.416264670676453,-0.04871977998044059,-1.7159549457802865,-1.358309285838006,-1.248111654956434,-1.576688972966715;-0.12252961099147797,0.09143999963998795,0.0;1.0,0.0,0.0,0.0
0.0;3.416884870092494,-0.04474874295285141,-1.7192626323910636,-1.359283611883039,-1.2478923469139258,-1.5766007132154212;-0.1243584081530571,0.09143999963998795,0.0;1.0,0.0,0.0,0.0
0.0;3.4175114841543555,-0.04077081555946099,-1.7225677534910084,-1.3602639395365772,-1.2476649703236606,-1.5765134243675276;-0.12618719041347504,0.09143999963998795,0.0;1.0,0.0,0.0,0.0
0.0;3.4181447483973884,-0.03678595356043326,-1.7258701940283518,-1.3612505155640815,-1.2474291869808884,-1.5764270762120671;-0.12801599502563477,0.09143999963998795,0.0;1.0,0.0,0.0,0.0
0.0;3.4187848839964765,-0.0327941213603548,-1.7291698445508572,-1.3622435615094495,-1.2471846828428186,-1.5763416417264415;-0.1298447847366333,0.09143999963998795,0.0;1.0,0.0,0.0,0.0
0.0;3.419432100213156,-0.028795283327462326,-1.7324666066523398,-1.363243280081357,-1.2469311646098797,-1.5762570967388083;-0.13167360424995422,0.09143999963998795,0.0;1.0,0.0,0.0,0.0
0.0;3.4200865958459774,-0.024789414229886578,-1.7357603835378224,-1.3642498538790164,-1.2466683576654596,-1.5761734196233048;-0.13350239396095276,0.09143999963998795,0.0;1.0,0.0,0.0,0.0
0.0;3.4207485605070986,-0.02077648972650977,-1.7390510861079758,-1.3652634510610127,-1.246396003055146,-1.5760905909605156;-0.1353311985731125,0.09143999963998795,0.0;1.0,0.0,0.0,0.0
0.0;3.4214181757798245,-0.016756489975801352,-1.7423386293702183,-1.3662842257365462,-1.2461138555747553,-1.5760085932126389;-0.13715998828411102,0.09143999963998795,0.0;1.0,0.0,0.0,0.0
0.0;3.422095616476891,-0.01272939348172589,-1.7456229363465665,-1.3673123216167113,-1.2458216816886487,-1.5759274104069563;-0.13898879289627075,0.09143999963998795,0.0;1.0,0.0,0.0,0.0
0.0;3.4227810517469424,-0.008695179701089805,-1.7489039354510783,-1.3683478721545523,-1.2455192582258967,-1.5758470278740886;-0.14081759750843048,0.09143999963998795,0.0;1.0,0.0,0.0,0.0
0.0;3.4234746458785437,-0.004653829585652043,-1.7521815593157026,-1.3693910013190058,-1.2452063711980614,-1.575767432061868;-0.1426464021205902,0.09143999963998795,0.0;1.0,0.0,0.0,0.0
0.0;3.424176558887923,-0.0006053253181952336,-1.7554557444468135,-1.3704418245864327,-1.2448828146592497,-1.5756886104066;-0.14447520673274994,0.09143999963998795,0.0;1.0,0.0,0.0,0.0
0.0;3.4248869470298264,0.0034503501310662876,-1.7587264311102733,-1.371500449885991,-1.2445483896930425,-1.575610551234968;-0.14630401134490967,0.09143999963998795,0.0;1.0,0.0,0.0,0.0
0.0;3.4256059632960576,0.00751321335765332,-1.7619935631939778,-1.3725669783947794,-1.2442029035364248,-1.5755332436804304;-0.1481328159570694,0.09143999963998795,0.0;1.0,0.0,0.0,0.0
0.0;3.4263337578006285,0.011583278097258735,-1.7652570859194048,-1.373641504251141,-1.2438461689914513,-1.5754566776277308;-0.14996160566806793,0.09143999963998795,0.0;1.0,0.0,0.0,0.0
0.0;3.427070478290844,0.01566056144304975,-1.7685169503502964,-1.3747241173553584,-1.2434780033218302,-1.5753808436328545;-0.15179041028022766,0.09143999963998795,0.0;1.0,0.0,0.0,0.0
0.0;3.427816270704337,0.019745080871936355,-1.7717731109332138,-1.3758149026664475,-1.2430982277976688,-1.5753057328473548;-0.1536192148923874,0.09143999963998795,0.0;1.0,0.0,0.0,0.0
0.0;3.42857127954109,0.02383685328490537,-1.7750255243179236,-1.3769139402517712,-1.2427066672260365,-1.5752313369729647;-0.15544801950454712,0.09143999963998795,0.0;1.0,0.0,0.0,0.0
0.0;3.4293356480086397,0.027935892283574227,-1.7782741469469538,-1.378021304779316,-1.2423031495772754,-1.5751576482563758;-0.15727680921554565,0.09143999963998795,0.0;1.0,0.0,0.0,0.0
0.0;3.430109518282736,0.03204221450187529,-1.7815189397320708,-1.379137068306163,-1.2418875050491793,-1.5750846594529788;-0.15910561382770538,0.09143999963998795,0.0;1.0,0.0,0.0,0.0
0.0;3.43089303192379,0.03615583677237627,-1.7847598658346686,-1.380261299581243,-1.2414595657868248,-1.5750123637757574;-0.1609344184398651,0.09143999963998795,0.0;1.0,0.0,0.0,0.0
0.0;3.4316863300788056,0.040276772607217355,-1.7879968875936367,-1.3813940631142803,-1.2410191657648226,-1.574940754873566;-0.16276320815086365,0.09143999963998795,0.0;1.0,0.0,0.0,0.0
0.0;3.4324895536838183,0.044405038281377915,-1.7912299710193105,-1.3825354217722112,-1.2405661399794492,-1.574869826787239;-0.16459201276302338,0.09143999963998795,0.0;1.0,0.0,0.0,0.0
0.0;3.4333028437934137,0.04854064998905244,-1.794459083640697,-1.3836854360098618,-1.2401003242474122,-1.5747995739001703;-0.1664208173751831,0.09143999963998795,0.0;1.0,0.0,0.0,0.0
0.0;3.434126341781204,0.052683623037401636,-1.7976841936027528,-1.3848441638393505,-1.2396215549899918,-1.574729990904037;-0.16824962198734283,0.09143999963998795,0.0;1.0,0.0,0.0,0.0
0.0;3.434960189368489,0.0568339691901307,-1.8009052674758643,-1.3860116601854378,-1.2391296691098674,-1.5746610727922012;-0.17007841169834137,0.09143999963998795,0.0;1.0,0.0,0.0,0.0
0.0;3.4358045287344754,0.06099170303692079,-1.8041222750233576,-1.387187979499482,-1.2386245032876928,-1.5745928148197665;-0.1719072163105011,0.09143999963998795,0.0;1.0,0.0,0.0,0.0
0.0;3.4366595027605813,0.06515683647872467,-1.807335185063313,-1.388373173936035,-1.2381058941034717,-1.5745252124684879;-0.17373600602149963,0.09143999963998795,0.0;1.0,0.0,0.0,0.0
0.0;3.4375252552043585,0.06932938399422116,-1.8105439692378884,-1.389567295433653,-1.2375736775282653,-1.5744582613955418;-0.17556481063365936,0.09143999963998795,0.0;1.0,0.0,0.0,0.0
0.0;3.438401930947242,0.0735093595224102,-1.8137485997372802,-1.3907703946919778,-1.2370276888948384,-1.5743919573915826;-0.1773936152458191,0.09143999963998795,0.0;1.0,0.0,0.0,0.0
0.0;3.439289676064845,0.0776967756641177,-1.816949048488392,-1.3919825210212877,-1.2364677628076686,-1.574326296362336;-0.17922241985797882,0.09143999963998795,0.0;1.0,0.0,0.0,0.0
0.0;3.4401886377442152,0.08189164110867127,-1.8201452851163693,-1.393203721617189,-1.2358937331440543,-1.57426127433811;-0.18105120956897736,0.09143999963998795,0.0;1.0,0.0,0.0,0.0
0.0;3.4410989642040004,0.0860939644376982,-1.8233372797564869,-1.3944340431549676,-1.2353054326582038,-1.5741968874648427;-0.1828799992799759,0.09143999963998795,0.0;1.0,0.0,0.0,0.0
0.0;3.441509122375067,0.09008582876076726,-1.8263150853431906,-1.3955987105132326,-1.2347298975837273,-1.574136119452923;-0.1828799992799759,0.08959272503852844,0.0;1.0,0.0,0.0,0.0
0.0;3.441200118703718,0.09367487200437172,-1.82895373862768,-1.3966410915198195,-1.2342912379765767,-1.5740833063553403;-0.1828799992799759,0.08774545043706894,0.0;1.0,0.0,0.0,0.0
0.0;3.4402565632733046,0.09675859088127396,-1.8312585413062266,-1.3975224198730218,-1.2341240361514525,-1.574038649027313;-0.1828799992799759,0.08589818328619003,0.0;1.0,0.0,0.0,0.0
0.0;3.4388619343021842,0.09933276041281118,-1.8332947502896213,-1.398210263614466,-1.2343022858105523,-1.5739972334908763;-0.1828799992799759,0.08405090868473053,0.0;1.0,0.0,0.0,0.0
0.0;3.4371586748546363,0.10146003515358344,-1.835130678967387,-1.398679516295663,-1.234827599781045,-1.5739532276494397;-0.1828799992799759,0.08220363408327103,0.0;1.0,0.0,0.0,0.0
0.0;3.435218135473515,0.10322640794587598,-1.8368181148916705,-1.3989197000242768,-1.235659217732721,-1.5739044814383163;-0.1828799992799759,0.08035635948181152,0.0;1.0,0.0,0.0,0.0
0.0;3.4330674039285136,0.10470990305348488,-1.8383934313650727,-1.39893767640927,-1.236749287767162,-1.5738537517460967;-0.1828799992799759,0.07850909233093262,0.0;1.0,0.0,0.0,0.0
0.0;3.4307203118003766,0.10596853078484142,-1.839883461013461,-1.39875273993534,-1.2380615385701996,-1.5738066118481053;-0.1828799992799759,0.07666181772947311,0.0;1.0,0.0,0.0,0.0
0.0;3.428192222448232,0.10704194677287286,-1.8413092489900642,-1.39838834476592,-1.2395729031297817,-1.5737684264204046;-0.1828799992799759,0.07481454312801361,0.0;1.0,0.0,0.0,0.0
0.0;3.4255014372030215,0.10795805979684218,-1.8426873182717391,-1.3978657079127903,-1.2412676098903217,-1.5737424564872233;-0.1828799992799759,0.07296726852655411,0.0;1.0,0.0,0.0,0.0
0.0;3.4226660658268178,0.10873865243837738,-1.844030116212202,-1.397201423736108,-1.243131816779171,-1.5737296297251087;-0.1828799992799759,0.0711199939250946,0.0;1.0,0.0,0.0,0.0
0.0;3.4197018104225885,0.10940221070630882,-1.8453466722836036,-1.3964081435546858,-1.2451515351737712,-1.5737293461909072;-0.1828799992799759,0.0692727267742157,0.0;1.0,0.0,0.0,0.0
0.0;3.4166216886901495,0.10996471184084335,-1.8466434968167795,-1.3954962967376678,-1.2473129043022617,-1.5737404395906682;-0.1828799992799759,0.0674254521727562,0.0;1.0,0.0,0.0,0.0
0.0;3.4134367260939085,0.11043966815812091,-1.847925384994246,-1.3944754033219453,-1.249603050994973,-1.5737617768819507;-0.1828799992799759,0.06557817757129669,0.0;1.0,0.0,0.0,0.0
0.0;3.4101566315220055,0.1108382193213862,-1.849195932301697,-1.3933545706395836,-1.2520105344743508,-1.5737924339063656;-0.1828799992799759,0.06373090296983719,0.0;1.0,0.0,0.0,0.0
0.0;3.406790136180597,0.1111694460503993,-1.8504577973164114,-1.392142438374735,-1.254525278192719,-1.5738316287854361;-0.1828799992799759,0.06188363581895828,0.0;1.0,0.0,0.0,0.0
0.0;3.4033450933047327,0.11144077956393993,-1.8517128447621574,-1.3908469765981186,-1.2571382837574274,-1.5738786083858993;-0.1828799992799759,0.06003636121749878,0.0;1.0,0.0,0.0,0.0
0.0;3.399828531082613,0.1116583612943549,-1.8529622688294118,-1.389475375250553,-1.2598413834637903,-1.5739325874002301;-0.1828799992799759,0.058189086616039276,0.0;1.0,0.0,0.0,0.0
0.0;3.3962467301112236,0.111827304466672,-1.8542067277123209,-1.3880340670273117,-1.2626271082119729,-1.5739927486407375;-0.1828799992799759,0.05634181573987007,0.0;1.0,0.0,0.0,0.0
0.0;3.392605317240918,0.11195187754841072,-1.8554464768769423,-1.3865288237513278,-1.2654886334866289,-1.5740582729398735;-0.1828799992799759,0.05449454113841057,0.0;1.0,0.0,0.0,0.0
0.0;3.3889093566524253,0.1120356436115245,-1.8566814819175654,-1.3849648590246912,-1.2684197462830746,-1.5741283687339724;-0.1828799992799759,0.052647266536951065,0.0;1.0,0.0,0.0,0.0
0.0;3.3851634206522605,0.11208157885540117,-1.8579115034877516,-1.3833469055219998,-1.2714148023370166,-1.5742022885855531;-0.1828799992799759,0.05079999566078186,0.0;1.0,0.0,0.0,0.0
0.0;3.3813716405285414,0.11209217701857423,-1.859136158021545,-1.3816792664837154,-1.2744686725989203,-1.574279333663834;-0.1828799992799759,0.048952724784612656,0.0;1.0,0.0,0.0,0.0
0.0;3.377537749566654,0.1120695377044283,-1.8603549620683668,-1.3799658527330356,-1.2775766893372804,-1.5743588520838014;-0.1828799992799759,0.04710545018315315,0.0;1.0,0.0,0.0,0.0
0.0;3.3736651269667948,0.11201543725979925,-1.861567366369547,-1.3782102147679873,-1.2807345988761523,-1.5744402358479732;-0.1828799992799759,0.04525817930698395,0.0;1.0,0.0,0.0,0.0
0.0;3.369756834004255,0.11193138603641797,-1.8627727828991074,-1.376415574611377,-1.2839385214932992,-1.5745229183858356;-0.1828799992799759,0.043410904705524445,0.0;1.0,0.0,0.0,0.0
0.0;3.3658156499744174,0.11181867359796994,-1.863970606020407,-1.3745848567026384,-1.2871849175318797,-1.5746063727691266;-0.1828799992799759,0.04156363010406494,0.0;1.0,0.0,0.0,0.0
0.0;3.3618441044445144,0.11167840539352078,-1.8651602284951978,-1.3727207166676942,-1.290470556755166,-1.574690110079376;-0.1828799992799759,0.039716362953186035,0.0;1.0,0.0,0.0,0.0
0.0;3.3578444987522387,0.11151153427585517,-1.8663410531398716,-1.3708255677702297,-1.2937924897818804,-1.5747736775802854;-0.1828799992799759,0.03786909207701683,0.0;1.0,0.0,0.0,0.0
0.0;3.353818927989111,0.11131888594637301,-1.8675125011330624,-1.3689016042468223,-1.2971480226854992,-1.5748566566172228;-0.1828799992799759,0.03602181375026703,0.0;1.0,0.0,0.0,0.0
0.0;3.349769308030678,0.11110117862313465,-1.8686740177189494,-1.3669508214856831,-1.3005346938494864,-1.5749386603183093;-0.1828799992799759,0.03417454659938812,0.0;1.0,0.0,0.0,0.0
0.0;3.3456973870295954,0.11085904157571987,-1.8698250758062551,-1.3649750350928043,-1.3039502517233952,-1.5750193312701966;-0.1828799992799759,0.03232727199792862,0.0;1.0,0.0,0.0,0.0
0.0;3.3416047633587325,0.11059302905965233,-1.870965178093746,-1.3629758977555109,-1.3073926359955692,-1.5750983392608462;-0.1828799992799759,0.030479995533823967,0.0;1.0,0.0,0.0,0.0
0.0;3.337492903030824,0.11030363147492205,-1.8720938582348259,-1.36095491438671,-1.3108599601975943,-1.575175379111778;-0.1828799992799759,0.028632724657654762,0.0;1.0,0.0,0.0,0.0
0.0;3.3333585434883406,0.1099910700560732,-1.8732118034124097,-1.358911515403638,-1.3143537172973467,-1.575250241798447;-0.1828799992799759,0.02678545005619526,0.0;1.0,0.0,0.0,0.0
0.0;3.3291867778700146,0.10963926622294935,-1.8743085253195726,-1.3568374946568111,-1.3178810027575882,-1.575345447603183;-0.1828799992799759,0.024938177317380905,0.0;1.0,0.0,0.0,0.0
0.0;3.3248005168108272,0.10917024544102052,-1.8752779420964605,-1.3547337135184143,-1.321483039611515,-1.5754406193589054;-0.1828799992799759,0.023090910166502,0.0;1.0,0.0,0.0,0.0
0.0;3.3202683741024397,0.10863974448052593,-1.8761896867073053,-1.352580431061242,-1.3252309558767863,-1.575515179586593;-0.1828799992799759,0.021243635565042496,0.0;1.0,0.0,0.0,0.0
0.0;3.3157135259836146,0.10804649095559109,-1.8770909542384853,-1.3503499314397782,-1.3290794432451682,-1.575608366905829;-0.1828799992799759,0.019396360963582993,0.0;1.0,0.0,0.0,0.0
0.0;3.3111952964837696,0.10742816040847927,-1.878024507516345,-1.3481096778150865,-1.3330009311556492,-1.575678030103722;-0.1828799992799759,0.01754908449947834,0.0;1.0,0.0,0.0,0.0
0.0;3.306714682383224,0.1068094005283505,-1.8789802373599058,-1.3458710437276584,-1.3369492246302321,-1.5757224935935392;-0.1828799992799759,0.015701809898018837,0.0;1.0,0.0,0.0,0.0
0.0;3.302253503651809,0.10619938614221788,-1.8799371708722192,-1.343629096192535,-1.3408923442227492,-1.5757529658905036;-0.1828799992799759,0.013854536227881908,0.0;1.0,0.0,0.0,0.0
0.0;3.297798666159927,0.10559454822469569,-1.880882229922262,-1.3413814606970271,-1.3448197040103425,-1.5757797475017694;-0.1828799992799759,0.012007270008325577,0.0;1.0,0.0,0.0,0.0
0.0;3.29334633474585,0.10498629064064988,-1.881811072361846,-1.3391302965820908,-1.3487343581999218,-1.5758078997742198;-0.1828799992799759,0.010159995406866074,0.0;1.0,0.0,0.0,0.0
0.0;3.2888971154761455,0.10436725316657601,-1.8827235761617414,-1.3368784555519477,-1.352642711160773,-1.5758378482455868;-0.1828799992799759,0.008312719874083996,0.0;1.0,0.0,0.0,0.0
0.0;3.2844516815003395,0.10373360191914195,-1.8836203008306742,-1.3346269915767235,-1.3565489340473331,-1.5758676199833996;-0.1828799992799759,0.006465453188866377,0.0;1.0,0.0,0.0,0.0
0.0;3.2800095247983614,0.10308431271585172,-1.8845012451489385,-1.3323752795612294,-1.3604543286748416,-1.575894829588264;-0.1828799992799759,0.004618179053068161,0.0;1.0,0.0,0.0,0.0
0.0;3.2755695696156675,0.10241951695309712,-1.885366003740935,-1.3301221943928474,-1.364358798445537,-1.5759177284932808;-0.1828799992799759,0.002770904451608658,0.0;1.0,0.0,0.0,0.0
0.0;3.271130937189209,0.10173934507102864,-1.8862141881114256,-1.32786694199539,-1.3682621480788426,-1.575935409783173;-0.1828799992799759,0.0009236372425220907,0.0;1.0,0.0,0.0,0.0
0.0;3.266693176779067,0.10104358849576947,-1.8870455970137543,-1.3256091978254243,-1.3721645253867478,-1.5759475680497503;-0.1828799992799759,-0.0009236372425220907,0.0;1.0,0.0,0.0,0.0
0.0;3.26225611874592,0.10033183785771331,-1.8878601607991785,-1.3233488713117119,-1.376066303021282,-1.5759541766700043;-0.1828799992799759,-0.0027709119021892548,0.0;1.0,0.0,0.0,0.0
0.0;3.2578196682123517,0.09960369580056215,-1.8886578390925823,-1.3210858714888967,-1.379967855453994,-1.575955267554699;-0.1828799992799759,-0.004618186503648758,0.0;1.0,0.0,0.0,0.0
0.0;3.253383707362445,0.0988588771939619,-1.889438573601565,-1.3188200245377641,-1.383869454525205,-1.5759508409310161;-0.1828799992799759,-0.006465460639446974,0.0;1.0,0.0,0.0,0.0
0.0;3.248948097721634,0.0980972016388282,-1.8902022956549922,-1.3165511057778463,-1.3877712809218723,-1.575940857474445;-0.1828799992799759,-0.008312735706567764,0.0;1.0,0.0,0.0,0.0
0.0;3.2445127149658717,0.09731854876441935,-1.890948949264724,-1.3142788975178799,-1.391673471754031,-1.5759252587786714;-0.1828799992799759,-0.010160010308027267,0.0;1.0,0.0,0.0,0.0
0.0;3.240077473202122,0.09652282552144639,-1.891678502975968,-1.3120032206138013,-1.395576150174055,-1.5759039853466257;-0.1828799992799759,-0.012007269077003002,0.0;1.0,0.0,0.0,0.0
0.0;3.235622838544756,0.09568930915758493,-1.892378523161938,-1.3097145505520724,-1.3994894995551679,-1.5759013984760768;-0.1828799992799759,-0.013854543678462505,0.0;1.0,0.0,0.0,0.0
0.0;3.2311757932061274,0.0948315706696726,-1.8930534566795993,-1.307420077930089,-1.4033999410478835,-1.575900178289931;-0.1828799992799759,-0.015701819211244583,0.0;1.0,0.0,0.0,0.0
0.0;3.228084233973021,0.0944336473411365,-1.8941482052541114,-1.3050880680022168,-1.406822938909197,-1.5759405776899973;-0.1828799992799759,-0.017549093812704086,0.0;1.0,0.0,0.0,0.0
0.0;3.2258191890660903,0.09432298702827775,-1.895267619756071,-1.3027763926988274,-1.4095858393750986,-1.5759454471689878;-0.1828799992799759,-0.019396375864744186,0.0;1.0,0.0,0.0,0.0
0.0;3.2235284786003797,0.0943148956394749,-1.8962179204542289,-1.3006939329531149,-1.4119465548791832,-1.57592328174219;-0.1828799992799759,-0.02124364860355854,0.0;1.0,0.0,0.0,0.0
0.0;3.220795043963514,0.09418622516239587,-1.8970167094132535,-1.2988856133797777,-1.4141403807493615,-1.5759075330851295;-0.1828799992799759,-0.02309090830385685,0.0;1.0,0.0,0.0,0.0
0.0;3.217667359644958,0.09393712403074532,-1.897763437614512,-1.2972507532864694,-1.4163853238115152,-1.5758869451381086;-0.1828799992799759,-0.024938182905316353,0.0;1.0,0.0,0.0,0.0
0.0;3.2143137302006877,0.09355042290717015,-1.8985081790439708,-1.295630902812381,-1.4187438822047502,-1.5758716352076274;-0.1828799992799759,-0.026785457506775856,0.0;1.0,0.0,0.0,0.0
0.0;3.2108577273763683,0.09309089606064742,-1.8993078676057056,-1.2939525254497803,-1.4211849096819433,-1.5758245010567533;-0.1828799992799759,-0.02863273210823536,0.0;1.0,0.0,0.0,0.0
0.0;3.207385569291472,0.09261565632973587,-1.9000598395775863,-1.2921588206066656,-1.4237872552339326,-1.575763989600279;-0.1828799992799759,-0.030480006709694862,0.0;1.0,0.0,0.0,0.0
0.0;3.2038910581141833,0.092082483643223,-1.900824958360544,-1.2902324727522705,-1.426474673731373,-1.575700850303184;-0.1828799992799759,-0.03232727199792862,0.0;1.0,0.0,0.0,0.0
0.0;3.2003525485960918,0.09148864358694503,-1.9015749078919173,-1.2881907985481085,-1.4292203028449895,-1.5756516664550728;-0.1828799992799759,-0.03417454659938812,0.0;1.0,0.0,0.0,0.0
0.0;3.1967384204289084,0.09084893211004591,-1.902350526815121,-1.286124466094627,-1.4320004320806614,-1.5755863163711727;-0.1828799992799759,-0.03602181375026703,0.0;1.0,0.0,0.0,0.0
0.0;3.1930841868476216,0.09018605695101113,-1.9030676134548647,-1.284018394202337,-1.4348812118465768,-1.5755285763313798;-0.1828799992799759,-0.03786909580230713,0.0;1.0,0.0,0.0,0.0
0.0;3.189377598759326,0.08946796450605127,-1.9037808434901415,-1.2818711963166916,-1.4378067430945665,-1.5754782064722337;-0.1828799992799759,-0.039716362953186035,0.0;1.0,0.0,0.0,0.0
0.0;3.1856422624993845,0.08870651980918459,-1.904518689599538,-1.2796669109056513,-1.4407778615194882,-1.5754116033258243;-0.1828799992799759,-0.041563648730516434,0.0;1.0,0.0,0.0,0.0
0.0;3.181880883981782,0.08792407415027836,-1.9052414862988676,-1.2773948886420892,-1.4437956924593112,-1.575337883164449;-0.1828799992799759,-0.04341091588139534,0.0;1.0,0.0,0.0,0.0
0.0;3.1780819671366736,0.08710788568912535,-1.9059577038116857,-1.2750952527783062,-1.4468555861243801,-1.5752617868868257;-0.1828799992799759,-0.045258183032274246,0.0;1.0,0.0,0.0,0.0
0.0;3.1742531993727114,0.0862719317426553,-1.9066671662073633,-1.272772932226618,-1.449965168773155,-1.5751699583572316;-0.1828799992799759,-0.047105465084314346,0.0;1.0,0.0,0.0,0.0
0.0;3.1703899785073615,0.08541661299535422,-1.9073897605990537,-1.2704247938552318,-1.4530944066850429,-1.5750521110989577;-0.1828799992799759,-0.048952728509902954,0.0;1.0,0.0,0.0,0.0
0.0;3.1664963008818194,0.08456128120969436,-1.9080803675644724,-1.2680632283501394,-1.4562624252376037,-1.5749191580363069;-0.1828799992799759,-0.050800010561943054,0.0;1.0,0.0,0.0,0.0
0.0;3.1625992033704,0.08366117056988927,-1.9087738330164257,-1.265642822016258,-1.459448853180546,-1.574804708001638;-0.1828799992799759,-0.05264727771282196,0.0;1.0,0.0,0.0,0.0
0.0;3.1586973057029315,0.08273383615388027,-1.909448279248241,-1.2631724180791284,-1.4626655361402028,-1.5747003301411053;-0.1828799992799759,-0.05449454486370087,0.0;1.0,0.0,0.0,0.0
0.0;3.154772101960441,0.08177488035682941,-1.9101178143613529,-1.2606984521009954,-1.4659134202405344,-1.574587111642695;-0.1828799992799759,-0.05634182691574097,0.0;1.0,0.0,0.0,0.0
0.0;3.1508263342562817,0.08079239139726518,-1.9107727952447313,-1.2582171960514652,-1.4691941605928758,-1.5744691329401228;-0.1828799992799759,-0.05818909406661987,0.0;1.0,0.0,0.0,0.0
0.0;3.1474291254398095,0.07977182530518794,-1.9114544410604495,-1.2562030250814091,-1.4721640181419284,-1.574351648626187;-0.1828799992799759,-0.06003637611865997,0.0;1.0,0.0,0.0,0.0
0.0;3.143725674601697,0.07790636639260572,-1.912763100871473,-1.2551796197578458,-1.4757476301199688,-1.5741489156955097;-0.1828799992799759,-0.06188364326953888,0.0;1.0,0.0,0.0,0.0
0.0;3.13917039820751,0.07598612971986582,-1.913909057173132,-1.2548240860291875,-1.479393698007547,-1.5742144534818023;-0.1828799992799759,-0.06373092532157898,0.0;1.0,0.0,0.0,0.0
0.0;3.1347765785086508,0.0742896866015626,-1.9150764299638887,-1.253754037174342,-1.4825493620142438,-1.574060464412646;-0.1828799992799759,-0.06557817757129669,0.0;1.0,0.0,0.0,0.0
0.0;3.131655845852138,0.07309257141485735,-1.9158721476647798,-1.2529860491079063,-1.4850337223677268,-1.5737119889576172;-0.1828799992799759,-0.06742545962333679,0.0;1.0,0.0,0.0,0.0
0.0;3.1294077730046417,0.07208473941471877,-1.916518931142266,-1.2527002026827485,-1.4868977902787273,-1.5733522155027349;-0.1828799992799759,-0.0692727267742157,0.0;1.0,0.0,0.0,0.0
0.0;3.1274571142321297,0.0713743594895365,-1.9169644423322842,-1.2524876513357157,-1.4880448272957887,-1.5730856673291995;-0.1828799992799759,-0.0711200088262558,0.0;1.0,0.0,0.0,0.0
0.0;3.125454401462637,0.07087714063963542,-1.917174826574819,-1.2525356063903046,-1.4887219327329315,-1.5729201129598516;-0.1828799992799759,-0.0729672759771347,0.0;1.0,0.0,0.0,0.0
0.0;3.1234245797094964,0.0703002746886594,-1.9172324383808885,-1.2523979786674018,-1.4893000719846683,-1.5729697884154024;-0.1828799992799759,-0.0748145654797554,0.0;1.0,0.0,0.0,0.0
0.0;3.121333517960639,0.06973646980627712,-1.9173258697866518,-1.2519530373780239,-1.4900057047483213,-1.5729710142547881;-0.1828799992799759,-0.07666182518005371,0.0;1.0,0.0,0.0,0.0
0.0;3.119141609486295,0.06919029496419912,-1.9175043063981216,-1.2511976273941057,-1.4908932418294039,-1.5728832819893985;-0.1828799992799759,-0.07850909233093262,0.0;1.0,0.0,0.0,0.0
0.0;3.1168261234163213,0.06863109123882781,-1.9177612797528607,-1.2501867472452257,-1.4919563984545832,-1.572747531355072;-0.1828799992799759,-0.08035637438297272,0.0;1.0,0.0,0.0,0.0
0.0;3.1143865048307826,0.0680308629160482,-1.918075185632542,-1.2489800366855244,-1.4931770985528987,-1.5726080851966753;-0.1828799992799759,-0.08220364153385162,0.0;1.0,0.0,0.0,0.0
0.0;3.111836311327481,0.0673752500898147,-1.9184289474778995,-1.247618193155986,-1.4945362246441316,-1.5724872891019537;-0.1828799992799759,-0.08405092358589172,0.0;1.0,0.0,0.0,0.0
0.0;3.1091929527982543,0.06666245440656013,-1.9188123989643433,-1.2461230938829113,-1.4960161718757987,-1.5723877481358786;-0.1828799992799759,-0.08589819073677063,0.0;1.0,0.0,0.0,0.0
0.0;3.1064713881117867,0.06589749695004751,-1.9192198581644635,-1.2445064499138343,-1.4976018952707126,-1.5723024257693172;-0.1828799992799759,-0.08774545788764954,0.0;1.0,0.0,0.0,0.0
0.0;3.103682397944981,0.06508692677506506,-1.9196480152784068,-1.242777104684623,-1.4992811858702275,-1.5722227965909432;-0.1828799992799759,-0.08959272503852844,0.0;1.0,0.0,0.0,0.0
0.0;3.100834310936573,0.0642649038834835,-1.9201103174598109,-1.2409310523392942,-1.5010426523352176,-1.572144023614804;-0.1828799992799759,-0.09143999963998795,0.0;1.0,0.0,0.0,0.0
0.0;3.0985501201049734,0.06309546232761355,-1.9203621711070513,-1.2388973975742996,-1.50287383331482,-1.572062794716621;-0.1810692995786667,-0.09143999963998795,0.0;1.0,0.0,0.0,0.0
0.0;3.0970410914197717,0.06141525934446863,-1.9202259141188909,-1.2366639448839223,-1.5046460852246366,-1.5719817151773439;-0.17925861477851868,-0.09143999963998795,0.0;1.0,0.0,0.0,0.0
0.0;3.0961201154314795,0.05924422995626384,-1.9196261444508886,-1.2343060578228935,-1.5062129059227747,-1.5719057807207462;-0.17744791507720947,-0.09143999963998795,0.0;1.0,0.0,0.0,0.0
0.0;3.095504838023098,0.056678387353418264,-1.918581945483651,-1.231931603902733,-1.5074938890232534,-1.5718390888783842;-0.17563723027706146,-0.09143999963998795,0.0;1.0,0.0,0.0,0.0
0.0;3.0950086482315893,0.05381473646756092,-1.9171668613203174,-1.2296278493584036,-1.5084896987420489,-1.571783392945888;-0.17382653057575226,-0.09143999963998795,0.0;1.0,0.0,0.0,0.0
0.0;3.0945681889633057,0.05072837358457341,-1.9154660117381215,-1.2274390389030083,-1.5092470601135253,-1.5717383346741958;-0.17201583087444305,-0.09143999963998795,0.0;1.0,0.0,0.0,0.0
0.0;3.0941891676837825,0.0474757736104483,-1.913550420761904,-1.2253722305521098,-1.509817865806499,-1.5717024633337626;-0.17020514607429504,-0.09143999963998795,0.0;1.0,0.0,0.0,0.0
0.0;3.093890790867081,0.04410157382541547,-1.9114700281324222,-1.2234153712660496,-1.5102385814587191,-1.5716741934327698;-0.16839444637298584,-0.09143999963998795,0.0;1.0,0.0,0.0,0.0
0.0;3.093680081815525,0.0406413762684063,-1.9092577558813457,-1.2215532485911438,-1.510529689037108,-1.5716523103353233;-0.16658376157283783,-0.09143999963998795,0.0;1.0,0.0,0.0,0.0
0.0;3.0935508205185704,0.03712212711017961,-1.9069363842465143,-1.2197752158787374,-1.5107033622576553,-1.5716360480934182;-0.16477306187152863,-0.09143999963998795,0.0;1.0,0.0,0.0,0.0
0.0;3.0934914523624655,0.03356291194882752,-1.9045235864271506,-1.2180757450074766,-1.5107699111492625,-1.5716249443437897;-0.16296237707138062,-0.09143999963998795,0.0;1.0,0.0,0.0,0.0
0.0;3.093491449302354,0.02997685507395059,-1.9020342039725717,-1.2164517933840846,-1.5107400948209446,-1.5716186647484964;-0.1611516773700714,-0.09143999963998795,0.0;1.0,0.0,0.0,0.0
0.0;3.0935433631925684,0.02637330076778968,-1.8994808195452633,-1.2149003316612905,-1.5106246849149356,-1.571616893815004;-0.1593409776687622,-0.09143999963998795,0.0;1.0,0.0,0.0,0.0
0.0;3.0936421205555185,0.02275938646101426,-1.89687382896762,-1.2134173432084445,-1.5104334523552767,-1.5716193016892868;-0.1575302928686142,-0.09143999963998795,0.0;1.0,0.0,0.0,0.0
0.0;3.0937837122735043,0.01914078734767082,-1.894221612360882,-1.2119980290213945,-1.5101747105993122,-1.5716255548753109;-0.155719593167305,-0.09143999963998795,0.0;1.0,0.0,0.0,0.0
0.0;3.0939643811771456,0.015521953800402903,-1.8915308881897466,-1.2106374358346874,-1.5098554614416069,-1.571635336862372;-0.15390890836715698,-0.09143999963998795,0.0;1.0,0.0,0.0,0.0
0.0;3.0941804265553614,0.011906196749315971,-1.8888070927234775,-1.2093309248408222,-1.5094817571864134,-1.571648360543054;-0.15209820866584778,-0.09143999963998795,0.0;1.0,0.0,0.0,0.0
0.0;3.094428307578033,0.008295838357198179,-1.8860546887239444,-1.2080743292252767,-1.5090589824901137,-1.5716643697470478;-0.15028750896453857,-0.09143999963998795,0.0;1.0,0.0,0.0,0.0
0.0;3.0947047743538136,0.004692433241824522,-1.8832773758544497,-1.2068639021192267,-1.508591983978651,-1.5716831347033005;-0.14847682416439056,-0.09143999963998795,0.0;1.0,0.0,0.0,0.0
0.0;3.0950069226153474,0.0010969845804268121,-1.8804782263445146,-1.205696207024101,-1.5080851082448012,-1.5717044466709442;-0.14666612446308136,-0.09143999963998795,0.0;1.0,0.0,0.0,0.0
0.0;3.095331972695856,-0.0024898752889007548,-1.8776599568769545,-1.2045677423269459,-1.5075425130376834,-1.5717281424142093;-0.14485543966293335,-0.09143999963998795,0.0;1.0,0.0,0.0,0.0
0.0;3.095677981628694,-0.0060676328943901495,-1.8748245129403909,-1.2034761464687933,-1.5069671061008727,-1.5717541069897036;-0.14304473996162415,-0.09143999963998795,0.0;1.0,0.0,0.0,0.0
0.0;3.096042787312341,-0.009636308989986457,-1.8719736244207266,-1.2024184406222578,-1.506362091404729,-1.5717820248234355;-0.14123405516147614,-0.09143999963998795,0.0;1.0,0.0,0.0,0.0
0.0;3.0964244556469422,-0.013195896760204271,-1.8691088335105335,-1.2013919953839653,-1.505730266494442,-1.5718117420157773;-0.13942335546016693,-0.09143999963998795,0.0;1.0,0.0,0.0,0.0
0.0;3.096821262237439,-0.01674643023371037,-1.8662314713021924,-1.2003944774408406,-1.5050741072448037,-1.5718431640381187;-0.13761267066001892,-0.09143999963998795,0.0;1.0,0.0,0.0,0.0
0.0;3.097231669133814,-0.02028802102872254,-1.863342676244269,-1.1994237854271366,-1.5043958240062862,-1.5718762035784262;-0.13580197095870972,-0.09143999963998795,0.0;1.0,0.0,0.0,0.0
0.0;3.0976542951762167,-0.02382084564656348,-1.8604434236056935,-1.1984780073170103,-1.5036974022513396,-1.5719107657611255;-0.1339912712574005,-0.09143999963998795,0.0;1.0,0.0,0.0,0.0
0.0;3.098087891474776,-0.027345119451836902,-1.8575345554700995,-1.1975553957122245,-1.5029806310173603,-1.5719467512696084;-0.1321805864572525,-0.09143999963998795,0.0;1.0,0.0,0.0,0.0
0.0;3.0985313283411595,-0.030861082704157987,-1.854616800657546,-1.1966543505550131,-1.5022471239293407,-1.5719840635803712;-0.1303698867559433,-0.09143999963998795,0.0;1.0,0.0,0.0,0.0
0.0;3.098983580805381,-0.034368981264631726,-1.8516907990057123,-1.1957734113203782,-1.501498337981272,-1.572022614043415;-0.1285592019557953,-0.09143999963998795,0.0;1.0,0.0,0.0,0.0
0.0;3.099443722345953,-0.03786906290728706,-1.848757112254284,-1.1949112460143188,-1.5007355895685246,-1.5720623236931575;-0.12674850225448608,-0.09143999963998795,0.0;1.0,0.0,0.0,0.0
0.0;3.099910913772503,-0.041361566417717585,-1.8458162400507774,-1.1940666439635237,-1.4999600688913695,-1.572103122824148;-0.12493781745433807,-0.09143999963998795,0.0;1.0,0.0,0.0,0.0
0.0;3.1003843982893935,-0.04484672339130808,-1.8428686245321926,-1.1932385039836058,-1.4991728518936236,-1.57214494969015;-0.12312711775302887,-0.09143999963998795,0.0;1.0,0.0,0.0,0.0
0.0;3.1008634917073734,-0.04832475206034026,-1.8399146609268102,-1.1924258264976313,-1.4983749112258382,-1.572187749180262;-0.12131642550230026,-0.09143999963998795,0.0;1.0,0.0,0.0,0.0
0.0;3.101347576270415,-0.051795857073383536,-1.836954702718595,-1.1916277041833188,-1.497567126126001,-1.572231471810514;-0.11950573325157166,-0.09143999963998795,0.0;1.0,0.0,0.0,0.0
0.0;3.1018360946167065,-0.05526022943490654,-1.8339890665521168,-1.1908433136005774,-1.4967502913365027,-1.572276073040363;-0.11769504100084305,-0.09143999963998795,0.0;1.0,0.0,0.0,0.0
0.0;3.1023285440125727,-0.05871804653549356,-1.831018036642026,-1.190071907695174,-1.4959251252479007,-1.57232151280111;-0.11588434875011444,-0.09143999963998795,0.0;1.0,0.0,0.0,0.0
0.0;3.1028244710262967,-0.06216947236898908,-1.8280418686577264,-1.1893128089752976,-1.4950922772981112,-1.572367755124935;-0.11407365649938583,-0.09143999963998795,0.0;1.0,0.0,0.0,0.0
0.0;3.103323466711852,-0.06561465796195572,-1.8250607930965204,-1.1885654032302162,-1.4942523346746297,-1.5724147678091283;-0.11226296424865723,-0.09143999963998795,0.0;1.0,0.0,0.0,0.0
0.0;3.103825162276511,-0.06905374197609124,-1.8220750181873941,-1.187829133721118,-1.4934058283788283,-1.572462522091306;-0.11045227199792862,-0.09143999963998795,0.0;1.0,0.0,0.0,0.0
0.0;3.1043292257272914,-0.07248685270846116,-1.8190847313308043,-1.1871034953428599,-1.492553238576337,-1.5725109923391265;-0.10864157229661942,-0.09143999963998795,0.0;1.0,0.0,0.0,0.0
0.0;3.1048353562133153,-0.07591410461900223,-1.8160901048079658,-1.1863880313841246,-1.4916949999158233,-1.5725601557456772;-0.1068308874964714,-0.09143999963998795,0.0;1.0,0.0,0.0,0.0
0.0;3.105343283398653,-0.07933560358841937,-1.8130912939843853,-1.185682327198582,-1.4908315058450903,-1.5726099920547911;-0.1050201952457428,-0.09143999963998795,0.0;1.0,0.0,0.0,0.0
0.0;3.105852763737521,-0.08275144682783232,-1.81008843981624,-1.1849860065161306,-1.4899631125577617,-1.5726604833146531;-0.10320950299501419,-0.09143999963998795,0.0;1.0,0.0,0.0,0.0
0.0;3.1063635774108094,-0.08616172315207654,-1.807081670651198,-1.1842987279494062,-1.489090142698754,-1.572711613653873;-0.10139881074428558,-0.09143999963998795,0.0;1.0,0.0,0.0,0.0
0.0;3.106875525877848,-0.08956651359876776,-1.8040711036626744,-1.1836201816625955,-1.4882128887340706,-1.5727633690762206;-0.09958811849355698,-0.09143999963998795,0.0;1.0,0.0,0.0,0.0
0.0;3.107388429808071,-0.09296589216601654,-1.8010568460268768,-1.1829500862586648,-1.4873316159996346,-1.5728157372728224;-0.09777742624282837,-0.09143999963998795,0.0;1.0,0.0,0.0,0.0
0.0;3.1079021272116507,-0.09635992653205669,-1.7980389959264178,-1.1822881859309904,-1.4864465654396728,-1.572868707451669;-0.09596673399209976,-0.09143999963998795,0.0;1.0,0.0,0.0,0.0
0.0;3.108416471700298,-0.09974867871001178,-1.7950176434410892,-1.1816342478867787,-1.4855579560589949,-1.5729222701835386;-0.09415604174137115,-0.09143999963998795,0.0;1.0,0.0,0.0,0.0
0.0;3.108931330882266,-0.10313220563457175,-1.7919928713548818,-1.1809880600306726,-1.4846659871286403,-1.57297641726312;-0.09234534949064255,-0.09143999963998795,0.0;1.0,0.0,0.0,0.0
0.0;3.1094465854536337,-0.10651056095156136,-1.7889647548175123,-1.1803494284002711,-1.4837708400475176,-1.5730311415878595;-0.09053464978933334,-0.09143999963998795,0.0;1.0,0.0,0.0,0.0
0.0;3.1099621263694246,-0.10988379253593238,-1.7859333645107682,-1.1797181764683207,-1.482872680350418,-1.5730864370402937;-0.08872395753860474,-0.09143999963998795,0.0;1.0,0.0,0.0,0.0
0.0;3.1104778547329084,-0.11325194435408857,-1.782898766020949,-1.1790941427988875,-1.4819716593783052,-1.573142298380955;-0.08691326528787613,-0.09143999963998795,0.0;1.0,0.0,0.0,0.0
0.0;3.110993681013962,-0.11661505738395078,-1.7798610199954439,-1.1784771792822573,-1.4810679156635913,-1.573198721155422;-0.08510257303714752,-0.09143999963998795,0.0;1.0,0.0,0.0,0.0
0.0;3.1115095239712796,-0.11997316997866259,-1.7768201825783259,-1.1778671497622506,-1.4801615761852593,-1.5732557016135458;-0.08329188078641891,-0.09143999963998795,0.0;1.0,0.0,0.0,0.0
0.0;3.1120253101716266,-0.12332631931008593,-1.7737763048479989,-1.1772639283932995,-1.479252757397982,-1.5733132366416305;-0.08148118108510971,-0.09143999963998795,0.0;1.0,0.0,0.0,0.0
0.0;3.112540971648414,-0.12667453860467742,-1.7707294358127874,-1.176667399759767,-1.4783415665039104,-1.5733713236915476;-0.0796704888343811,-0.09143999963998795,0.0;1.0,0.0,0.0,0.0
0.0;3.1130564462917385,-0.13001785876392444,-1.7676796215875035,-1.1760774572464665,-1.4774281024780234,-1.573429960714896;-0.0778597965836525,-0.09143999963998795,0.0;1.0,0.0,0.0,0.0
0.0;3.1135716775406115,-0.13335630909907722,-1.7646269053476906,-1.1754940019016005,-1.476512456865649,-1.5734891461072704;-0.07604910433292389,-0.09143999963998795,0.0;1.0,0.0,0.0,0.0
0.0;3.114086613721142,-0.13668991754347803,-1.7615713275688063,-1.174916941623584,-1.475594714494707,-1.5735488786614116;-0.07423841208219528,-0.09143999963998795,0.0;1.0,0.0,0.0,0.0
0.0;3.11460120738656,-0.14001871070912342,-1.7585129263580404,-1.174346190503773,-1.4746749541360247,-1.573609157526048;-0.07242771983146667,-0.09143999963998795,0.0;1.0,0.0,0.0,0.0
0.0;3.115115414807359,-0.143342713944261,-1.7554517377726997,-1.1737816682291546,-1.473753249126192,-1.5736699821678801;-0.07061702758073807,-0.09143999963998795,0.0;1.0,0.0,0.0,0.0
0.0;3.1156291955974362,-0.14666195142198032,-1.7523877960831296,-1.1732232995175915,-1.47282966794335,-1.573731352336186;-0.06880633533000946,-0.09143999963998795,0.0;1.0,0.0,0.0,0.0
0.0;3.1161425129404723,-0.14997644749072114,-1.7493211328987204,-1.1726710131181903,-1.4719042745971274,-1.5737932680354907;-0.06699563562870026,-0.09143999963998795,0.0;1.0,0.0,0.0,0.0
0.0;3.116655331815343,-0.1532862238706826,-1.746251779865636,-1.1721247425015342,-1.470977129266206,-1.5738557294917261;-0.06518494337797165,-0.09143999963998795,0.0;1.0,0.0,0.0,0.0
0.0;3.1171676197724527,-0.1565913011634935,-1.7431797675699794,-1.1715844247908571,-1.4700482887422606,-1.573918737121941;-0.06337425112724304,-0.09143999963998795,0.0;1.0,0.0,0.0,0.0
0.0;3.1176793464021713,-0.1598916982263143,-1.7401051263626905,-1.1710500006240778,-1.469117806826882,-1.5739822915065367;-0.06156356632709503,-0.09143999963998795,0.0;1.0,0.0,0.0,0.0
0.0;3.118190484442959,-0.16318743516665749,-1.7370278838989446,-1.1705214126653964,-1.4681857344000653,-1.5740463933780349;-0.059752874076366425,-0.09143999963998795,0.0;1.0,0.0,0.0,0.0
0.0;3.118701008357134,-0.16647853188387926,-1.7339480665753109,-1.1699986060256065,-1.4672521196251174,-1.5741110436116559;-0.05794218182563782,-0.09143999963998795,0.0;1.0,0.0,0.0,0.0
0.0;3.1192108938440017,-0.16976500750279191,-1.730865700114417,-1.16948152827984,-1.4663170082856811,-1.574176243210907;-0.05613148957490921,-0.09143999963998795,0.0;1.0,0.0,0.0,0.0
0.0;3.1197201183838956,-0.1730468815868148,-1.7277808086712338,-1.1689701287647287,-1.4653804439793185,-1.5742419932948717;-0.054320789873600006,-0.09143999963998795,0.0;1.0,0.0,0.0,0.0
0.0;3.1202286593315494,-0.1763241701686484,-1.724693418479935,-1.1684643599080775,-1.4644424686620043,-1.5743082950700902;-0.052510105073451996,-0.09143999963998795,0.0;1.0,0.0,0.0,0.0
0.0;3.120736497180264,-0.17959689201137968,-1.7216035524105762,-1.1679641744640987,-1.4635031225225688,-1.5743751498257683;-0.05069940164685249,-0.09143999963998795,0.0;1.0,0.0,0.0,0.0
0.0;3.1212436119124067,-0.18286506228168908,-1.7185112357288912,-1.167469527941408,-1.462562444371172,-1.5744425589154731;-0.04888871684670448,-0.09143999963998795,0.0;1.0,0.0,0.0,0.0
0.0;3.121749985993955,-0.18612869828875303,-1.7154164909649219,-1.1669803761070394,-1.4616204715609922,-1.5745105237564914;-0.04707801714539528,-0.09143999963998795,0.0;1.0,0.0,0.0,0.0
0.0;3.122255601569128,-0.18938781467176335,-1.7123193423853345,-1.1664966768592797,-1.4606772402724308,-1.5745790458169369;-0.04526733234524727,-0.09143999963998795,0.0;1.0,0.0,0.0,0.0
0.0;3.122760443027899,-0.19264242842407878,-1.709219811492129,-1.1660183880800863,-1.4597327854140527,-1.5746481266186243;-0.043456632643938065,-0.09143999963998795,0.0;1.0,0.0,0.0,0.0
0.0;3.1232644938902276,-0.19589255319734497,-1.7061179222492013,-1.1655454698693595,-1.4587871409834032,-1.574717767721305;-0.04164595156908035,-0.09143999963998795,0.0;1.0,0.0,0.0,0.0
0.0;3.123767740190896,-0.19913820570764054,-1.7030136953257082,-1.1650778818315073,-1.4578403398919224,-1.5747879707274066;-0.03983525186777115,-0.09143999963998795,0.0;1.0,0.0,0.0,0.0
0.0;3.1242701672066717,-0.20237940001921279,-1.6999071533620136,-1.1646155853735154,-1.456892414221471,-1.574858737271152;-0.03802456706762314,-0.09143999963998795,0.0;1.0,0.0,0.0,0.0
0.0;3.1247717630430265,-0.20561615472756445,-1.6967983144426677,-1.164158540752753,-1.4559433949206677,-1.5749300690333286;-0.03621385246515274,-0.09143999963998795,0.0;1.0,0.0,0.0,0.0
0.0;3.1252725130696293,-0.20884848227470298,-1.6936872018315003,-1.1637067113642336,-1.4549933124197307,-1.575001967714871;-0.03440316766500473,-0.09143999963998795,0.0;1.0,0.0,0.0,0.0
0.0;3.1257724047420923,-0.21207639676372833,-1.6905738368529184,-1.1632600603062955,-1.4540421966333776,-1.5750744350281105;-0.032592467963695526,-0.09143999963998795,0.0;1.0,0.0,0.0,0.0
0.0;3.126271425480925,-0.21529991036675344,-1.6874582423778424,-1.1628185517994905,-1.4530900770259294,-1.575147472686809;-0.030781781300902367,-0.09143999963998795,0.0;1.0,0.0,0.0,0.0
0.0;3.126769564634043,-0.21851903766286818,-1.6843404387781937,-1.1623821494023956,-1.452136982381795,-1.5752210824184176;-0.028971081599593163,-0.09143999963998795,0.0;1.0,0.0,0.0,0.0
0.0;3.127266810497173,-0.22173379049069514,-1.6812204486528481,-1.1619508181457794,-1.451182941006623,-1.5752952659583914;-0.0271603986620903,-0.09143999963998795,0.0;1.0,0.0,0.0,0.0
0.0;3.1277631532532872,-0.2249441835475371,-1.6780982917038654,-1.1615245222261064,-1.4502279805485683,-1.5753700250610254;-0.025349698960781097,-0.09143999963998795,0.0;1.0,0.0,0.0,0.0
0.0;3.1282585820174984,-0.22815022899429802,-1.6749739897641556,-1.1611032272293915,-1.4492721282267704,-1.5754453614899928;-0.023539014160633087,-0.09143999963998795,0.0;1.0,0.0,0.0,0.0
0.0;3.1287530874887426,-0.2313519412073463,-1.6718475623859748,-1.1606868981232028,-1.448315410735616,-1.5755212770230798;-0.021728314459323883,-0.09143999963998795,0.0;1.0,0.0,0.0,0.0
0.0;3.1292466593327655,-0.23454933180718454,-1.668719031484579,-1.1602755012621409,-1.4473578544693986,-1.5755977734386728;-0.019917629659175873,-0.09143999963998795,0.0;1.0,0.0,0.0,0.0
0.0;3.1297392888932154,-0.2377424146144623,-1.665588416734755,-1.159869002289195,-1.4463994853845603,-1.5756748525210966;-0.01810692995786667,-0.09143999963998795,0.0;1.0,0.0,0.0,0.0
0.0;3.130230967509285,-0.24093120315240538,-1.6624557379533216,-1.1594673672240794,-1.4454403289681426,-1.5757525160633485;-0.016296230256557465,-0.09143999963998795,0.0;1.0,0.0,0.0,0.0
0.0;3.1307216853292523,-0.24411570759712975,-1.6593210178118676,-1.1590705635987326,-1.4444804105984828,-1.5758307658480395;-0.014485545456409454,-0.09143999963998795,0.0;1.0,0.0,0.0,0.0
0.0;3.1312114344810054,-0.24729594056407317,-1.6561842765821675,-1.1586785580109078,-1.4435197553418433,-1.5759096036529474;-0.01267484575510025,-0.09143999963998795,0.0;1.0,0.0,0.0,0.0
0.0;3.131700206302403,-0.25047191235884386,-1.653045536591485,-1.1582913181082328,-1.4425583880551416,-1.5759890312449776;-0.01086416095495224,-0.09143999963998795,0.0;1.0,0.0,0.0,0.0
0.0;3.1321879937376584,-0.2536436357640129,-1.649904817693876,-1.1579088106218685,-1.4415963331962034,-1.5760690503938075;-0.009053461253643036,-0.09143999963998795,0.0;1.0,0.0,0.0,0.0
0.0;3.1326747895410203,-0.2568111234063397,-1.6467621397948797,-1.1575310025662802,-1.4406336147809669,-1.576149662878737;-0.007242761552333832,-0.09143999963998795,0.0;1.0,0.0,0.0,0.0
0.0;3.1331605851347857,-0.25997438463126404,-1.6436175256656052,-1.1571578624154006,-1.439670256760893,-1.5762308704681556;-0.0054320767521858215,-0.09143999963998795,0.0;1.0,0.0,0.0,0.0
0.0;3.1336453738262486,-0.2631334311986244,-1.6404709957218706,-1.1567893576761963,-1.4387062828548474,-1.5763126749236271;-0.0036213770508766174,-0.09143999963998795,0.0;1.0,0.0,0.0,0.0
0.0;3.1341291481050155,-0.2662882725581971,-1.6373225724910847,-1.1564254568572943,-1.4377417166449564,-1.576395077991747;-0.0018106922507286072,-0.09143999963998795,0.0;1.0,0.0,0.0,0.0
0.0;3.1346119015448943,-0.269438919419553,-1.6341722771710578,-1.1560661279586295,-1.4367765814893063,-1.5764780814107042;0.0,-0.09143999963998795,0.0;1.0,0.0,0.0,0.0
0.0;3.1355428533788365,-0.2722694495991518,-1.6312714394427605,-1.1558558812248936,-1.4358644864351584,-1.5765630706865084;0.0,-0.08961119502782822,0.0;1.0,0.0,0.0,0.0
0.0;3.137030925291704,-0.27454766216097154,-1.628769707791976,-1.1559180567882223,-1.4349674077233139,-1.5766526666528307;0.0,-0.08778239786624908,0.0;1.0,0.0,0.0,0.0
0.0;3.1389028791766487,-0.27621615412548034,-1.6266813222028278,-1.1563107553817076,-1.4340019691294834,-1.5767490729954576;0.0,-0.08595359325408936,0.0;1.0,0.0,0.0,0.0
0.0;3.1409522692742806,-0.2773442428351771,-1.6249424752417947,-1.1570324232141387,-1.432915355054942,-1.576852634287906;0.0,-0.08412479609251022,0.0;1.0,0.0,0.0,0.0
0.0;3.1430684323803053,-0.2780529550281799,-1.623468120709686,-1.1580427890026945,-1.4317060048738697,-1.5769617040332486;0.0,-0.0822959914803505,0.0;1.0,0.0,0.0,0.0
0.0;3.145228747873919,-0.27846040201636807,-1.6221820369750284,-1.15928539927966,-1.4304008839274938,-1.5770736062866628;0.0,-0.08046719431877136,0.0;1.0,0.0,0.0,0.0
0.0;3.1474433705259846,-0.27865733571227974,-1.6210255811283814,-1.1607050443617646,-1.4290278007270731,-1.5771858108712866;0.0,-0.07863838970661163,0.0;1.0,0.0,0.0,0.0
0.0;3.14971741938482,-0.2787051800564672,-1.619956685866884,-1.1622571759415943,-1.4276032639782894,-1.577296635095188;0.0,-0.0768095925450325,0.0;1.0,0.0,0.0,0.0
0.0;3.1520432519459742,-0.27864410247489696,-1.6189461744290596,-1.163909950287742,-1.426134296612341,-1.5774053202719551;0.0,-0.07498079538345337,0.0;1.0,0.0,0.0,0.0
0.0;3.154407936029198,-0.27850175704085917,-1.6179740519340453,-1.165641798664031,-1.4246245155197668,-1.577511719783082;0.0,-0.07315199077129364,0.0;1.0,0.0,0.0,0.0
0.0;3.1568007608834283,-0.2782988471355753,-1.6170264763522328,-1.167437704700829,-1.4230779342413542,-1.5776159190832049;0.0,-0.07132319360971451,0.0;1.0,0.0,0.0,0.0
0.0;3.1592154569056934,-0.27805163293151614,-1.6160935588455643,-1.1692862326400395,-1.4214994886825123,-1.5777179864494535;0.0,-0.06949439644813538,0.0;1.0,0.0,0.0,0.0
0.0;3.1616487807622793,-0.2777728740684805,-1.6151679597235733,-1.1711779169824894,-1.419894072415968,-1.5778178916217327;0.0,-0.06766559183597565,0.0;1.0,0.0,0.0,0.0
0.0;3.1640985327164017,-0.2774723740210839,-1.614244104911357,-1.1731046919095247,-1.4182657439185562,-1.5779155316793667;0.0,-0.06583679467439651,0.0;1.0,0.0,0.0,0.0
0.0;3.1665625616129107,-0.27715755460446545,-1.6133177743979572,-1.1750597831587946,-1.4166176120578446,-1.5780107868430786;0.0,-0.06400799751281738,0.0;1.0,0.0,0.0,0.0
0.0;3.169038693189927,-0.27683403727042,-1.612385848526993,-1.177037653512014,-1.4149521220412613,-1.5781035590484986;0.0,-0.062179192900657654,0.0;1.0,0.0,0.0,0.0
0.0;3.1715249680047806,-0.2765061181852391,-1.6114460944835702,-1.1790338573263237,-1.4132713534468653,-1.5781937825934818;0.0,-0.06035039573907852,0.0;1.0,0.0,0.0,0.0
0.0;3.174019797866786,-0.2761770997062341,-1.610496962061589,-1.1810448296831393,-1.4115771641489023,-1.5782814170843307;0.0,-0.05852159485220909,0.0;1.0,0.0,0.0,0.0
0.0;3.1765219450708937,-0.2758495133140629,-1.6095374013767518,-1.1830676796129929,-1.4098712086369514,-1.5783664362404777;0.0,-0.05669279396533966,0.0;1.0,0.0,0.0,0.0
0.0;3.1790304236471916,-0.27552528400041376,-1.6085667179821928,-1.185100029746583,-1.408154921730896,-1.5784488203335647;0.0,-0.05486399307847023,0.0;1.0,0.0,0.0,0.0
0.0;3.1815444103556465,-0.2752058656281417,-1.6075844681974756,-1.1871399066286772,-1.4064295218527247,-1.5785285535075408;0.0,-0.053035199642181396,0.0;1.0,0.0,0.0,0.0
0.0;3.184063205449844,-0.2748923545105058,-1.6065903862797004,-1.189185666410618,-1.4046960399066735,-1.5786056239604278;0.0,-0.051206398755311966,0.0;1.0,0.0,0.0,0.0
0.0;3.186586210331557,-0.27458558003636174,-1.605584333458281,-1.1912359391606795,-1.4029553545725686,-1.5786800246839738;0.0,-0.049377597868442535,0.0;1.0,0.0,0.0,0.0
0.0;3.189112916741211,-0.27428617264605915,-1.604566260590222,-1.1932895821782146,-1.4012082221698772,-1.5787517536214495;0.0,-0.047548796981573105,0.0;1.0,0.0,0.0,0.0
0.0;3.1916428946953244,-0.27399461297644345,-1.603536180037618,-1.1953456394846709,-1.3994552970011782,-1.5788208131766184;0.0,-0.04571999981999397,0.0;1.0,0.0,0.0,0.0
0.0;3.194175781846313,-0.2737112675233909,-1.6024941444198824,-1.1974033077083153,-1.3976971452519835,-1.5788872094684614;0.0,-0.04389120265841484,0.0;1.0,0.0,0.0,0.0
0.0;3.1967112722518394,-0.2734364153594954,-1.6014402310116258,-1.199461908596929,-1.3959342556264505,-1.578950951665618;0.0,-0.04206240177154541,0.0;1.0,0.0,0.0,0.0
0.0;3.1992491037044037,-0.27317026890676455,-1.6003745308242983,-1.2015208672785576,-1.3941670488531657,-1.5790120514960115;0.0,-0.04023360088467598,0.0;1.0,0.0,0.0,0.0
0.0;3.201789050139697,-0.2729129902904835,-1.5992971410671246,-1.2035796949179753,-1.3923958872593094,-1.5790705228923967;0.0,-0.03840479999780655,0.0;1.0,0.0,0.0,0.0
0.0;3.204330915462174,-0.27266470400637877,-1.5982081600715188,-1.2056379745824963,-1.390621083459963,-1.5791263817006973;0.0,-0.03657600283622742,0.0;1.0,0.0,0.0,0.0
0.0;3.2068745314307447,-0.27242550647122804,-1.59710768374366,-1.2076953496027727,-1.3888429079524596,-1.5791796454237188;0.0,-0.034747205674648285,0.0;1.0,0.0,0.0,0.0
0.0;3.2094197570339804,-0.27219547300235175,-1.5959958030104346,-1.2097515141298885,-1.3870615950583676,-1.5792303330088693;0.0,-0.03291839733719826,0.0;1.0,0.0,0.0,0.0
0.0;3.2119664643428343,-0.2719746631262655,-1.5948726028717832,-1.211806205142359,-1.3852773467077066,-1.5792784646208275;0.0,-0.031089600175619125,0.0;1.0,0.0,0.0,0.0
0.0;3.214514541902199,-0.27176312482559006,-1.5937381615651398,-1.2138591955924327,-1.3834903379483134,-1.5793240614382142;0.0,-0.029260803014039993,0.0;1.0,0.0,0.0,0.0
0.0;3.217063893787808,-0.27156089755033225,-1.5925925502023626,-1.2159102888408029,-1.3817007208002325,-1.5793671454939309;0.0,-0.02743200585246086,0.0;1.0,0.0,0.0,0.0
0.0;3.2196144390987276,-0.271368014370972,-1.5914358325912223,-1.217959314222858,-1.3799086272139698,-1.5794077395637436;0.0,-0.025603201240301132,0.0;1.0,0.0,0.0,0.0
0.0;3.222166103275104,-0.2711845036381439,-1.5902680657562105,-1.2200061232905073,-1.3781141709661464,-1.5794458670525455;0.0,-0.02377440221607685,0.0;1.0,0.0,0.0,0.0
0.0;3.2247188191931615,-0.27101039045596925,-1.5890893003248283,-1.2220505864463567,-1.3763174507526568,-1.5794815518838492;0.0,-0.02194560505449772,0.0;1.0,0.0,0.0,0.0
0.0;3.227272529977999,-0.27084569766652566,-1.5878995807633929,-1.2240925901910533,-1.3745185527029706,-1.5795148184190986;0.0,-0.02011680230498314,0.0;1.0,0.0,0.0,0.0
0.0;3.2298271828287364,-0.2706904464594159,-1.5866989460702656,-1.226132034830349,-1.3727175514716237,-1.5795456913808483;0.0,-0.018288005143404007,0.0;1.0,0.0,0.0,0.0
0.0;3.232382733100575,-0.27054465692980734,-1.5854874299921116,-1.2281688325358144,-1.3709145122558384,-1.57957419580257;0.0,-0.016459200531244278,0.0;1.0,0.0,0.0,0.0
0.0;3.2349391375779213,-0.27040834837880484,-1.5842650617941318,-1.2302029057118953,-1.3691094914401396,-1.579600356971466;0.0,-0.014630402438342571,0.0;1.0,0.0,0.0,0.0
0.0;3.2374963591197874,-0.2702815397039176,-1.5830318664860614,-1.2322341855326724,-1.3673025384483224,-1.5796242003886658;0.0,-0.012801598757505417,0.0;1.0,0.0,0.0,0.0
0.0;3.2400543615308885,-0.27016424952639656,-1.5817878655003452,-1.234262610726096,-1.365493696249384,-1.5796457517246343;0.0,-0.010972801595926285,0.0;1.0,0.0,0.0,0.0
0.0;3.2426131148284094,-0.27005649639756174,-1.5805330767685453,-1.2362881265314811,-1.3636830028005873,-1.5796650367988219;0.0,-0.009143996983766556,0.0;1.0,0.0,0.0,0.0
0.0;3.2451725884043343,-0.2699582987567271,-1.5792675154099312,-1.2383106838722275,-1.3618704909953465,-1.5796820815496746;0.0,-0.007315199822187424,0.0;1.0,0.0,0.0,0.0
0.0;3.2477327567714624,-0.2698696751126983,-1.5779911937351836,-1.2403302385781083,-1.3600561900040897,-1.5796969120228563;0.0,-0.005486395210027695,0.0;1.0,0.0,0.0,0.0
0.0;3.2502935931361248,-0.269790643962469,-1.5767041218850204,-1.2423467507789416,-1.3582401251388614,-1.5797095543464859;0.0,-0.0036575980484485626,0.0;1.0,0.0,0.0,0.0
0.0;3.252855072977185,-0.26972122395104237,-1.5754063079638767,-1.244360184240928,-1.3564223189669602,-1.5797200347116946;0.0,-0.0018288008868694305,0.0;1.0,0.0,0.0,0.0
0.0;3.2554171754556283,-0.2696614338370367,-1.5740977581061064,-1.2463705059333952,-1.3546027917033716,-1.579728379371031;0.0,0.0,0.0;1.0,0.0,0.0,0.0
