0.0;3.14,-0.38,-1.2,-1.57,-1.57,-1.57;0.0,0.0,0.0;1.0,0.0,0.0,0.0
0.0;3.1434274688624653,-0.383425987391345,-1.2632709384393932,-1.5954443925242452,-1.5728606648770513,-1.64292258156513;0.0,0.0,0.0;1.0,0.0,0.0,0.0
0.0;3.1501095562012993,-0.3855406646491596,-1.3279150452035204,-1.6182401762553724,-1.5723363895768248,-1.7153939185822766;0.0,0.0,0.0;1.0,0.0,0.0,0.0
0.0;3.1599735462669267,-0.386193155521755,-1.3937819064575554,-1.6381107677299798,-1.568521851387283,-1.787188357343492;0.0,0.0,0.0;1.0,0.0,0.0,0.0
0.0;3.1729172277757804,-0.3852047323990711,-1.4607128622190253,-1.6547825083159076,-1.561549402929275,-1.8580767860037466;0.0,0.0,0.0;1.0,0.0,0.0,0.0
0.0;3.188808251328761,-0.382367788580918,-1.528544274162412,-1.6679858110757468,-1.5515857740929049,-1.927824370697562;0.0,0.0,0.0;1.0,0.0,0.0,0.0
0.0;3.20748260811173,-0.37744622380116793,-1.5971096226753143,-1.6774568313329492,-1.5388286409387675,-1.9961866037735858;0.0,0.0,0.0;1.0,0.0,0.0,0.0
0.0;3.228741724891776,-0.3701781221129754,-1.6662404052199886,-1.682940917200907,-1.5235036704738567,-2.06290413998998;0.0,0.0,0.0;1.0,0.0,0.0,0.0
0.0;3.2523479330599887,-0.36028189399808286,-1.7357661948688567,-1.6841993847502361,-1.5058623988681565,-2.127697488215547;0.0,0.0,0.0;1.0,0.0,0.0,0.0
0.0;3.278018579818589,-0.3474672255867821,-1.8055146763981098,-1.6810211752848803,-1.4861808706296447,-2.190263356895347;0.0,0.0,0.0;1.0,0.0,0.0,0.0
0.0;3.3054198368111476,-0.3314519797167388,-1.875312944249823,-1.6732404288221547,-1.4647583955400512,-2.2502752087695295;0.0,0.0,0.0;1.0,0.0,0.0,0.0
0.0;3.3341622384065186,-0.3119852794378683,-1.944991645963235,-1.6607596306955665,-1.4419151897059268,-2.3073910391815926;0.0,0.0,0.0;1.0,0.0,0.0,0.0
0.0;3.363800810944028,-0.2888750980379153,-2.0143933440661077,-1.6435756015154035,-1.417987325828034,-2.3612709547848496;0.0,0.0,0.0;1.0,0.0,0.0,0.0
0.0;3.3938426857535817,-0.2620159647806428,-2.0833853314795,-1.6218026440797226,-1.393317736987885,-2.411605119149697;0.0,0.0,0.0;1.0,0.0,0.0,0.0
0.0;3.423763615340861,-0.2314099476088454,-2.1518749543895637,-1.5956850441200994,-1.3682433281010498,-2.458148928947294;0.0,0.0,0.0;1.0,0.0,0.0,0.0
0.0;3.453031769224993,-0.1971737303125494,-2.219822993990108,-1.5655918520658612,-1.3430803387017165,-2.5007581329339237;0.0,0.0,0.0;1.0,0.0,0.0,0.0
0.0;3.4811338182188294,-0.15952771194437165,-2.2872494367311047,-1.5319914805661632,-1.318111917946044,-2.5394145678796862;0.0,0.0,0.0;1.0,0.0,0.0,0.0
0.0;3.5075967664930006,-0.11876878847272546,-2.3542274054781154,-1.4954104829033288,-1.2935820301058292,-2.5742353869558317;0.0,0.0,0.0;1.0,0.0,0.0,0.0
0.0;3.532000577000356,-0.07523372660584081,-2.4208647317222822,-1.4563860614609505,-1.2696978132268457,-2.6054645061743016;0.0,0.0,0.0;1.0,0.0,0.0,0.0
0.0;3.5539804909420405,-0.029261818590988163,-2.487276344429338,-1.415422382471529,-1.2466394362961464,-2.633451163909936;0.0,0.0,0.0;1.0,0.0,0.0,0.0
0.0;3.5732217905582395,0.018836542036531116,-2.5535521195277306,-1.3729570277901004,-1.2245741168018782,-2.6586237096001986;0.0,0.0,0.0;1.0,0.0,0.0,0.0
0.0;3.589451981267879,0.06880248052097673,-2.6197237424321274,-1.329338842624201,-1.2036702815325104,-2.6814663411683886;0.0,0.0,0.0;1.0,0.0,0.0,0.0
0.0;3.6024360397762867,0.12044271018843293,-2.685731713928247,-1.2848146955473565,-1.1841086228721662,-2.702504174731895;0.0,0.0,0.0;1.0,0.0,0.0,0.0
0.0;3.6119805744140536,0.17363700648186187,-2.7513909338888602,-1.2395209092400243,-1.1660881109561416,-2.7222998714053963;0.0,0.0,0.0;1.0,0.0,0.0,0.0
0.0;3.6179535085479495,0.22834192823619054,-2.8163500329907056,-1.1934744409799776,-1.149826084423434,-2.741464429615477;0.0,0.0,0.0;1.0,0.0,0.0,0.0
0.0;3.620327815255856,0.2845943466167126,-2.880034322495434,-1.146558496546927,-1.1355521381490004,-2.760686499742987;0.0,0.0,0.0;1.0,0.0,0.0,0.0
0.0;3.6192611848896274,0.34251700279983344,-2.9415537184678957,-1.098499052887049,-1.1234963229260972,-2.7807897162505886;0.0,0.0,0.0;1.0,0.0,0.0,0.0
0.0;3.6152271264056055,0.402314415541091,-2.9995510122065845,-1.0488435467689754,-1.1138754161051183,-2.8028369062004987;0.0,0.0,0.0;1.0,0.0,0.0,0.0
0.0;3.609202560134852,0.4641862859371434,-3.0520124099382357,-0.9970184287142889,-1.1068921868425248,-2.828307863203893;0.0,0.0,0.0;1.0,0.0,0.0,0.0
0.0;3.6028079178324695,0.5279190316440596,-3.096399564583299,-0.9427348332283445,-1.1027897272156233,-2.8593479544267835;0.0,0.0,0.0;1.0,0.0,0.0,0.0
0.0;3.5978664623370245,0.5918510200177676,-3.1315070796193396,-0.8871666380311063,-1.1020222318531747,-2.8989374972576254;0.0,0.0,0.0;1.0,0.0,0.0,0.0
0.0;3.594565331358549,0.651955971799874,-3.1619831170683304,-0.834241163846782,-1.105432734644056,-2.9502694668284413;0.0,0.0,0.0;1.0,0.0,0.0,0.0
0.0;3.589561854676347,0.7040465759488472,-3.198001795490467,-0.7884483419996099,-1.1137470334470063,-3.0118980226114282;0.0,0.0,0.0;1.0,0.0,0.0,0.0
0.0;3.5774199507975344,0.7527508660509118,-3.243927685151918,-0.745297564939562,-1.1271315031302358,-3.069605434311041;0.0,0.0,0.0;1.0,0.0,0.0,0.0
0.0;3.5555734698224937,0.7989548665111885,-3.3057798239383978,-0.7031920593062855,-1.1480811311786672,-3.106354230454731;0.0,0.0,0.0;1.0,0.0,0.0,0.0
0.0;3.526324546254237,0.8389646477350375,-3.377003510254434,-0.6635222572439429,-1.1762475577727112,-3.116545579792763;0.0,0.0,0.0;1.0,0.0,0.0,0.0
0.0;3.4916673813190418,0.8740186226163613,-3.4469177428729476,-0.6234269106494558,-1.208858548996298,-3.1198601346530137;0.0,0.0,0.0;1.0,0.0,0.0,0.0
0.0;3.4538279540061323,0.9029192731506991,-3.515262004555468,-0.5834224028776388,-1.2468700967476822,-3.123953254474521;0.0,0.0,0.0;1.0,0.0,0.0,0.0
0.0;3.410125981808297,0.9320770382126468,-3.5743727081356966,-0.5368141553912222,-1.2865226562093255,-3.1250636054316683;0.0,0.0,0.0;1.0,0.0,0.0,0.0
0.0;3.3714007447988292,0.9332288833422533,-3.650076097506694,-0.5128495209858315,-1.3322758037777989,-3.135082182900278;0.0,0.0,0.0;1.0,0.0,0.0,0.0
0.0;3.3337679348318705,0.9856935673164087,-3.6410552879184417,-0.44209778091687374,-1.3555660265464977,-3.1208832271480307;0.0,0.0,0.0;1.0,0.0,0.0,0.0
0.0;3.323501756218479,0.936869670083394,-3.7145570355871516,-0.47930261674087876,-1.3764545874083653,-3.137847717760253;0.0,0.0,0.0;1.0,0.0,0.0,0.0
0.0;3.2963901526341566,0.991816556594507,-3.6872140586015445,-0.4089482017810108,-1.3960700672803128,-3.1250550843943694;0.0,0.0,0.0;1.0,0.0,0.0,0.0
0.0;3.2829393901853567,0.9423144564966558,-3.7611726341882967,-0.44426441743846834,-1.4171204344648782,-3.1394909815143226;0.0,0.0,0.0;1.0,0.0,0.0,0.0
0.0;3.2567416515551746,0.9967180186401339,-3.729976086650145,-0.37399527064452753,-1.435358797623035,-3.1289878649945453;0.0,0.0,0.0;1.0,0.0,0.0,0.0
0.0;3.242705932553139,0.9462754234842526,-3.803880559680779,-0.40811585058383193,-1.457750981038741,-3.1404354935080407;0.0,0.0,0.0;1.0,0.0,0.0,0.0
0.0;3.216618267406225,1.00002422471004,-3.770551545187603,-0.33771529676640455,-1.4751376770932376,-3.1326161770804335;0.0,0.0,0.0;1.0,0.0,0.0,0.0
0.0;3.202447507314592,0.9485070239995065,-3.8441703912939933,-0.37116161495366656,-1.4983340700301468,-3.140904979272096;0.0,0.0,0.0;1.0,0.0,0.0,0.0
0.0;3.1761557632974444,1.0015445973853139,-3.809598727556873,-0.300514381266652,-1.5152380795962876,-3.1360282072567647;0.0,0.0,0.0;1.0,0.0,0.0,0.0
0.0;3.1621099707813487,0.94899597153547,-3.8828476176711644,-0.3335022610079099,-1.5389509401850576,-3.1410737759844927;0.0,0.0,0.0;1.0,0.0,0.0,0.0
0.0;3.1352035406615286,1.001198284833355,-3.847755748327322,-0.26252044964656246,-1.5556245983864678,-3.139314574871484;0.0,0.0,0.0;1.0,0.0,0.0,0.0
0.0;3.121450919430472,0.9477802500851884,-3.9206465395600514,-0.29496428118297663,-1.5798862969055243,-3.141069370185085;0.0,0.0,0.0;1.0,0.0,0.0,0.0
0.0;3.0932614519685333,0.9988853438032644,-3.885830950452976,-0.2235426187897244,-1.5965653232733816,-3.1425708014392155;0.0,0.0,0.0;1.0,0.0,0.0,0.0
0.0;3.0798832426867717,0.9448430484759265,-3.9584483794034737,-0.2550256622161559,-1.621735637754543,-3.1410100034655857;0.0,0.0,0.0;1.0,0.0,0.0,0.0
0.0;3.049390288411287,0.9943612728532928,-3.924938331694422,-0.18303380223507876,-1.6387125711225576,-3.145925054481198;0.0,0.0,0.0;1.0,0.0,0.0,0.0
0.0;3.036337111766796,0.9400263587869772,-3.9974349857052536,-0.21268887478842538,-1.6655169425921759,-3.141059955088369;0.0,0.0,0.0;1.0,0.0,0.0,0.0
0.0;3.002126918685808,0.9871076647007091,-3.9666403277562066,-0.14002756128367622,-1.683199262933782,-3.1495670951319843;0.0,0.0,0.0;1.0,0.0,0.0,0.0
0.0;2.9890925280519665,0.9329498818989236,-4.039224397103386,-0.16628875882232455,-1.7127682116713963,-3.1415285085527778;0.0,0.0,0.0;1.0,0.0,0.0,0.0
0.0;2.9495591866640867,0.9762682314551079,-4.012970199624985,-0.09305877547428422,-1.7317122287451991,-3.1537696841971323;0.0,0.0,0.0;1.0,0.0,0.0,0.0
0.0;2.9357874942374496,0.9229740514760197,-4.085812540629051,-0.11340869715229941,-1.765400712446705,-3.143044434610196;0.0,0.0,0.0;1.0,0.0,0.0,0.0
0.0;2.8902599182152895,0.961168234432555,-4.065545305644617,-0.04010295785365646,-1.786203850771352,-3.158893138583704;0.0,0.0,0.0;1.0,0.0,0.0,0.0
0.0;2.874883084405912,0.9094186944246467,-4.138539546969657,-0.05195927909832794,-1.8244646713225505,-3.1465272143706606;0.0,0.0,0.0;1.0,0.0,0.0,0.0
0.0;2.82679586402834,0.9439716675949217,-4.121551009344862,0.021144431205499692,-1.8469824700002102,-3.165339368775472;0.0,0.0,0.0;1.0,0.0,0.0,0.0
0.0;2.811605853919722,0.8926745804960251,-4.1946654900452485,0.015211580217810074,-1.8865189324899778,-3.1514176385333568;0.0,0.0,0.0;1.0,0.0,0.0,0.0
0.0;2.7721686934886405,0.9324305956763904,-4.168402559372153,0.08813985615138326,-1.9070781753848698,-3.17223138897669;0.0,0.0,0.0;1.0,0.0,0.0,0.0
0.0;2.761681562890594,0.8776351430806976,-4.242106759584388,0.07532693430733078,-1.9378626917178887,-3.15370271051092;0.0,0.0,0.0;1.0,0.0,0.0,0.0
0.0;2.740977531984245,0.9274586378037264,-4.198950685869431,0.1431491461753121,-1.9514022920959717,-3.174758412310171;0.0,0.0,0.0;1.0,0.0,0.0,0.0
0.0;2.7321512492105113,0.8700376629841619,-4.271752306217593,0.12034926682888628,-1.969224494670099,-3.1526815679920523;0.0,0.0,0.0;1.0,0.0,0.0,0.0
0.0;2.724558029312019,0.9244299196551516,-4.220032238544483,0.18210582782867962,-1.9777159366252735,-3.173245677812318;0.0,0.0,0.0;1.0,0.0,0.0,0.0
0.0;2.7204536992548514,0.8953676130523331,-4.255719435809888,0.16779225373489878,-1.9827204778673921,-3.161625138897818;0.0,0.0,0.0;1.0,0.0,0.0,0.0
0.0;2.7085997269515056,0.8999149803917383,-4.267846094315923,0.21064301535402044,-2.001563172305078,-3.162342104293938;0.0,0.0,0.0;1.0,0.0,0.0,0.0
0.0;2.7050291063219394,0.8867634316157735,-4.287436361564023,0.21080883928901387,-2.0045647047259854,-3.155525054506091;0.0,0.0,0.0;1.0,0.0,0.0,0.0
0.0;2.7043899854367317,0.8993164939820915,-4.278678293231232,0.230149292904613,-2.0070059904243833,-3.1587336939188724;0.0,0.0,0.0;1.0,0.0,0.0,0.0
0.0;2.702128177729981,0.8856156686197177,-4.298086118389832,0.22758163022066333,-2.008865103807027,-3.1519913843240377;0.0,0.0,0.0;1.0,0.0,0.0,0.0
0.0;2.702508901312142,0.8991803072207316,-4.287319342239762,0.24514890059099223,-2.01001395437846,-3.1558647955612336;0.0,0.0,0.0;1.0,0.0,0.0,0.0
0.0;2.700801891376941,0.8852107279062555,-4.3063301554589835,0.2405366174669388,-2.010972566120768,-3.1492819497091245;0.0,0.0,0.0;1.0,0.0,0.0,0.0
0.0;2.701746253057533,0.8992958220798635,-4.294348785798179,0.25677386981636213,-2.0114023004798747,-3.153563543887667;0.0,0.0,0.0;1.0,0.0,0.0,0.0
0.0;2.7003640146652073,0.8851852741166994,-4.312938951403891,0.25068110037955027,-2.011835842088061,-3.147154347508865;0.0,0.0,0.0;1.0,0.0,0.0,0.0
0.0;2.7016185332313776,0.8995689979940804,-4.300110632881148,0.2658825393433407,-2.0118504230581347,-3.1517243535581954;0.0,0.0,0.0;1.0,0.0,0.0,0.0
0.0;2.7004183012200573,0.8853709451021381,-4.318309287511236,0.25869000154195315,-2.011988600031404,-3.1454767929181515;0.0,0.0,0.0;1.0,0.0,0.0,0.0
0.0;2.7018364960987244,0.8999302068713081,-4.304852542225851,0.27307795160987436,-2.0117706561400657,-3.150259262954691;0.0,0.0,0.0;1.0,0.0,0.0,0.0
0.0;2.70072996927694,0.8856681235192253,-4.322703407135459,0.26505198916874106,-2.0117528354845158,-3.14415198793652;0.0,0.0,0.0;1.0,0.0,0.0,0.0
0.0;2.7022259567302735,0.9003293928490312,-4.308763232497733,0.2787977887402653,-2.011413445843577,-3.149093500160441;0.0,0.0,0.0;1.0,0.0,0.0,0.0
0.0;2.701159540136012,0.8860147425870578,-4.326311890369696,0.2701310552499706,-2.0113233195529636,-3.1431036956329454;0.0,0.0,0.0;1.0,0.0,0.0,0.0
0.0;2.7026834540753275,0.9007326624589276,-4.311991350478664,0.28336767997572515,-2.0109293877347123,-3.148165241026622;0.0,0.0,0.0;1.0,0.0,0.0,0.0
0.0;2.70162560777144,0.8863722186683846,-4.3292807116543335,0.2742029126382887,-2.0108161154825246,-3.142271955481123;0.0,0.0,0.0;1.0,0.0,0.0,0.0
0.0;2.7031493528965447,0.9011185675379171,-4.314656549157013,0.2870341066306673,-2.010406959736512,-3.147424655682877;0.0,0.0,0.0;1.0,0.0,0.0,0.0
0.0;2.7020824289485748,0.8867173603248912,-4.33172529680232,0.2774789184306595,-2.010298306655202,-3.14160990453705;0.0,0.0,0.0;1.0,0.0,0.0,0.0
0.0;2.7035910882761542,0.9014747360700855,-4.31685649266269,0.28998602800491724,-2.0098960516859177,-3.146832248133842;0.0,0.0,0.0;1.0,0.0,0.0,0.0
0.0;2.702506059791024,0.8870371672409231,-4.333738705556833,0.28012263092066897,-2.0098066378250947,-3.141081108211496;0.0,0.0,0.0;1.0,0.0,0.0,0.0
0.0;2.703992617352541,0.9017951207958688,-4.318671571947032,0.2923697569975405,-2.0094228004874224,-3.1463569977124424;0.0,0.0,0.0;1.0,0.0,0.0,0.0
0.0;2.702885690034317,0.8873253209199535,-4.3353968410414,0.2822616219982741,-2.009359298245174,-3.1406573002217018;0.0,0.0,0.0;1.0,0.0,0.0,0.0
0.0;2.7043477680063632,0.9020778873800706,-4.320168271404067,0.2942995184134901,-2.0089989692686694,-3.1459746294920774;0.0,0.0,0.0;1.0,0.0,0.0,0.0
0.0;2.703218219773892,0.8875797785964318,-4.33676202788578,0.28399607616152656,-2.0089633711078605,-3.140316536275692;0.0,0.0,0.0;1.0,0.0,0.0,0.0
0.0;2.703937141563541,0.8949518208096452,-4.329081863554154,0.28993059326373216,-2.0087956155308593,-3.142991342013721;0.0,0.0,0.0;1.0,0.0,0.0,0.0
0.0;2.705612068064581,0.8959281610455584,-4.336949165224758,0.2990406798125802,-2.0067391168689275,-3.1411544746506452;0.0,0.0,0.0;1.0,0.0,0.0,0.0
0.0;2.7056707477228428,0.8963918510003852,-4.33638233710284,0.29924926322252454,-2.0067229432571994,-3.1413182951059664;0.0,0.0,0.0;1.0,0.0,0.0,0.0
0.0;2.7056828538380593,0.8962758406887437,-4.336379296302715,0.2988804836462795,-2.006699740200531,-3.1412689297736716;0.0,0.0,0.0;1.0,0.0,0.0,0.0
0.0;2.705703339498766,0.8964695905650587,-4.336058369415652,0.29881969386506835,-2.0066815535543823,-3.1413561593289887;0.0,0.0,0.0;1.0,0.0,0.0,0.0
0.0;2.705687451737977,0.8962735120271927,-4.336176218389552,0.2985079874938895,-2.006677728025525,-3.1413030104859456;0.0,0.0,0.0;1.0,0.0,0.0,0.0
0.0;2.705703572817995,0.8964796377251245,-4.335860493522498,0.29852146375330546,-2.0066738869284437,-3.1414028185156084;0.0,0.0,0.0;1.0,0.0,0.0,0.0
