0.0;3.1474669160196984,-0.36952843675904845,-1.18937868576166,-1.5590684329418996,-1.5801774496427106,-1.5592778065298283;0.0,0.0,0.0;1.0,0.0,0.0,0.0
0.0;3.1609784582386817,-0.3471791359284203,-1.1685295806286877,-1.537809450489659,-1.6004437765204909,-1.5386060325286235;0.0,0.0,0.0;1.0,0.0,0.0,0.0
0.0;3.1784106875151923,-0.3117677534245977,-1.1385062715126675,-1.5076213329251753,-1.626590847743039,-1.5095347506534185;0.0,0.0,0.0;1.0,0.0,0.0,0.0
0.0;3.2005785522565304,-0.2656608302565374,-1.0989023446303583,-1.4688532608115055,-1.659649330315628,-1.4728848419145653;0.0,0.0,0.0;1.0,0.0,0.0,0.0
0.0;3.22671358804371,-0.2115564966389768,-1.0487878423223245,-1.4228140495148605,-1.6988020519026874,-1.4309795635172542;0.0,0.0,0.0;1.0,0.0,0.0,0.0
0.0;3.2695836794283424,-0.12110279152776718,-0.9585551851742663,-1.3346774215565758,-1.7630920781132005,-1.3453128132059644;0.0,0.0,0.0;1.0,0.0,0.0,0.0
0.0;3.284052646096413,-0.1299673483009593,-0.9270174771543335,-1.3021006268682764,-1.756026277683832,-1.3131503754301683;0.0,0.0,0.0;1.0,0.0,0.0,0.0
0.0;3.2988324550809778,-0.12866739742649125,-0.9002263736188918,-1.2697608722974394,-1.7549645716340774,-1.2817233259265128;0.0,0.0,0.0;1.0,0.0,0.0,0.0
0.0;3.318337400834849,-0.1088283097556038,-0.8674411303383058,-1.2268077875286352,-1.7660386468856715,-1.2395661445448114;0.0,0.0,0.0;1.0,0.0,0.0,0.0
0.0;3.3353948551013692,-0.0926734559336033,-0.840704257433363,-1.1855935164434368,-1.7733669421896836,-1.1995979800315522;0.0,0.0,0.0;1.0,0.0,0.0,0.0
0.0;3.3546659821065297,-0.06990120087128579,-0.8082133556702895,-1.1382025174490573,-1.788573298709355,-1.1548312535677243;0.0,0.0,0.0;1.0,0.0,0.0,0.0
0.0;3.3770309435337618,-0.03953065645999902,-0.7693449164716099,-1.083292716901458,-1.8151622598574544,-1.103967085167948;0.0,0.0,0.0;1.0,0.0,0.0,0.0
0.0;3.400706905267979,-0.007513515455133594,-0.7295116604482512,-1.0240932575706065,-1.8468734806742113,-1.0504942137893962;0.0,0.0,0.0;1.0,0.0,0.0,0.0
0.0;3.425688929334661,0.02457693542158804,-0.6897971431334066,-0.9612183986270473,-1.8814907113773127,-0.9925100902053262;0.0,0.0,0.0;1.0,0.0,0.0,0.0
0.0;3.45154065954713,0.055919158619176186,-0.651116947522026,-0.8961224414352958,-1.9189117425377613,-0.9314873176032097;0.0,0.0,0.0;1.0,0.0,0.0,0.0
0.0;3.4779777438762407,0.08546790172910337,-0.6143991761144475,-0.8311743974682166,-1.9581825658481427,-0.865721237008189;0.0,0.0,0.0;1.0,0.0,0.0,0.0
0.0;3.5058937591544903,0.11603150575268031,-0.5764738926988257,-0.7645545155740596,-2.0001389982815647,-0.7960173286863237;0.0,0.0,0.0;1.0,0.0,0.0,0.0
0.0;3.5467333252207247,0.1812084050767835,-0.5008548424756908,-0.6679053005720781,-2.06241094922179,-0.6997382276331829;0.0,0.0,0.0;1.0,0.0,0.0,0.0
0.0;3.589448634320443,0.2581057633687798,-0.41873716180614295,-0.5642272783643635,-2.127848338904225,-0.5983510732973132;0.0,0.0,0.0;1.0,0.0,0.0,0.0
0.0;3.6291563548581873,0.33951191698707184,-0.3372349366601199,-0.46415107244866555,-2.1887886475102536,-0.5202066866105504;0.0,0.0,0.0;1.0,0.0,0.0,0.0
0.0;3.6740645093179563,0.4334951898078631,-0.2523446360769328,-0.3514954065191396,-2.2578591992871835,-0.4399647283577361;0.0,0.0,0.0;1.0,0.0,0.0,0.0
0.0;3.7190172742661978,0.5292080991188757,-0.1677393391706333,-0.23846587436581593,-2.3270759898596043,-0.37925661321982546;0.0,0.0,0.0;1.0,0.0,0.0,0.0
0.0;3.7289847833098624,0.5560545347784032,-0.08602546357723928,-0.12656642687291583,-2.395153657874891,-0.3187395893293568;0.0,0.0,0.0;1.0,0.0,0.0,0.0
0.0;3.768899631454058,0.611548164117124,0.01810135580643616,-0.015893823654622108,-2.4624677749387707,-0.26111009715080946;0.0,0.0,0.0;1.0,0.0,0.0,0.0
0.0;3.8169724658335795,0.6945721492117947,0.13105360432417315,0.10143155528031199,-2.535435098598014,-0.231013207680625;0.0,0.0,0.0;1.0,0.0,0.0,0.0
0.0;3.859190618538517,0.7733360324963925,0.24510992509636034,0.2230797773925784,-2.6092619025647155,-0.26113397139233063;0.0,0.0,0.0;1.0,0.0,0.0,0.0
0.0;3.901803044144843,0.8640468235893257,0.35429558830255276,0.33552065891203786,-2.6774816877792285,-0.30842670870528965;0.0,0.0,0.0;1.0,0.0,0.0,0.0
0.0;3.9271059647251096,0.9566543253926392,0.4619964663260166,0.44498112892367697,-2.7441923232557204,-0.36142132127682275;0.0,0.0,0.0;1.0,0.0,0.0,0.0
0.0;3.9700100959800566,1.0549012933427149,0.5760307431351852,0.5529558039349094,-2.8146335091666224,-0.42874450196439257;0.0,0.0,0.0;1.0,0.0,0.0,0.0
0.0;3.988926039968963,1.0953935912641843,0.6238374984043376,0.6019102107952868,-2.798688240934248,-0.45949349380359045;0.0,0.0,0.0;1.0,0.0,0.0,0.0
0.0;4.0058040231517635,1.1395898827710509,0.6741871693235479,0.6486033209412558,-2.798835737913875,-0.4739228007165122;0.0,0.0,0.0;1.0,0.0,0.0,0.0
0.0;4.0288052295025825,1.1932896030055629,0.7345528279073064,0.6909918472310055,-2.8234248869653973,-0.47557425020448607;0.0,0.0,0.0;1.0,0.0,0.0,0.0
0.0;4.050718067197513,1.2427754188604936,0.7896232898614628,0.7254299649669742,-2.849365466374595,-0.4661653615353248;0.0,0.0,0.0;1.0,0.0,0.0,0.0
0.0;4.0733426742396635,1.294984701450271,0.8472049381637364,0.7609267883909947,-2.877499831821594,-0.45513740244342177;0.0,0.0,0.0;1.0,0.0,0.0,0.0
0.0;4.097668041982678,1.3505023165346435,0.9082135956956853,0.7976207906478859,-2.911344915237956,-0.4459596596751739;0.0,0.0,0.0;1.0,0.0,0.0,0.0
0.0;4.122915525315996,1.4076387593499662,0.9708095148289493,0.8333054701316104,-2.9479550966552828,-0.4380970562072665;0.0,0.0,0.0;1.0,0.0,0.0,0.0
0.0;4.1601120312829725,1.4980016851093068,1.0663447197164184,0.9088100317578179,-3.0078103418114677,-0.43922069954749826;0.0,0.0,0.0;1.0,0.0,0.0,0.0
0.0;4.184833914749508,1.5933263151437584,1.1704221457995538,1.0101799885895895,-3.0718302854374073,-0.4751512634475533;0.0,0.0,0.0;1.0,0.0,0.0,0.0
0.0;4.180319017949926,1.6867879737636227,1.2724183875485036,1.1087499916836887,-3.1350751300043047,-0.5242930981244854;0.0,0.0,0.0;1.0,0.0,0.0,0.0
0.0;4.179005570133959,1.790905153528876,1.3854036386630273,1.21961007689277,-3.2058366015421074,-0.5726941110964827;0.0,0.0,0.0;1.0,0.0,0.0,0.0
0.0;4.145974050368935,1.873872819603883,1.5173924495310962,1.3535709659341761,-3.2884686701267407,-0.6193923256166615;0.0,0.0,0.0;1.0,0.0,0.0,0.0
0.0;4.110872538369787,1.9609374326412623,1.6460976924547523,1.4848645591714007,-3.3691185933895333,-0.6336516628877888;0.0,0.0,0.0;1.0,0.0,0.0,0.0
0.0;4.101180154342602,1.9995361134223903,1.7241954812391558,1.5640952672749324,-3.418096091746301,-0.5672716561396642;0.0,0.0,0.0;1.0,0.0,0.0,0.0
0.0;4.126399798325246,1.9558035147063209,1.8189231553758485,1.6329870111379128,-3.4775455554839416,-0.48143776946579536;0.0,0.0,0.0;1.0,0.0,0.0,0.0
0.0;4.122438166023857,1.9616667405830295,1.8351427575378059,1.6743088531294872,-3.502878888698468,-0.47409182183704873;0.0,0.0,0.0;1.0,0.0,0.0,0.0
0.0;4.127198346921022,1.9528045437268227,1.8541720156585257,1.6995050684020534,-3.527947050604127,-0.46257967553104856;0.0,0.0,0.0;1.0,0.0,0.0,0.0
0.0;4.140022083406332,1.9202230137384595,1.89306163346569,1.7204268391699808,-3.5540757557221343,-0.44722191604972683;0.0,0.0,0.0;1.0,0.0,0.0,0.0
0.0;4.151662010082791,1.891556397243055,1.9252756342504975,1.7400242016009109,-3.576940075264033,-0.44348558467211596;0.0,0.0,0.0;1.0,0.0,0.0,0.0
0.0;4.1637332515963,1.8644713011727225,1.9537483911432123,1.7619731868962076,-3.597792489790198,-0.43746852443969503;0.0,0.0,0.0;1.0,0.0,0.0,0.0
0.0;4.17910886284118,1.8500129789328383,1.9884428389340407,1.788285758791513,-3.620466963720328,-0.432599900089628;0.0,0.0,0.0;1.0,0.0,0.0,0.0
0.0;4.194401696511738,1.8495450595345522,2.0220411501238837,1.8200580889456106,-3.642117928646169,-0.43365517432856276;0.0,0.0,0.0;1.0,0.0,0.0,0.0
0.0;4.206962070516449,1.86117825485674,2.056119367261231,1.853462376334329,-3.664037133176061,-0.4364395905211042;0.0,0.0,0.0;1.0,0.0,0.0,0.0
0.0;4.216132087940857,1.8886381565003716,2.094648551385364,1.8914137234634123,-3.6883247728866095,-0.4443003498068909;0.0,0.0,0.0;1.0,0.0,0.0,0.0
0.0;4.20834144959493,1.9187980014636858,2.1340985588099657,1.9270333114623908,-3.713021040422498,-0.45429690909113396;0.0,0.0,0.0;1.0,0.0,0.0,0.0
0.0;4.19287938778444,1.9449779952388468,2.1655736387306,1.9593374193447592,-3.7327325640346296,-0.4562376580100354;0.0,0.0,0.0;1.0,0.0,0.0,0.0
0.0;4.181587526695156,1.9552232554066538,2.1960340296081773,1.99067908779919,-3.7517314642998185,-0.4622839131846849;0.0,0.0,0.0;1.0,0.0,0.0,0.0
0.0;4.173528073487987,1.9458179327782796,2.2257820447699883,2.0206794408676236,-3.770237824211839,-0.459737279044757;0.0,0.0,0.0;1.0,0.0,0.0,0.0
0.0;4.165460597289362,1.9205979990986943,2.252808449095436,2.040860428680136,-3.7870372442683156,-0.45295018843486023;0.0,0.0,0.0;1.0,0.0,0.0,0.0
0.0;4.158457178352444,1.8908701815793534,2.2804933284213034,2.0505433397197375,-3.8042233095234335,-0.44596494918467533;0.0,0.0,0.0;1.0,0.0,0.0,0.0
0.0;4.158952995833188,1.858839458679501,2.3045655202735755,2.0485239490073757,-3.8191571057290608,-0.4440385043197673;0.0,0.0,0.0;1.0,0.0,0.0,0.0
0.0;4.1654114588105715,1.8312539522462639,2.327328106192814,2.0426369422536172,-3.8332721092653324,-0.44057310681457285;0.0,0.0,0.0;1.0,0.0,0.0,0.0
0.0;4.173092913084989,1.8205500949933768,2.351891588955318,2.0267299662063314,-3.8484965118780012,-0.43822763708445744;0.0,0.0,0.0;1.0,0.0,0.0,0.0
0.0;4.182117368858568,1.8182723919067334,2.3755440913065153,2.0036940760657083,-3.8631524680168323,-0.43444000776586916;0.0,0.0,0.0;1.0,0.0,0.0,0.0
0.0;4.193990646180945,1.8235747881698576,2.4013096607599493,1.9847187521194594,-3.8791145332727264,-0.43593948964452667;0.0,0.0,0.0;1.0,0.0,0.0,0.0
0.0;4.204384979791375,1.8384219233932966,2.423453816275065,1.963294840396934,-3.892832106394293,-0.4364169938558897;0.0,0.0,0.0;1.0,0.0,0.0,0.0
0.0;4.212906816702924,1.8539504522622143,2.443993985778335,1.9435977592743368,-3.905555089600234,-0.43510946313895527;0.0,0.0,0.0;1.0,0.0,0.0,0.0
0.0;4.217140271142006,1.8705516480429571,2.458743663492627,1.9297693793625021,-3.91799688771836,-0.43445444560214275;0.0,0.0,0.0;1.0,0.0,0.0,0.0
0.0;4.2154363912010036,1.8860366342202324,2.4670192373395987,1.9147503115571576,-3.92825070467947,-0.43725807934840727;0.0,0.0,0.0;1.0,0.0,0.0,0.0
0.0;4.207648278351735,1.897869910072667,2.4684630377135606,1.8972816151637564,-3.9370497595770066,-0.44452042697871447;0.0,0.0,0.0;1.0,0.0,0.0,0.0
0.0;4.197628377410929,1.9018530942733507,2.4715340211652648,1.8801510058023758,-3.9461699796410503,-0.4552541799240505;0.0,0.0,0.0;1.0,0.0,0.0,0.0
0.0;4.185685492728782,1.895552235847843,2.471855651833332,1.8645613747855714,-3.9524755788738926,-0.46457946509610826;0.0,0.0,0.0;1.0,0.0,0.0,0.0
0.0;4.174774724025951,1.8856065304652567,2.47321399448396,1.8482025731399332,-3.9585309052664246,-0.47336398943799385;0.0,0.0,0.0;1.0,0.0,0.0,0.0
0.0;4.169298655727952,1.8742215918279377,2.475999818636157,1.8337404592680173,-3.9647324875599166,-0.4797880786431393;0.0,0.0,0.0;1.0,0.0,0.0,0.0
0.0;4.168919266636602,1.8639522447478085,2.4768258455003016,1.8292954487108863,-3.969784593721962,-0.48051497083612227;0.0,0.0,0.0;1.0,0.0,0.0,0.0
0.0;4.169323620903349,1.856807561896437,2.4761109673027253,1.8318654204609337,-3.974784756314872,-0.4726937331682862;0.0,0.0,0.0;1.0,0.0,0.0,0.0
0.0;4.172255220806342,1.8584166378147395,2.4751868206142706,1.8379203838047249,-3.981392662138155,-0.45963142087039016;0.0,0.0,0.0;1.0,0.0,0.0,0.0
0.0;4.1776881044382925,1.8682828018819386,2.4739537476896736,1.8486495246500427,-3.9891808504127653,-0.44245955378997126;0.0,0.0,0.0;1.0,0.0,0.0,0.0
0.0;4.183592770620351,1.8787953506861275,2.472023452001925,1.861229632231954,-3.996927564685454,-0.4221332574033304;0.0,0.0,0.0;1.0,0.0,0.0,0.0
0.0;4.188307738657014,1.8873707403817412,2.4740843508963586,1.8711737513901363,-4.003027847876059,-0.40601658877246816;0.0,0.0,0.0;1.0,0.0,0.0,0.0
0.0;4.195357589407282,1.8941034322285792,2.4752212213500933,1.8849807050290073,-4.011290591647173,-0.3965965174870681;0.0,0.0,0.0;1.0,0.0,0.0,0.0
0.0;4.202953853199575,1.8933622297381392,2.478077743548204,1.9009777947362054,-4.019949393500036,-0.4002823554510354;0.0,0.0,0.0;1.0,0.0,0.0,0.0
0.0;4.210913332994587,1.8835267371785895,2.473116823698252,1.917746954473425,-4.028887565266501,-0.4151812572002944;0.0,0.0,0.0;1.0,0.0,0.0,0.0
0.0;4.216648960203131,1.87308077208604,2.473975486186061,1.933716751232921,-4.038807874918543,-0.43317645669566;0.0,0.0,0.0;1.0,0.0,0.0,0.0
0.0;4.220964145626373,1.857791820818754,2.4727278915469846,1.9472525178159232,-4.046080717013351,-0.44664863593910825;0.0,0.0,0.0;1.0,0.0,0.0,0.0
0.0;4.222745885058343,1.8425329743752015,2.4736894288252222,1.9585176155735435,-4.0519819490149676,-0.45910082131616115;0.0,0.0,0.0;1.0,0.0,0.0,0.0
0.0;4.221162029888938,1.8301837037488675,2.4757640958304354,1.9674852079310814,-4.057124807005367,-0.4701526777787102;0.0,0.0,0.0;1.0,0.0,0.0,0.0
0.0;4.222116105680144,1.8254798388059426,2.4766710161605006,1.9714461564692027,-4.0860701641399215,-0.4754193876569107;0.0,0.0,0.0;1.0,0.0,0.0,0.0
0.0;4.219177743601228,1.8232720649946446,2.47729991146526,1.9759068363196508,-4.088410499737267,-0.47751331439743033;0.0,0.0,0.0;1.0,0.0,0.0,0.0
0.0;4.21443638965265,1.8257420760753704,2.4754068492759655,1.9762867969777025,-4.0925663841600475,-0.4740840731536701;0.0,0.0,0.0;1.0,0.0,0.0,0.0
0.0;4.2106520218805175,1.8310487694005981,2.4737468856058658,1.9706522343825277,-4.101753261622112,-0.46518137424120537;0.0,0.0,0.0;1.0,0.0,0.0,0.0
0.0;4.204829094170224,1.8397981864887427,2.472165388263623,1.9615392014093156,-4.108315809531108,-0.4514714869721338;0.0,0.0,0.0;1.0,0.0,0.0,0.0
0.0;4.192733152749249,1.8499784064707776,2.469953314088146,1.9590511461045688,-4.114412786683406,-0.43598942247518524;0.0,0.0,0.0;1.0,0.0,0.0,0.0
0.0;4.179405301315003,1.8580696828229035,2.4704661845815585,1.9626684440329791,-4.119882135235292,-0.4237253783155403;0.0,0.0,0.0;1.0,0.0,0.0,0.0
0.0;4.17224029532252,1.868614271364556,2.469660786730263,1.9687281871786677,-4.127597720897562,-0.41671400949959364;0.0,0.0,0.0;1.0,0.0,0.0,0.0
0.0;4.174504077545277,1.8810944763741997,2.4695842469242524,1.9776602748514633,-4.134100243256995,-0.42249860208984735;0.0,0.0,0.0;1.0,0.0,0.0,0.0
0.0;4.177874690908228,1.8920109547059052,2.4690610605791976,1.9913490614386031,-4.142119955254701,-0.43736264067126035;0.0,0.0,0.0;1.0,0.0,0.0,0.0
0.0;4.183265197886528,1.897554611143214,2.4681506314516195,2.007879148889175,-4.151534981737619,-0.4560988465511881;0.0,0.0,0.0;1.0,0.0,0.0,0.0
0.0;4.189917574335447,1.890582110871144,2.466123017127006,2.023603670588472,-4.160048006884574,-0.47539912536115553;0.0,0.0,0.0;1.0,0.0,0.0,0.0
0.0;4.195156565929283,1.875987899476501,2.4674454619791715,2.036083759862296,-4.166659912313904,-0.4899466014899898;0.0,0.0,0.0;1.0,0.0,0.0,0.0
0.0;4.200640804692494,1.8607943008066845,2.4698691820387855,2.0484284330759217,-4.173280714651334,-0.498953800501443;0.0,0.0,0.0;1.0,0.0,0.0,0.0
0.0;4.206603129315971,1.8425905193771235,2.4688726863327024,2.0608842700162846,-4.179916995580709,-0.4963012318202735;0.0,0.0,0.0;1.0,0.0,0.0,0.0
0.0;4.211735614817214,1.8252549204702766,2.4701928805812736,2.070715949055488,-4.185507955983473,-0.4878512438964916;0.0,0.0,0.0;1.0,0.0,0.0,0.0
0.0;4.21655109609494,1.8091291233872902,2.4723833126647894,2.077533612395656,-4.190681821824782,-0.4792168889019601;0.0,0.0,0.0;1.0,0.0,0.0,0.0
0.0;4.221848834300041,1.7923411912019727,2.4721225338178057,2.0789371883465657,-4.196231960758655,-0.46680300712531114;0.0,0.0,0.0;1.0,0.0,0.0,0.0
0.0;4.225817732022886,1.7796530555078747,2.4732519471312804,2.0726887757467476,-4.200370518876232,-0.45659956723257666;0.0,0.0,0.0;1.0,0.0,0.0,0.0
0.0;4.228031963281909,1.774839940986088,2.4755384670998257,2.070633887307536,-4.202698269500347,-0.45138343890572286;0.0,0.0,0.0;1.0,0.0,0.0,0.0
0.0;4.227293249535832,1.7726181975501778,2.477250276021466,2.0732001894928835,-4.2049693435306414,-0.4484702245492538;0.0,0.0,0.0;1.0,0.0,0.0,0.0
0.0;4.2224344773934375,1.7753667397394113,2.471535931750859,2.075610840689259,-4.2089221852068395,-0.4496538028525753;0.0,0.0,0.0;1.0,0.0,0.0,0.0
0.0;4.219234503096119,1.7875016039446785,2.4700357339759567,2.0752938071606684,-4.216016877856917,-0.45312994150179947;0.0,0.0,0.0;1.0,0.0,0.0,0.0
0.0;4.217210571156214,1.7991917613978219,2.4684199968322824,2.065676668366788,-4.2223818425974216,-0.46423487482508297;0.0,0.0,0.0;1.0,0.0,0.0,0.0
0.0;4.2092260205277405,1.8082993470064452,2.4688962212028343,2.057094114616892,-4.227317224937338,-0.4756583353712266;0.0,0.0,0.0;1.0,0.0,0.0,0.0
0.0;4.195821510034867,1.8203283036669158,2.4675696121310478,2.0558477972012734,-4.233313947000289,-0.4861455081606831;0.0,0.0,0.0;1.0,0.0,0.0,0.0
0.0;4.184903336455573,1.8295234027778382,2.4677882220862584,2.0503242802555093,-4.237841120256598,-0.4943176128259462;0.0,0.0,0.0;1.0,0.0,0.0,0.0
0.0;4.177772971543674,1.8414036220927532,2.4694575999797017,2.0401984733727057,-4.243513183473142,-0.4949005427312759;0.0,0.0,0.0;1.0,0.0,0.0,0.0
0.0;4.173208624331201,1.8524645302621436,2.4679993721557434,2.038141921717084,-4.2487346551401055,-0.4849738553743771;0.0,0.0,0.0;1.0,0.0,0.0,0.0
0.0;4.175032131264298,1.8644994235949948,2.4632418216199676,2.041843986197466,-4.254353081554208,-0.47246558279024736;0.0,0.0,0.0;1.0,0.0,0.0,0.0
0.0;4.179693757292733,1.8719680508405447,2.464436879800703,2.0425009638363196,-4.26212806551493,-0.4570289245147452;0.0,0.0,0.0;1.0,0.0,0.0,0.0
0.0;4.184201368799642,1.8773791365527417,2.467722064210688,2.0464490759664686,-4.269070242667988,-0.4378708519342708;0.0,0.0,0.0;1.0,0.0,0.0,0.0
0.0;4.1893482313292285,1.8803096768594005,2.465386734377811,2.0553107149620296,-4.275380802425921,-0.4186403211258146;0.0,0.0,0.0;1.0,0.0,0.0,0.0
0.0;4.198341019093763,1.8814338563446327,2.466968286781475,2.0640420576148792,-4.284957584479902,-0.40470175014296556;0.0,0.0,0.0;1.0,0.0,0.0,0.0
0.0;4.205601084315264,1.8707657326757852,2.4655168955290554,2.0737998492447107,-4.292642847422482,-0.39996202838402484;0.0,0.0,0.0;1.0,0.0,0.0,0.0
0.0;4.210070995360435,1.8582360269232894,2.466743780688213,2.083162080620756,-4.2978037551866874,-0.40576720979482517;0.0,0.0,0.0;1.0,0.0,0.0,0.0
0.0;4.211103282889702,1.8470142283165394,2.466596070676139,2.0965658434599876,-4.305337721070025,-0.41784187777259413;0.0,0.0,0.0;1.0,0.0,0.0,0.0
0.0;4.2113312201892965,1.8307657520379799,2.464003790964761,2.1101376420749984,-4.312621974695218,-0.4317555437011117;0.0,0.0,0.0;1.0,0.0,0.0,0.0
0.0;4.213236163630024,1.8201966143528319,2.4645775092957405,2.117468210456143,-4.319455149153296,-0.44835808025468826;0.0,0.0,0.0;1.0,0.0,0.0,0.0
0.0;4.219257182151802,1.8168494650117835,2.4671696331269595,2.1228344742168295,-4.326436716637643,-0.46626144491309013;0.0,0.0,0.0;1.0,0.0,0.0,0.0
0.0;4.224112059687851,1.8232731928573982,2.468430640855876,2.130603134746057,-4.332674997051497,-0.48265185158807994;0.0,0.0,0.0;1.0,0.0,0.0,0.0
0.0;4.229711673649443,1.8316501169234898,2.467919157846408,2.132449125008901,-4.339325465672199,-0.4999021691372205;0.0,0.0,0.0;1.0,0.0,0.0,0.0
0.0;4.232065398729159,1.8327362968309504,2.469202541350314,2.129671177968804,-4.342131528500931,-0.507404106495953;0.0,0.0,0.0;1.0,0.0,0.0,0.0
0.0;4.2310014171286445,1.8354895174447574,2.4711790904104065,2.132002199007213,-4.344558643924923,-0.5086707173101175;0.0,0.0,0.0;1.0,0.0,0.0,0.0
0.0;4.226297546575554,1.8422856140485389,2.473004068281518,2.131682017012636,-4.34897035420831,-0.5032245462021895;0.0,0.0,0.0;1.0,0.0,0.0,0.0
0.0;4.216132810832887,1.85262873526734,2.4653847802405235,2.1262936221377857,-4.354125692869909,-0.49086649278165806;0.0,0.0,0.0;1.0,0.0,0.0,0.0
0.0;4.201355309763687,1.8640460336560325,2.4600151746497048,2.120958993626887,-4.359487444103727,-0.4752893035589789;0.0,0.0,0.0;1.0,0.0,0.0,0.0
0.0;4.192025470769256,1.8719445114385482,2.4594631132147087,2.115657565305456,-4.365164437939366,-0.4580302175123166;0.0,0.0,0.0;1.0,0.0,0.0,0.0
0.0;4.189829804168652,1.8782444570614247,2.4660207316752243,2.1079148843970352,-4.370314077900558,-0.4416771937524942;0.0,0.0,0.0;1.0,0.0,0.0,0.0
0.0;4.189508738180406,1.883745634491333,2.469588201430336,2.1034002798540614,-4.374326873461662,-0.4286181799053528;0.0,0.0,0.0;1.0,0.0,0.0,0.0
0.0;4.193577376712986,1.8897533725519746,2.466771128492387,2.108785036464956,-4.381742682765713,-0.4185514974922756;0.0,0.0,0.0;1.0,0.0,0.0,0.0
0.0;4.199617568448182,1.8914594420539586,2.461210534456258,2.121186972312164,-4.389490065626107,-0.41734874035229336;0.0,0.0,0.0;1.0,0.0,0.0,0.0
0.0;4.205108952832744,1.885519808178543,2.4587975693836945,2.131517856744099,-4.395843929734836,-0.43029775311338037;0.0,0.0,0.0;1.0,0.0,0.0,0.0
0.0;4.212575647904686,1.8770771273990001,2.4596187959219775,2.1384103817174487,-4.403656667621248,-0.44670131915892314;0.0,0.0,0.0;1.0,0.0,0.0,0.0
0.0;4.213416363875877,1.8709288653620457,2.464780509074472,2.1509783576106547,-4.410576056154528,-0.46000885772084105;0.0,0.0,0.0;1.0,0.0,0.0,0.0
0.0;4.2162218105651865,1.8605061856726761,2.4651347245375157,2.1616541716308437,-4.416227132951505,-0.4733071226603655;0.0,0.0,0.0;1.0,0.0,0.0,0.0
0.0;4.220743817314541,1.8477115487826035,2.4655902393263514,2.167621490101245,-4.420615531847917,-0.4842508863175359;0.0,0.0,0.0;1.0,0.0,0.0,0.0
0.0;4.223779303795603,1.8364686947472681,2.464870278594023,2.17247403064283,-4.424585203994322,-0.48964572755396685;0.0,0.0,0.0;1.0,0.0,0.0,0.0
0.0;4.222898583666354,1.8315344068477288,2.467357917672043,2.180008301392002,-4.428265148359886,-0.48716075222550553;0.0,0.0,0.0;1.0,0.0,0.0,0.0
0.0;4.225885388329097,1.8309758190522187,2.4684381611327066,2.182196680371627,-4.433324825261688,-0.47590601338492555;0.0,0.0,0.0;1.0,0.0,0.0,0.0
0.0;4.22940053725736,1.8372674761118022,2.464184779153595,2.1823727949743894,-4.43815339862663,-0.4637781096889063;0.0,0.0,0.0;1.0,0.0,0.0,0.0
0.0;4.228568403888064,1.8464162068603542,2.4643102046184575,2.1845980528581075,-4.443568070537235,-0.44747209192422865;0.0,0.0,0.0;1.0,0.0,0.0,0.0
0.0;4.227861664587377,1.8566160125671198,2.466712732398817,2.1829929643058072,-4.449187847685451,-0.42911643767469887;0.0,0.0,0.0;1.0,0.0,0.0,0.0
0.0;4.226688526123669,1.8647414026348188,2.463527462657019,2.178691053223346,-4.453317022630009,-0.4155918741041284;0.0,0.0,0.0;1.0,0.0,0.0,0.0
0.0;4.224073721744947,1.871398710622175,2.4638686366748703,2.173770935652584,-4.457016542366213,-0.40851759498460566;0.0,0.0,0.0;1.0,0.0,0.0,0.0
0.0;4.218535936847908,1.8770476238834424,2.464605211162142,2.1713828511519435,-4.460367990350163,-0.4105033263845475;0.0,0.0,0.0;1.0,0.0,0.0,0.0
0.0;4.211150983730694,1.8761057217841561,2.462821707588113,2.166544841428122,-4.464715671732273,-0.41731065334401896;0.0,0.0,0.0;1.0,0.0,0.0,0.0
0.0;4.199483329734181,1.8693170112822939,2.4616671331529645,2.166433408785387,-4.468094849329492,-0.4228558176027694;0.0,0.0,0.0;1.0,0.0,0.0,0.0
0.0;4.187700351560562,1.8609046313892503,2.463467505244876,2.1706515065047665,-4.471345681343494,-0.43036320923379157;0.0,0.0,0.0;1.0,0.0,0.0,0.0
0.0;4.186954229123127,1.8497621922138405,2.4648577488234285,2.1725611701454235,-4.475065902946395,-0.44028286874651273;0.0,0.0,0.0;1.0,0.0,0.0,0.0
0.0;4.187187422587635,1.8383870646427016,2.464150417429,2.175249419966881,-4.478392417631555,-0.449503487947465;0.0,0.0,0.0;1.0,0.0,0.0,0.0
0.0;4.188434852135147,1.8332763554377574,2.4650006052168822,2.183993719799679,-4.482746344304096,-0.46202374335314234;0.0,0.0,0.0;1.0,0.0,0.0,0.0
0.0;4.191271300745703,1.8364407311444528,2.4630599147709256,2.1917433487743936,-4.486816073309092,-0.4745535961288533;0.0,0.0,0.0;1.0,0.0,0.0,0.0
0.0;4.197808094706417,1.845611952833961,2.4632981232508335,2.1937203904895406,-4.493414596950912,-0.48044911541699314;0.0,0.0,0.0;1.0,0.0,0.0,0.0
0.0;4.205137973604882,1.8591720967487593,2.465282818977154,2.1917832284588514,-4.500561829894594,-0.4760621846374248;0.0,0.0,0.0;1.0,0.0,0.0,0.0
0.0;4.210131414967971,1.86875794537192,2.464717232529757,2.1881223420225684,-4.505365118570354,-0.4647338431698073;0.0,0.0,0.0;1.0,0.0,0.0,0.0
0.0;4.21276297754796,1.8787450536524275,2.463011174477683,2.193917596641952,-4.510164584947745,-0.4540130800934955;0.0,0.0,0.0;1.0,0.0,0.0,0.0
0.0;4.217891913501421,1.8833529390421768,2.462452206680583,2.1995534314578227,-4.514797199771195,-0.44288275603152805;0.0,0.0,0.0;1.0,0.0,0.0,0.0
0.0;4.221604948648864,1.8769663678374902,2.4628594878485246,2.201117188188045,-4.518134768276677,-0.43317980189447614;0.0,0.0,0.0;1.0,0.0,0.0,0.0
0.0;4.2249151672527825,1.8672019910191082,2.4602547951221094,2.203734749138207,-4.522012968782949,-0.4271649998808862;0.0,0.0,0.0;1.0,0.0,0.0,0.0
0.0;4.224992842726437,1.8619381513506907,2.4627191419870575,2.213650484415067,-4.526910314895879,-0.42579230336590057;0.0,0.0,0.0;1.0,0.0,0.0,0.0
0.0;4.222741427556505,1.8552660419024116,2.4632020368067895,2.2205705570993794,-4.530548221487994,-0.4323900816947258;0.0,0.0,0.0;1.0,0.0,0.0,0.0
0.0;4.222467410149761,1.842280588554866,2.462483883205712,2.22585378425783,-4.535130623325013,-0.4427734284887052;0.0,0.0,0.0;1.0,0.0,0.0,0.0
0.0;4.225095985086434,1.8291717081193613,2.4634748206750183,2.2276499575614044,-4.539077504773898,-0.45141579411734784;0.0,0.0,0.0;1.0,0.0,0.0,0.0
0.0;4.2253140749525695,1.8230536915404898,2.465843948975191,2.2345630727115315,-4.542244066190403,-0.4598275069541328;0.0,0.0,0.0;1.0,0.0,0.0,0.0
0.0;4.2235951814442965,1.8224589914666478,2.4676704875716657,2.238035436907205,-4.544218540652754,-0.46496075771495854;0.0,0.0,0.0;1.0,0.0,0.0,0.0
0.0;4.224052428561946,1.8192908160450643,2.467833625082654,2.238732532030668,-4.545234099295426,-0.46713436880268183;0.0,0.0,0.0;1.0,0.0,0.0,0.0
0.0;4.2235299428183986,1.8188792490417118,2.465326533655451,2.2415842561907775,-4.546674987960733,-0.46820138415003665;0.0,0.0,0.0;1.0,0.0,0.0,0.0
0.0;4.2224886861451925,1.8191499652801828,2.466232133361051,2.243386889754377,-4.547593825624935,-0.4690123959227929;0.0,0.0,0.0;1.0,0.0,0.0,0.0
0.0;4.222001087755347,1.8190127819314592,2.466896624127718,2.244320136561679,-4.548165092592917,-0.4694479434041832;0.0,0.0,0.0;1.0,0.0,0.0,0.0
0.0;4.222404502057643,1.819827441880262,2.4643512536502845,2.2437541572179156,-4.548937750605452,-0.4693291269344622;0.0,0.0,0.0;1.0,0.0,0.0,0.0
0.0;4.222061762389072,1.8201769800856866,2.4636983041409626,2.2445797383488317,-4.549340136116832,-0.4693837823826078;0.0,0.0,0.0;1.0,0.0,0.0,0.0
0.0;4.22428015862688,1.8235463185890493,2.4669304369073948,2.240580707857728,-4.55153667189272,-0.46747286887141476;0.0,0.0,0.0;1.0,0.0,0.0,0.0
0.0;4.224935263689958,1.8301078915101094,2.4653714511197284,2.243250267896287,-4.554215099038324,-0.46081328585438597;0.0,0.0,0.0;1.0,0.0,0.0,0.0
0.0;4.2317281962148785,1.8384396269213241,2.4651627128169866,2.2438194115875834,-4.560085774402339,-0.45593035263924103;0.0,0.0,0.0;1.0,0.0,0.0,0.0
0.0;4.235838885739642,1.8471329327193902,2.4643940240847573,2.2470552173310403,-4.563641312335665,-0.4477764129290584;0.0,0.0,0.0;1.0,0.0,0.0,0.0
0.0;4.243287926447788,1.8539462395526447,2.464253041045418,2.2474160105553644,-4.570319868166515,-0.44165848566536764;0.0,0.0,0.0;1.0,0.0,0.0,0.0
0.0;4.247927635409671,1.8630525301148737,2.463587954902902,2.2507651548494993,-4.574352640011032,-0.43756036774217794;0.0,0.0,0.0;1.0,0.0,0.0,0.0
0.0;4.25479119027306,1.8668820068718517,2.4637704989015465,2.2503659539573824,-4.5819298520645795,-0.4360856397864917;0.0,0.0,0.0;1.0,0.0,0.0,0.0
0.0;4.256004914523395,1.8695220719075842,2.4654077647617503,2.252396080654339,-4.58418341963163,-0.43645659673931814;0.0,0.0,0.0;1.0,0.0,0.0,0.0
0.0;4.2572929797607335,1.8716806068620817,2.465266226023253,2.253081803279588,-4.585313881189258,-0.43528633816116435;0.0,0.0,0.0;1.0,0.0,0.0,0.0
0.0;4.256744863573897,1.8730422846546446,2.4627501380078365,2.254336548262749,-4.587504091038987,-0.43531170296895505;0.0,0.0,0.0;1.0,0.0,0.0,0.0
0.0;4.255817767807264,1.8741080004682582,2.4635130386689377,2.2553361832370746,-4.588602528898318,-0.4357532489569888;0.0,0.0,0.0;1.0,0.0,0.0,0.0
0.0;4.25530929876959,1.874866581230449,2.4638920932373747,2.255912654930306,-4.58917233058335,-0.43578346923358896;0.0,0.0,0.0;1.0,0.0,0.0,0.0
0.0;4.255854872751122,1.8748408227124371,2.4633394240979194,2.254797049774567,-4.598939579768318,-0.43587579997703163;0.0,0.0,0.0;1.0,0.0,0.0,0.0
0.0;4.24940079897167,1.8727957906812513,2.4627677380349855,2.257624748700374,-4.601790045206511,-0.4402454641596188;0.0,0.0,0.0;1.0,0.0,0.0,0.0
0.0;4.243727274169619,1.8659078259600523,2.46386660331389,2.256132323537106,-4.603441612992283,-0.4453577158324039;0.0,0.0,0.0;1.0,0.0,0.0,0.0
0.0;4.243769672620604,1.8658252498137602,2.463640608423501,2.255827923391084,-4.60534779874376,-0.4454754191003055;0.0,0.0,0.0;1.0,0.0,0.0,0.0
0.0;4.242063835394703,1.8660266917411126,2.464007065768309,2.256838209701165,-4.606568931098202,-0.4462253543868777;0.0,0.0,0.0;1.0,0.0,0.0,0.0
0.0;4.240701736590615,1.8646424361240077,2.4641810494397394,2.256680561755932,-4.60712965400643,-0.4473901701549917;0.0,0.0,0.0;1.0,0.0,0.0,0.0
0.0;4.24054527680166,1.8639142525009873,2.464367749182886,2.256064942569093,-4.607771522655215,-0.4477844498020256;0.0,0.0,0.0;1.0,0.0,0.0,0.0
0.0;4.240142288573938,1.8638616361294396,2.464436740404015,2.256230249498812,-4.608124882610535,-0.4480033809944484;0.0,0.0,0.0;1.0,0.0,0.0,0.0
0.0;4.239587295627031,1.8637167786114528,2.464620204262347,2.25638290613308,-4.608376937055172,-0.44830710968487425;0.0,0.0,0.0;1.0,0.0,0.0,0.0
0.0;4.239468924270929,1.8635120686768627,2.464667677900106,2.2562704194712224,-4.60854565631035,-0.4484493210573499;0.0,0.0,0.0;1.0,0.0,0.0,0.0
0.0;4.239385248942175,1.8634006261804152,2.4646005665474906,2.2562153868028862,-4.608671683180259,-0.44853523413296054;0.0,0.0,0.0;1.0,0.0,0.0,0.0
0.0;4.239186280198267,1.863390456598223,2.4646690303694223,2.2562741126181995,-4.608758269136329,-0.44861795572199614;0.0,0.0,0.0;1.0,0.0,0.0,0.0
0.0;4.239148439286219,1.863308631658095,2.4647078156139552,2.2562123000670478,-4.6088223715899925,-0.44867110206045085;0.0,0.0,0.0;1.0,0.0,0.0,0.0
0.0;4.239119054663483,1.8632754890650802,2.464699995095815,2.2561985424710156,-4.608858558400047,-0.44869863315395514;0.0,0.0,0.0;1.0,0.0,0.0,0.0
0.0;4.239074401868315,1.8632652966201657,2.464710876932892,2.2562061141623797,-4.608883839969323,-0.4487210262252752;0.0,0.0,0.0;1.0,0.0,0.0,0.0
0.0;4.239035707523555,1.863260297239333,2.464734823302322,2.256211132981054,-4.608908297731193,-0.44873984816736573;0.0,0.0,0.0;1.0,0.0,0.0,0.0
0.0;4.239027976859771,1.863244191910241,2.4647258261551257,2.2561998892668678,-4.608921587073133,-0.448749928228077;0.0,0.0,0.0;1.0,0.0,0.0,0.0
0.0;4.239010488604217,1.8632437648933737,2.4647326393184352,2.2562048194457653,-4.6089311494356595,-0.4487574442597078;0.0,0.0,0.0;1.0,0.0,0.0,0.0
0.0;4.2390019108964285,1.8632389327889791,2.4647392937636305,2.256201795047245,-4.6089387777635515,-0.4487631999261312;0.0,0.0,0.0;1.0,0.0,0.0,0.0
0.0;4.238997966915093,1.8632353922697078,2.4647388729284083,2.256199932654626,-4.608942889896258,-0.4487663760861297;0.0,0.0,0.0;1.0,0.0,0.0,0.0
0.0;4.238993701871845,1.8632344270742274,2.4647400451877224,2.2562003914650153,-4.608945710872411,-0.44876857938206;0.0,0.0,0.0;1.0,0.0,0.0,0.0
0.0;4.238991027290822,1.8632332797557833,2.4647415859610255,2.2561999390928893,-4.6089478464279265,-0.44877020939349704;0.0,0.0,0.0;1.0,0.0,0.0,0.0
0.0;4.2389896191490655,1.863232329078809,2.4647418922477464,2.2561994768012426,-4.608949151341689,-0.448771212426356;0.0,0.0,0.0;1.0,0.0,0.0,0.0
0.0;4.238988467418019,1.8632319104354125,2.4647421886180476,2.2561994472552787,-4.60895000650316,-0.4487718763025576;0.0,0.0,0.0;1.0,0.0,0.0,0.0
0.0;4.238987678001315,1.8632315906523553,2.464742551605618,2.256199355049014,-4.608950620710186,-0.4487723478987525;0.0,0.0,0.0;1.0,0.0,0.0,0.0
0.0;4.2389872166205596,1.863231332454658,2.464742699781271,2.2561992453177626,-4.60895101893327,-0.4487726538664623;0.0,0.0,0.0;1.0,0.0,0.0,0.0
0.0;4.238986885325798,1.8632311894095976,2.4647427923946155,2.2561992123450842,-4.608951278831822,-0.44877285483517737;0.0,0.0,0.0;1.0,0.0,0.0,0.0
0.0;4.238986654486478,1.8632310936890089,2.464742883608121,2.256199186813239,-4.608951458970273,-0.44877299350164296;0.0,0.0,0.0;1.0,0.0,0.0,0.0
0.0;4.238986510267756,1.8632310213467937,2.4647429341944322,2.2561991598556674,-4.608951578671716,-0.4487730855372047;0.0,0.0,0.0;1.0,0.0,0.0,0.0
0.0;4.238986412095307,1.8632309764402908,2.464742964206013,2.256199146933898,-4.608951657328054,-0.44877314622772935;0.0,0.0,0.0;1.0,0.0,0.0,0.0
0.0;4.238986344269823,1.8632309472660546,2.464742988811439,2.256199138916234,-4.608951710768098,-0.4487731874003228;0.0,0.0,0.0;1.0,0.0,0.0,0.0
0.0;4.238986300272441,1.86323092640833,2.4647430044477305,2.2561991318572745,-4.608951746572131,-0.44877321495013894;0.0,0.0,0.0;1.0,0.0,0.0,0.0
0.0;4.2389862708657615,1.863230912773929,2.4647430139839743,2.2561991276697015,-4.608951770271202,-0.4487732332170663;0.0,0.0,0.0;1.0,0.0,0.0,0.0
0.0;4.238986250796813,1.8632309038951604,2.4647430209815515,2.2561991251194966,-4.608951786215977,-0.44877324550365955;0.0,0.0,0.0;1.0,0.0,0.0,0.0
0.0;4.238986237530066,1.863230897764645,2.464743025662752,2.256199123158391,-4.608951796915427,-0.4487732537408982;0.0,0.0,0.0;1.0,0.0,0.0,0.0
0.0;4.23898622869963,1.8632308936755657,2.4647430286210965,2.256199121882945,-4.608951804033867,-0.448773259225257;0.0,0.0,0.0;1.0,0.0,0.0,0.0
0.0;4.238986222729091,1.8632308909885276,2.4647430306727287,2.2561991210859205,-4.608951808803122,-0.44877326290008274;0.0,0.0,0.0;1.0,0.0,0.0,0.0
0.0;4.2389862187489395,1.8632308891672957,2.4647430320633616,2.2561991205189558,-4.6089518120015835,-0.44877326536327156;0.0,0.0,0.0;1.0,0.0,0.0,0.0
0.0;4.238986216098198,1.8632308879452852,2.4647430329657087,2.2561991201380684,-4.608951814135905,-0.44877326700738596;0.0,0.0,0.0;1.0,0.0,0.0,0.0
0.0;4.238986214316035,1.863230887135963,2.464743033575978,2.256199119893406,-4.608951815563721,-0.4487732681074444;0.0,0.0,0.0;1.0,0.0,0.0,0.0
0.0;4.238986213124215,1.8632308865921516,2.464743033989288,2.2561991197259323,-4.608951816520386,-0.4487732688443069;0.0,0.0,0.0;1.0,0.0,0.0,0.0
0.0;4.238986212329251,1.8632308862270717,2.4647430342618057,2.2561991196126487,-4.608951817159737,-0.4487732693367939;0.0,0.0,0.0;1.0,0.0,0.0,0.0
0.0;4.238986211796351,1.863230885984054,2.464743034444361,2.256199119538454,-4.608951817587291,-0.4487732696661768;0.0,0.0,0.0;1.0,0.0,0.0,0.0
0.0;4.238986211439659,1.8632308858213353,2.464743034567495,2.256199119488504,-4.608951817873556,-0.44877326988668403;0.0,0.0,0.0;1.0,0.0,0.0,0.0
0.0;4.238986211201433,1.8632308857122026,2.4647430346493753,2.256199119454775,-4.608951818064997,-0.44877327003415235;0.0,0.0,0.0;1.0,0.0,0.0,0.0
0.0;4.238986211041955,1.8632308856393538,2.464743034704076,2.256199119432432,-4.6089518181930265,-0.4487732701327786;0.0,0.0,0.0;1.0,0.0,0.0,0.0
0.0;4.238986210935207,1.8632308855906312,2.464743034740838,2.25619911941748,-4.608951818278707,-0.4487732701987802;0.0,0.0,0.0;1.0,0.0,0.0,0.0
0.0;4.238986210863852,1.8632308855579887,2.4647430347653816,2.256199119407418,-4.608951818336026,-0.44877327024293107;0.0,0.0,0.0;1.0,0.0,0.0,0.0
0.0;4.238986210816111,1.863230885536169,2.464743034781774,2.2561991194007134,-4.608951818374357,-0.44877327027246117;0.0,0.0,0.0;1.0,0.0,0.0,0.0
0.0;4.238986210784161,1.8632308855215785,2.464743034792764,2.256199119396233,-4.608951818400007,-0.4487732702922189;0.0,0.0,0.0;1.0,0.0,0.0,0.0
0.0;4.2389862107627945,1.8632308855118098,2.4647430348001134,2.256199119393227,-4.6089518184171645,-0.44877327030543673;0.0,0.0,0.0;1.0,0.0,0.0,0.0
0.0;4.2389862107485,1.863230885505277,2.4647430348050245,2.2561991193912183,-4.608951818428642,-0.4487732703142781;0.0,0.0,0.0;1.0,0.0,0.0,0.0
0.0;4.238986210738938,1.8632308855009079,2.4647430348083135,2.256199119389875,-4.608951818436322,-0.44877327032019304;0.0,0.0,0.0;1.0,0.0,0.0,0.0
0.0;4.238986210732541,1.8632308854979844,2.464743034810513,2.2561991193889765,-4.608951818441457,-0.44877327032415;0.0,0.0,0.0;1.0,0.0,0.0,0.0
0.0;4.238986210728261,1.8632308854960284,2.4647430348119843,2.256199119388375,-4.608951818444895,-0.44877327032679715;0.0,0.0,0.0;1.0,0.0,0.0,0.0
0.0;4.238986210725399,1.8632308854947202,2.4647430348129684,2.256199119387973,-4.608951818447192,-0.4487732703285679;0.0,0.0,0.0;1.0,0.0,0.0,0.0
0.0;4.23898621072348,1.8632308854938446,2.464743034813628,2.2561991193877042,-4.608951818448731,-0.4487732703297525;0.0,0.0,0.0;1.0,0.0,0.0,0.0
0.0;4.238986210722202,1.8632308854932593,2.4647430348140675,2.256199119387524,-4.608951818449761,-0.44877327033054515;0.0,0.0,0.0;1.0,0.0,0.0,0.0
0.0;4.238986210721344,1.8632308854928674,2.464743034814363,2.2561991193874045,-4.608951818450446,-0.4487732703310751;0.0,0.0,0.0;1.0,0.0,0.0,0.0
0.0;4.238986210720769,1.8632308854926056,2.4647430348145587,2.2561991193873236,-4.608951818450909,-0.44877327033142983;0.0,0.0,0.0;1.0,0.0,0.0,0.0
0.0;4.238986210720386,1.8632308854924304,2.464743034814691,2.2561991193872686,-4.608951818451218,-0.44877327033166703;0.0,0.0,0.0;1.0,0.0,0.0,0.0
0.0;4.23898621072013,1.8632308854923132,2.4647430348147794,2.256199119387233,-4.608951818451422,-0.4487732703318257;0.0,0.0,0.0;1.0,0.0,0.0,0.0
0.0;4.238986210719958,1.8632308854922344,2.464743034814838,2.25619911938721,-4.608951818451561,-0.448773270331932;0.0,0.0,0.0;1.0,0.0,0.0,0.0
0.0;4.238986210719843,1.8632308854921824,2.464743034814877,2.2561991193871926,-4.6089518184516525,-0.448773270332003;0.0,0.0,0.0;1.0,0.0,0.0,0.0
0.0;4.238986210719766,1.863230885492147,2.464743034814904,2.256199119387182,-4.608951818451715,-0.4487732703320505;0.0,0.0,0.0;1.0,0.0,0.0,0.0
0.0;4.238986210719715,1.8632308854921231,2.464743034814922,2.2561991193871758,-4.6089518184517555,-0.4487732703320823;0.0,0.0,0.0;1.0,0.0,0.0,0.0
0.0;4.2389862107196805,1.8632308854921076,2.464743034814934,2.256199119387171,-4.608951818451783,-0.44877327033210357;0.0,0.0,0.0;1.0,0.0,0.0,0.0
0.0;4.238986210719658,1.8632308854920971,2.464743034814942,2.2561991193871664,-4.608951818451802,-0.4487732703321178;0.0,0.0,0.0;1.0,0.0,0.0,0.0
0.0;4.238986210719641,1.8632308854920903,2.4647430348149473,2.2561991193871647,-4.608951818451813,-0.44877327033212727;0.0,0.0,0.0;1.0,0.0,0.0,0.0
0.0;4.238986210719632,1.8632308854920854,2.4647430348149504,2.256199119387163,-4.608951818451821,-0.4487732703321337;0.0,0.0,0.0;1.0,0.0,0.0,0.0
0.0;4.238986210719625,1.8632308854920823,2.4647430348149526,2.256199119387162,-4.608951818451827,-0.44877327033213793;0.0,0.0,0.0;1.0,0.0,0.0,0.0
0.0;4.238986210719619,1.8632308854920803,2.464743034814954,2.2561991193871616,-4.608951818451831,-0.44877327033214076;0.0,0.0,0.0;1.0,0.0,0.0,0.0
0.0;4.238986210719617,1.8632308854920787,2.4647430348149553,2.256199119387161,-4.608951818451832,-0.44877327033214265;0.0,0.0,0.0;1.0,0.0,0.0,0.0
0.0;4.238986210719614,1.8632308854920778,2.4647430348149566,2.2561991193871607,-4.6089518184518345,-0.44877327033214404;0.0,0.0,0.0;1.0,0.0,0.0,0.0
0.0;4.238986210719612,1.8632308854920772,2.4647430348149566,2.2561991193871607,-4.6089518184518345,-0.44877327033214487;0.0,0.0,0.0;1.0,0.0,0.0,0.0
0.0;4.238986210719612,1.8632308854920767,2.464743034814957,2.2561991193871607,-4.608951818451835,-0.4487732703321455;0.0,0.0,0.0;1.0,0.0,0.0,0.0
0.0;4.238986210719611,1.8632308854920765,2.464743034814957,2.2561991193871607,-4.608951818451836,-0.4487732703321458;0.0,0.0,0.0;1.0,0.0,0.0,0.0
0.0;4.23898621071961,1.8632308854920763,2.464743034814957,2.2561991193871607,-4.608951818451836,-0.44877327033214615;0.0,0.0,0.0;1.0,0.0,0.0,0.0
0.0;4.23898621071961,1.8632308854920763,2.4647430348149575,2.2561991193871607,-4.608951818451837,-0.44877327033214626;0.0,0.0,0.0;1.0,0.0,0.0,0.0
0.0;4.23898621071961,1.863230885492076,2.4647430348149575,2.2561991193871607,-4.608951818451837,-0.44877327033214637;0.0,0.0,0.0;1.0,0.0,0.0,0.0
0.0;4.23898621071961,1.863230885492076,2.4647430348149575,2.2561991193871607,-4.608951818451837,-0.4487732703321464;0.0,0.0,0.0;1.0,0.0,0.0,0.0
0.0;4.23898621071961,1.863230885492076,2.4647430348149575,2.2561991193871607,-4.608951818451837,-0.4487732703321464;0.0,0.0,0.0;1.0,0.0,0.0,0.0
0.0;4.23898621071961,1.863230885492076,2.4647430348149575,2.2561991193871607,-4.608951818451837,-0.4487732703321465;0.0,0.0,0.0;1.0,0.0,0.0,0.0
0.0;4.23898621071961,1.863230885492076,2.4647430348149575,2.2561991193871607,-4.608951818451837,-0.4487732703321465;0.0,0.0,0.0;1.0,0.0,0.0,0.0
0.0;4.23898621071961,1.863230885492076,2.4647430348149575,2.2561991193871607,-4.608951818451837,-0.4487732703321465;0.0,0.0,0.0;1.0,0.0,0.0,0.0
0.0;4.23898621071961,1.863230885492076,2.4647430348149575,2.2561991193871607,-4.608951818451837,-0.4487732703321465;0.0,0.0,0.0;1.0,0.0,0.0,0.0
0.0;4.23898621071961,1.863230885492076,2.4647430348149575,2.2561991193871607,-4.608951818451837,-0.44877327033214653;0.0,0.0,0.0;1.0,0.0,0.0,0.0
0.0;4.23898621071961,1.863230885492076,2.4647430348149575,2.2561991193871607,-4.608951818451837,-0.44877327033214653;0.0,0.0,0.0;1.0,0.0,0.0,0.0
0.0;4.23898621071961,1.863230885492076,2.4647430348149575,2.2561991193871607,-4.608951818451837,-0.44877327033214653;0.0,0.0,0.0;1.0,0.0,0.0,0.0
0.0;4.23898621071961,1.863230885492076,2.4647430348149575,2.2561991193871607,-4.608951818451837,-0.4487732703321466;0.0,0.0,0.0;1.0,0.0,0.0,0.0
0.0;4.23898621071961,1.863230885492076,2.4647430348149575,2.2561991193871607,-4.608951818451837,-0.4487732703321466;0.0,0.0,0.0;1.0,0.0,0.0,0.0
0.0;4.23898621071961,1.863230885492076,2.4647430348149575,2.2561991193871607,-4.608951818451837,-0.4487732703321466;0.0,0.0,0.0;1.0,0.0,0.0,0.0
0.0;4.23898621071961,1.863230885492076,2.4647430348149575,2.2561991193871607,-4.608951818451837,-0.4487732703321466;0.0,0.0,0.0;1.0,0.0,0.0,0.0
0.0;4.23898621071961,1.863230885492076,2.4647430348149575,2.2561991193871607,-4.608951818451837,-0.4487732703321466;0.0,0.0,0.0;1.0,0.0,0.0,0.0
0.0;4.23898621071961,1.863230885492076,2.4647430348149575,2.2561991193871607,-4.608951818451837,-0.4487732703321466;0.0,0.0,0.0;1.0,0.0,0.0,0.0
0.0;4.23898621071961,1.863230885492076,2.4647430348149575,2.2561991193871607,-4.608951818451837,-0.4487732703321466;0.0,0.0,0.0;1.0,0.0,0.0,0.0
0.0;4.23898621071961,1.863230885492076,2.4647430348149575,2.2561991193871607,-4.608951818451837,-0.4487732703321466;0.0,0.0,0.0;1.0,0.0,0.0,0.0
0.0;4.23898621071961,1.863230885492076,2.4647430348149575,2.2561991193871607,-4.608951818451837,-0.4487732703321466;0.0,0.0,0.0;1.0,0.0,0.0,0.0
0.0;4.23898621071961,1.863230885492076,2.4647430348149575,2.2561991193871607,-4.608951818451837,-0.4487732703321466;0.0,0.0,0.0;1.0,0.0,0.0,0.0
0.0;4.23898621071961,1.863230885492076,2.4647430348149575,2.2561991193871607,-4.608951818451837,-0.4487732703321466;0.0,0.0,0.0;1.0,0.0,0.0,0.0
0.0;4.23898621071961,1.863230885492076,2.4647430348149575,2.2561991193871607,-4.608951818451837,-0.4487732703321466;0.0,0.0,0.0;1.0,0.0,0.0,0.0
0.0;4.23898621071961,1.863230885492076,2.4647430348149575,2.2561991193871607,-4.608951818451837,-0.4487732703321466;0.0,0.0,0.0;1.0,0.0,0.0,0.0
0.0;4.23898621071961,1.863230885492076,2.4647430348149575,2.2561991193871607,-4.608951818451837,-0.4487732703321466;0.0,0.0,0.0;1.0,0.0,0.0,0.0
0.0;4.23898621071961,1.863230885492076,2.4647430348149575,2.2561991193871607,-4.608951818451837,-0.4487732703321466;0.0,0.0,0.0;1.0,0.0,0.0,0.0
0.0;4.23898621071961,1.863230885492076,2.4647430348149575,2.2561991193871607,-4.608951818451837,-0.4487732703321466;0.0,0.0,0.0;1.0,0.0,0.0,0.0
0.0;4.23898621071961,1.863230885492076,2.4647430348149575,2.2561991193871607,-4.608951818451837,-0.4487732703321466;0.0,0.0,0.0;1.0,0.0,0.0,0.0
0.0;4.23898621071961,1.863230885492076,2.4647430348149575,2.2561991193871607,-4.608951818451837,-0.4487732703321466;0.0,0.0,0.0;1.0,0.0,0.0,0.0
0.0;4.23898621071961,1.863230885492076,2.4647430348149575,2.2561991193871607,-4.608951818451837,-0.4487732703321466;0.0,0.0,0.0;1.0,0.0,0.0,0.0
0.0;4.23898621071961,1.863230885492076,2.4647430348149575,2.2561991193871607,-4.608951818451837,-0.4487732703321466;0.0,0.0,0.0;1.0,0.0,0.0,0.0
0.0;4.23898621071961,1.863230885492076,2.4647430348149575,2.2561991193871607,-4.608951818451837,-0.4487732703321466;0.0,0.0,0.0;1.0,0.0,0.0,0.0
