0.0;3.14,-0.38,-1.2,-1.57,-1.57,-1.57;0.0,0.0,0.0;1.0,0.0,0.0,0.0
0.0;3.14,-0.38,-1.2,-1.57,-1.57,-1.57;0.0,0.0,0.0;1.0,0.0,0.0,0.0
0.0;3.1505424631112335,-0.3565215314312682,-1.1320687490010373,-1.5189088814385168,-1.614523310624557,-1.5585835409124824;0.0,0.0,0.0;1.0,0.0,0.0,0.0
0.0;3.161084926222467,-0.3330430628625364,-1.0641374980020746,-1.4678177628770335,-1.6590466212491137,-1.5471670818249648;0.0,0.0,0.0;1.0,0.0,0.0,0.0
0.0;3.1716273893337004,-0.30956459429380456,-0.9962062470031118,-1.4167266443155502,-1.7035699318736706,-1.5357506227374471;0.0,0.0,0.0;1.0,0.0,0.0,0.0
0.0;3.1821698524449338,-0.28608612572507275,-0.928274996004149,-1.3656355257540669,-1.7480932424982274,-1.5243341636499295;0.0,0.0,0.0;1.0,0.0,0.0,0.0
0.0;3.192712315556167,-0.26260765715634093,-0.8603437450051862,-1.3145444071925836,-1.7926165531227842,-1.5129177045624118;0.0,0.0,0.0;1.0,0.0,0.0,0.0
0.0;3.2032547786674006,-0.23912918858760915,-0.7924124940062234,-1.2634532886311003,-1.837139863747341,-1.5015012454748942;0.0,0.0,0.0;1.0,0.0,0.0,0.0
0.0;3.213797241778634,-0.21565072001887736,-0.7244812430072607,-1.212362170069617,-1.881663174371898,-1.4900847863873765;0.0,0.0,0.0;1.0,0.0,0.0,0.0
0.0;3.2243397048898674,-0.19217225145014558,-0.656549992008298,-1.1612710515081337,-1.9261864849964547,-1.4786683272998589;0.0,0.0,0.0;1.0,0.0,0.0,0.0
0.0;3.234882168001101,-0.1686937828814138,-0.5886187410093353,-1.1101799329466504,-1.9707097956210116,-1.4672518682123412;0.0,0.0,0.0;1.0,0.0,0.0,0.0
0.0;3.2454246311123343,-0.145215314312682,-0.5206874900103726,-1.059088814385167,-2.0152331062455686,-1.4558354091248236;0.0,0.0,0.0;1.0,0.0,0.0,0.0
0.0;3.2559670942235677,-0.12173684574395022,-0.4527562390114099,-1.0079976958236838,-2.0597564168701257,-1.444418950037306;0.0,0.0,0.0;1.0,0.0,0.0,0.0
0.0;3.266509557334801,-0.09825837717521843,-0.38482498801244713,-0.9569065772622005,-2.1042797274946827,-1.4330024909497883;0.0,0.0,0.0;1.0,0.0,0.0,0.0
0.0;3.2770520204460345,-0.07477990860648664,-0.3168937370134844,-0.9058154587007172,-2.14880303811924,-1.4215860318622706;0.0,0.0,0.0;1.0,0.0,0.0,0.0
0.0;3.287594483557268,-0.05130144003775486,-0.24896248601452164,-0.8547243401392339,-2.193326348743797,-1.410169572774753;0.0,0.0,0.0;1.0,0.0,0.0,0.0
0.0;3.2981369466685013,-0.02782297146902307,-0.1810312350155589,-0.8036332215777506,-2.237849659368354,-1.3987531136872353;0.0,0.0,0.0;1.0,0.0,0.0,0.0
0.0;3.3086794097797347,-0.004344502900291276,-0.11309998401659613,-0.7525421030162673,-2.282372969992911,-1.3873366545997177;0.0,0.0,0.0;1.0,0.0,0.0,0.0
0.0;3.319221872890968,0.01913396566844051,-0.04516873301763337,-0.701450984454784,-2.326896280617468,-1.3759201955122;0.0,0.0,0.0;1.0,0.0,0.0,0.0
0.0;3.3297643360022016,0.0426124342371723,0.022762517981329403,-0.6503598658933007,-2.371419591242025,-1.3645037364246824;0.0,0.0,0.0;1.0,0.0,0.0,0.0
0.0;3.340306799113435,0.0660909028059041,0.09069376898029217,-0.5992687473318175,-2.415942901866582,-1.3530872773371647;0.0,0.0,0.0;1.0,0.0,0.0,0.0
0.0;3.3508492622246684,0.08956937137463589,0.15862501997925493,-0.5481776287703342,-2.460466212491139,-1.341670818249647;0.0,0.0,0.0;1.0,0.0,0.0,0.0
0.0;3.361391725335902,0.11304783994336767,0.2265562709782177,-0.4970865102088509,-2.5049895231156962,-1.3302543591621294;0.0,0.0,0.0;1.0,0.0,0.0,0.0
0.0;3.371934188447135,0.13652630851209946,0.2944875219771805,-0.4459953916473677,-2.5495128337402533,-1.3188379000746118;0.0,0.0,0.0;1.0,0.0,0.0,0.0
0.0;3.3824766515583686,0.16000477708083125,0.3624187729761432,-0.39490427308588444,-2.5940361443648103,-1.3074214409870941;0.0,0.0,0.0;1.0,0.0,0.0,0.0
0.0;3.393019114669602,0.18348324564956303,0.430350023975106,-0.3438131545244012,-2.6385594549893674,-1.2960049818995765;0.0,0.0,0.0;1.0,0.0,0.0,0.0
0.0;3.4035615777808355,0.20696171421829482,0.4982812749740688,-0.29272203596291796,-2.6830827656139244,-1.2845885228120588;0.0,0.0,0.0;1.0,0.0,0.0,0.0
0.0;3.414104040892069,0.2304401827870266,0.5662125259730316,-0.24163091740143472,-2.727606076238481,-1.2731720637245412;0.0,0.0,0.0;1.0,0.0,0.0,0.0
0.0;3.4246465040033023,0.2539186513557584,0.6341437769719944,-0.19053979883995145,-2.7721293868630377,-1.2617556046370235;0.0,0.0,0.0;1.0,0.0,0.0,0.0
0.0;3.4351889671145357,0.27739711992449023,0.7020750279709572,-0.13944868027846818,-2.8166526974875943,-1.2503391455495059;0.0,0.0,0.0;1.0,0.0,0.0,0.0
0.0;3.445731430225769,0.30087558849322205,0.77000627896992,-0.08835756171698492,-2.861176008112151,-1.2389226864619882;0.0,0.0,0.0;1.0,0.0,0.0,0.0
0.0;3.4562738933370025,0.32435405706195386,0.8379375299688828,-0.03726644315550165,-2.9056993187367075,-1.2275062273744706;0.0,0.0,0.0;1.0,0.0,0.0,0.0
0.0;3.466816356448236,0.3478325256306857,0.9058687809678456,0.013824675405981604,-2.950222629361264,-1.216089768286953;0.0,0.0,0.0;1.0,0.0,0.0,0.0
0.0;3.4773588195594693,0.3713109941994175,0.9738000319668084,0.06491579396746486,-2.9947459399858207,-1.2046733091994353;0.0,0.0,0.0;1.0,0.0,0.0,0.0
0.0;3.4879012826707028,0.3947894627681493,1.0417312829657712,0.11600691252894813,-3.0392692506103773,-1.1932568501119176;0.0,0.0,0.0;1.0,0.0,0.0,0.0
0.0;3.498443745781936,0.4182679313368811,1.109662533964734,0.1670980310904314,-3.083792561234934,-1.1818403910244;0.0,0.0,0.0;1.0,0.0,0.0,0.0
0.0;3.5089862088931696,0.44174639990561293,1.1775937849636966,0.21818914965191466,-3.128315871859491,-1.1704239319368823;0.0,0.0,0.0;1.0,0.0,0.0,0.0
0.0;3.519528672004403,0.46522486847434474,1.2455250359626593,0.2692802682133979,-3.172839182484048,-1.1590074728493647;0.0,0.0,0.0;1.0,0.0,0.0,0.0
0.0;3.5300711351156364,0.48870333704307656,1.313456286961622,0.32037138677488114,-3.217362493108605,-1.147591013761847;0.0,0.0,0.0;1.0,0.0,0.0,0.0
0.0;3.54061359822687,0.5121818056118084,1.3813875379605847,0.3714625053363644,-3.261885803733162,-1.1361745546743294;0.0,0.0,0.0;1.0,0.0,0.0,0.0
0.0;3.5511560613381032,0.5356602741805402,1.4493187889595474,0.4225536238978476,-3.3064091143577192,-1.1247580955868117;0.0,0.0,0.0;1.0,0.0,0.0,0.0
0.0;3.5616985244493367,0.559138742749272,1.51725003995851,0.47364474245933086,-3.3509324249822763,-1.113341636499294;0.0,0.0,0.0;1.0,0.0,0.0,0.0
0.0;3.573845237611035,0.5879930989837139,1.5942082264051551,0.47593498601767037,-3.404850793247217,-1.0997443804306424;0.0,0.0,0.0;1.0,0.0,0.0,0.0
0.0;3.5868699128049646,0.615719645696256,1.664936973340906,0.44104418102717025,-3.456087626584012,-1.0850318199083973;0.0,0.0,0.0;1.0,0.0,0.0,0.0
0.0;3.5960481364790153,0.6387733416450785,1.7212982572665616,0.3779628678286246,-3.5012189456019613,-1.071189675696352;0.0,0.0,0.0;1.0,0.0,0.0,0.0
0.0;3.602583603435278,0.6585658237631817,1.7651311321181278,0.2981122220121823,-3.534696346285142,-1.0590503836366827;0.0,0.0,0.0;1.0,0.0,0.0,0.0
0.0;3.613394670077202,0.6792112892538192,1.809227205784971,0.22355088186627883,-3.577611232159509,-1.0484985588682343;0.0,0.0,0.0;1.0,0.0,0.0,0.0
0.0;3.6111987226427877,0.6937614313752284,1.8372443946391954,0.13162493618891635,-3.6000192219240224,-1.0417154317239983;0.0,0.0,0.0;1.0,0.0,0.0,0.0
0.0;3.6323001259579923,0.7142176217378222,1.8740991545140282,0.05438434989244899,-3.641899978855127,-1.0341065056498067;0.0,0.0,0.0;1.0,0.0,0.0,0.0
0.0;3.60989639738448,0.7249126215635598,1.8907952794663676,-0.040699951733465814,-3.6495049121414835,-1.0316427868489195;0.0,0.0,0.0;1.0,0.0,0.0,0.0
0.0;3.6411719876950794,0.738564677790636,1.9047052359413308,-0.12686296744355632,-3.684392272604018,-1.0307603322830572;0.0,0.0,0.0;1.0,0.0,0.0,0.0
0.0;3.6811279247647724,0.7411916903486058,1.8891692999084668,-0.2090931880706195,-3.7193636632058786,-1.043815953466378;0.0,0.0,0.0;1.0,0.0,0.0,0.0
0.0;3.7260966978051204,0.7343991914840539,1.8681300956910776,-0.28403060986405343,-3.7567102475351,-1.0656937675759517;0.0,0.0,0.0;1.0,0.0,0.0,0.0
0.0;3.787528245732711,0.7369152239117134,1.841239249585775,-0.34764010204606527,-3.7871181019868576,-1.0886265342597028;0.0,0.0,0.0;1.0,0.0,0.0,0.0
0.0;3.8514022856755035,0.7257961519897638,1.8169853070069766,-0.3970127957032108,-3.834630545433086,-1.1112787829156763;0.0,0.0,0.0;1.0,0.0,0.0,0.0
0.0;3.841917900472325,0.7300677462281214,1.7692991416422408,-0.43816561403950566,-3.905525782327857,-1.1412477749141048;0.0,0.0,0.0;1.0,0.0,0.0,0.0
0.0;3.775206943861647,0.7605712734955887,1.7474200118231045,-0.4424437094460195,-3.9669910309910463,-1.1598006150512248;0.0,0.0,0.0;1.0,0.0,0.0,0.0
0.0;3.722027914466767,0.774716767338949,1.77690384093373,-0.4232754197677312,-4.040346464242808,-1.1786196676516325;0.0,0.0,0.0;1.0,0.0,0.0,0.0
0.0;3.6713676443830434,0.7983529305052517,1.8121736183847226,-0.3884739269295671,-4.104981431071382,-1.1941788701916711;0.0,0.0,0.0;1.0,0.0,0.0,0.0
0.0;3.6179842405001947,0.8168557970635761,1.8478595736759673,-0.3541847295194685,-4.169695242364408,-1.2072457092455027;0.0,0.0,0.0;1.0,0.0,0.0,0.0
0.0;3.57277390624796,0.8395027637057526,1.8860421094156672,-0.31594437444773804,-4.23577945126948,-1.2197271803356653;0.0,0.0,0.0;1.0,0.0,0.0,0.0
0.0;3.5238724883926063,0.8551616715046413,1.9275689197435444,-0.27447191382626374,-4.297744309870586,-1.2286358991447763;0.0,0.0,0.0;1.0,0.0,0.0,0.0
0.0;3.475425819065859,0.8767228930869764,1.9702258213487456,-0.22869063520777774,-4.354446040004194,-1.2362129057026807;0.0,0.0,0.0;1.0,0.0,0.0,0.0
0.0;3.4372926171500953,0.8932789319480845,2.0176369611388387,-0.1739611570158275,-4.409089982047592,-1.2427446839812122;0.0,0.0,0.0;1.0,0.0,0.0,0.0
0.0;3.408910885518495,0.9058977839580972,2.073284715710005,-0.11692618989147771,-4.46086626212668,-1.240554103915422;0.0,0.0,0.0;1.0,0.0,0.0,0.0
0.0;3.382046751984866,0.9221524412523144,2.136788749998352,-0.06007483892885745,-4.502539142661483,-1.2369992485742998;0.0,0.0,0.0;1.0,0.0,0.0,0.0
0.0;3.3555341105291254,0.9419209745246339,2.2021564883303237,-0.002634851200833281,-4.538055342114481,-1.2284792070906732;0.0,0.0,0.0;1.0,0.0,0.0,0.0
0.0;3.33080587141985,0.9591074501512199,2.2622287950176303,0.05893435615458049,-4.578377951880626,-1.2202465245004919;0.0,0.0,0.0;1.0,0.0,0.0,0.0
0.0;3.3157088004117146,0.9755993612848993,2.3266412551030475,0.1186144162699103,-4.62011829743082,-1.2133788991569237;0.0,0.0,0.0;1.0,0.0,0.0,0.0
0.0;3.299557458376377,0.9958877885918727,2.390786840362516,0.17727440787621643,-4.6615559066383305,-1.2059770286162261;0.0,0.0,0.0;1.0,0.0,0.0,0.0
0.0;3.2733719323333257,1.0123230834163466,2.4536058991258622,0.23835003111829717,-4.698130479049163,-1.20049669427198;0.0,0.0,0.0;1.0,0.0,0.0,0.0
0.0;3.240800073110473,1.0286399682150322,2.515923034063922,0.29420584697459407,-4.737743077649647,-1.1904778212071485;0.0,0.0,0.0;1.0,0.0,0.0,0.0
0.0;3.201061243471417,1.0398508251524163,2.5785044816297917,0.34721111484092115,-4.777313237306236,-1.1886479115430277;0.0,0.0,0.0;1.0,0.0,0.0,0.0
0.0;3.1408898619056873,1.0454981003351196,2.6300729688403113,0.39323178868906555,-4.816607615672287,-1.193771743867478;0.0,0.0,0.0;1.0,0.0,0.0,0.0
0.0;3.0502574414552184,1.046724300946901,2.647475847626575,0.3988258975050696,-4.853213114018945,-1.2042666970663818;0.0,0.0,0.0;1.0,0.0,0.0,0.0
0.0;2.9826322533947685,1.026992517752428,2.6148169376548354,0.3606259160264018,-4.870634996193704,-1.2512573951643151;0.0,0.0,0.0;1.0,0.0,0.0,0.0
0.0;2.889507652295084,1.0233775804075633,2.6442867364524485,0.3505060873686054,-4.887580740094993,-1.258787513915991;0.0,0.0,0.0;1.0,0.0,0.0,0.0
0.0;2.8184976484031994,1.0067116256037052,2.6151653168590783,0.3497048122802032,-4.927373403056593,-1.3061971136957227;0.0,0.0,0.0;1.0,0.0,0.0,0.0
0.0;2.727763401831396,1.0046109691618312,2.648075551270261,0.3446618160764349,-4.9520607057939525,-1.3128982692232516;0.0,0.0,0.0;1.0,0.0,0.0,0.0
0.0;2.6525633598754883,0.9795913138947376,2.6160791819832085,0.33227554928242986,-4.9800000953328825,-1.3548646104944617;0.0,0.0,0.0;1.0,0.0,0.0,0.0
0.0;2.5622281423568594,0.9783846919120438,2.6532289174236996,0.3194958572832519,-4.994960803000924,-1.3632816405188783;0.0,0.0,0.0;1.0,0.0,0.0,0.0
0.0;2.4852552842138396,0.9530391343386282,2.624057910900052,0.32356721864275934,-5.02497985473468,-1.40407520310749;0.0,0.0,0.0;1.0,0.0,0.0,0.0
0.0;2.3953230425099217,0.9504670709975733,2.6603836350771366,0.3089148088207976,-5.041673595295283,-1.413700381952198;0.0,0.0,0.0;1.0,0.0,0.0,0.0
0.0;2.3195005219008467,0.9249357197644285,2.6252428320964896,0.3084971690031691,-5.071264001918836,-1.452280854362564;0.0,0.0,0.0;1.0,0.0,0.0,0.0
0.0;2.2299896507567794,0.9196991432517837,2.662582561098191,0.2972488172592273,-5.08829246473566,-1.4645133066382732;0.0,0.0,0.0;1.0,0.0,0.0,0.0
0.0;2.154310970339377,0.8913728331273476,2.6339755733551597,0.3175157100820488,-5.121369235945061,-1.4983833228613903;0.0,0.0,0.0;1.0,0.0,0.0,0.0
0.0;2.065211274511776,0.8857756089921235,2.6686901125409648,0.3050503897342937,-5.141571372947363,-1.5145482696195558;0.0,0.0,0.0;1.0,0.0,0.0,0.0
0.0;1.984516453223299,0.8586597988072238,2.632925633515893,0.2935442175049847,-5.1606000503350895,-1.5458452044983215;0.0,0.0,0.0;1.0,0.0,0.0,0.0
0.0;1.8980767037790125,0.8489552566732399,2.673251173873722,0.27906140775023097,-5.1748226355930065,-1.5657401451370028;0.0,0.0,0.0;1.0,0.0,0.0,0.0
0.0;1.8151346324657223,0.8245173363005756,2.6392598234003217,0.2626537403085092,-5.193052819383964,-1.593424758104943;0.0,0.0,0.0;1.0,0.0,0.0,0.0
0.0;1.7303668169523918,0.8112915319767801,2.6816508171267333,0.24889283004843432,-5.204905062388507,-1.6160667741050572;0.0,0.0,0.0;1.0,0.0,0.0,0.0
0.0;1.6458060352802153,0.78980818221496,2.6488510675405785,0.24575821972302622,-5.229784731997735,-1.6422066396619197;0.0,0.0,0.0;1.0,0.0,0.0,0.0
0.0;1.5590925566641474,0.7752038563886264,2.686967959713136,0.24322494502405156,-5.24927809264281,-1.662899156053727;0.0,0.0,0.0;1.0,0.0,0.0,0.0
0.0;1.4779901094889858,0.770611147950423,2.660947471524862,0.26990180652195256,-5.291836371522362,-1.67708972493865;0.0,0.0,0.0;1.0,0.0,0.0,0.0
0.0;1.3965799890156863,0.7545027967948473,2.7050488879495793,0.26958378622639856,-5.316631591488197,-1.700607256842374;0.0,0.0,0.0;1.0,0.0,0.0,0.0
0.0;1.3094018754877579,0.7377552996542249,2.6665211234936184,0.26922986592022213,-5.334672620382379,-1.7182000179707078;0.0,0.0,0.0;1.0,0.0,0.0,0.0
0.0;1.2232747552480825,0.7202654387869442,2.6984538620646226,0.26762951904415194,-5.359138256200805,-1.7438007149787182;0.0,0.0,0.0;1.0,0.0,0.0,0.0
0.0;1.138965970697045,0.7108549681843364,2.6498570419901877,0.26366064090803154,-5.376336773980806,-1.755214739760926;0.0,0.0,0.0;1.0,0.0,0.0,0.0
0.0;1.0522270456857932,0.6928224065613573,2.6825712833487234,0.2623648397493778,-5.397400553670098,-1.7804258901928185;0.0,0.0,0.0;1.0,0.0,0.0,0.0
0.0;0.9684101143169996,0.6759336254368932,2.6408670873328797,0.2445919337945108,-5.4138069249811,-1.7995362517028994;0.0,0.0,0.0;1.0,0.0,0.0,0.0
0.0;0.8829539017760689,0.6565687052045766,2.6773772493720935,0.24154792315022358,-5.431243730552011,-1.825535010925319;0.0,0.0,0.0;1.0,0.0,0.0,0.0
0.0;0.7974654062141912,0.6449743672538094,2.6368953516715896,0.2343080937274868,-5.454480709442897,-1.8435941386609087;0.0,0.0,0.0;1.0,0.0,0.0,0.0
0.0;0.7099186100812243,0.6297283063872924,2.668941551638382,0.23919920059601807,-5.479469506970987,-1.8642773263817671;0.0,0.0,0.0;1.0,0.0,0.0,0.0
0.0;0.6272916210685908,0.6156809261204863,2.623873968335322,0.23619993715832696,-5.497573268204018,-1.8889273360697236;0.0,0.0,0.0;1.0,0.0,0.0,0.0
0.0;0.5375654949484875,0.6013559307346981,2.651042609281207,0.2429053240097739,-5.521384229207835,-1.9087757030322015;0.0,0.0,0.0;1.0,0.0,0.0,0.0
0.0;0.45937108966339363,0.5836795228764541,2.6042874311296123,0.22347187934364082,-5.5376024664131815,-1.9360968105081362;0.0,0.0,0.0;1.0,0.0,0.0,0.0
0.0;0.3687096725422231,0.5650802422106189,2.6252569831638928,0.22305127994770324,-5.559486154814167,-1.958807587022666;0.0,0.0,0.0;1.0,0.0,0.0,0.0
0.0;0.29168434641959895,0.5505800745025442,2.5743516075880026,0.19725388903599686,-5.571213883462921,-1.9803120519662185;0.0,0.0,0.0;1.0,0.0,0.0,0.0
0.0;0.20197537797962017,0.5284533481851635,2.598820270880585,0.19671855464969104,-5.590384305483068,-2.002587639887733;0.0,0.0,0.0;1.0,0.0,0.0,0.0
0.0;0.1251848332940802,0.5146510267470755,2.5506336058749692,0.16842361616208323,-5.594104937672571,-2.0304499233107998;0.0,0.0,0.0;1.0,0.0,0.0,0.0
0.0;0.03392107827846649,0.4912155652180401,2.569401106962913,0.16525801902091844,-5.609538309617975,-2.0532814167227484;0.0,0.0,0.0;1.0,0.0,0.0,0.0
0.0;-0.040376742309366956,0.4818429858883733,2.5117442463688073,0.14144543989169467,-5.621130468090075,-2.0724192843210805;0.0,0.0,0.0;1.0,0.0,0.0,0.0
0.0;-0.13216099722024138,0.4627223397971208,2.5258947813895345,0.15038809140880766,-5.640261874326695,-2.09616443290745;0.0,0.0,0.0;1.0,0.0,0.0,0.0
0.0;-0.22730746265424087,0.4847484736961425,2.525373575869396,0.1331053655383701,-5.6290963986619715,-2.102358577348183;0.0,0.0,0.0;1.0,0.0,0.0,0.0
0.0;-0.31053467070225693,0.45671893665438196,2.5578361115030517,0.15197714719195823,-5.6508244655784745,-2.12249579759532;0.0,0.0,0.0;1.0,0.0,0.0,0.0
0.0;-0.3977443806319125,0.4715217063956579,2.5833643085152076,0.16010972590973716,-5.613115014056579,-2.1165364277798444;0.0,0.0,0.0;1.0,0.0,0.0,0.0
0.0;-0.4781926639137912,0.4540105638513906,2.6214870643518826,0.18866243058269797,-5.6403240591705295,-2.131113807896171;0.0,0.0,0.0;1.0,0.0,0.0,0.0
0.0;-0.571770372465745,0.46696272109287906,2.632160640089026,0.16797662848138395,-5.6213129817016645,-2.1442365130608425;0.0,0.0,0.0;1.0,0.0,0.0,0.0
0.0;-0.6564985102778855,0.4337689054819063,2.645615195781068,0.18371617742483576,-5.646968524204421,-2.169383042386921;0.0,0.0,0.0;1.0,0.0,0.0,0.0
0.0;-0.7474872570010382,0.45720763499098127,2.663560457863117,0.16861067535186544,-5.623558952133516,-2.1779537623180305;0.0,0.0,0.0;1.0,0.0,0.0,0.0
0.0;-0.8353538133523069,0.4257253637777307,2.6828909324543466,0.17238833909659212,-5.643883120425249,-2.2000292026575483;0.0,0.0,0.0;1.0,0.0,0.0,0.0
0.0;-0.9221585661624757,0.4496657887235216,2.6822794709277797,0.15962629773223183,-5.606260101615207,-2.217722585986226;0.0,0.0,0.0;1.0,0.0,0.0,0.0
0.0;-1.0147884544147656,0.42879440618118664,2.7055676304094813,0.15808324525360318,-5.618048188553544,-2.2350549492548923;0.0,0.0,0.0;1.0,0.0,0.0,0.0
0.0;-1.0974091796918932,0.4392358428914224,2.6676545919590327,0.13345285265841653,-5.595464890508298,-2.257654331537798;0.0,0.0,0.0;1.0,0.0,0.0,0.0
0.0;-1.1884400026841415,0.42251671062903473,2.701360714523426,0.12750891472850337,-5.592332087602479,-2.273548114324141;0.0,0.0,0.0;1.0,0.0,0.0,0.0
0.0;-1.2741229300279169,0.42801349959892343,2.6583577707264627,0.10986156649965971,-5.586242903689743,-2.2942956692977723;0.0,0.0,0.0;1.0,0.0,0.0,0.0
0.0;-1.3638980606761644,0.4174655460493788,2.6934762860898984,0.10330310047686807,-5.568259895968697,-2.3094434225439664;0.0,0.0,0.0;1.0,0.0,0.0,0.0
0.0;-1.4526958827411454,0.41798522169221625,2.655674524894522,0.08492726839592106,-5.57041706393221,-2.327973911096078;0.0,0.0,0.0;1.0,0.0,0.0,0.0
0.0;-1.540573737520386,0.4151216555083347,2.694837811435237,0.08318129637907712,-5.548670918609869,-2.3440852847425147;0.0,0.0,0.0;1.0,0.0,0.0,0.0
0.0;-1.6308697354699608,0.4151214941003781,2.661101341709749,0.06117796956363243,-5.544508067451362,-2.358473044957727;0.0,0.0,0.0;1.0,0.0,0.0,0.0
0.0;-1.7154415720189438,0.4108472071646633,2.705149112725419,0.06402868649096895,-5.521066253240569,-2.376679734991373;0.0,0.0,0.0;1.0,0.0,0.0,0.0
0.0;-1.8093379646819698,0.41858506630407477,2.6784290060510303,0.04845429942603025,-5.51263053604094,-2.3864728970444635;0.0,0.0,0.0;1.0,0.0,0.0,0.0
0.0;-1.8953063815896525,0.4138379455509247,2.717419981397009,0.04530342498632604,-5.487983243509951,-2.4076668334808162;0.0,0.0,0.0;1.0,0.0,0.0,0.0
0.0;-1.9871011519185273,0.4236890829911408,2.683702442220853,0.028079201765208988,-5.481416073072319,-2.4076323344995734;0.0,0.0,0.0;1.0,0.0,0.0,0.0
0.0;-2.076402817716314,0.426590967109438,2.7147463386687236,0.024160134290821363,-5.454177136412256,-2.424829697303172;0.0,0.0,0.0;1.0,0.0,0.0,0.0
0.0;-2.165856340399872,0.4361003374022668,2.671901596855682,0.016906362960394425,-5.450687080912506,-2.422152092178361;0.0,0.0,0.0;1.0,0.0,0.0,0.0
0.0;-2.2586116129325706,0.4458336635640392,2.6974106833104416,0.027344824238219094,-5.428893565057148,-2.4303429090039614;0.0,0.0,0.0;1.0,0.0,0.0,0.0
0.0;-2.330935529938732,0.44366937932732253,2.699516153690656,-0.028745183533418643,-5.3986232281210835,-2.4567578976857942;0.0,0.0,0.0;1.0,0.0,0.0,0.0
0.0;-2.415420686479342,0.45831317936105104,2.730254724974289,-0.020153851832421278,-5.359794420470042,-2.4677792585964844;0.0,0.0,0.0;1.0,0.0,0.0,0.0
0.0;-2.5014367816897405,0.4490496819921723,2.707350190811401,-0.06101395886869972,-5.343492008192389,-2.475228037217631;0.0,0.0,0.0;1.0,0.0,0.0,0.0
0.0;-2.592084793662979,0.4584723842783561,2.735849840491716,-0.05841442097817376,-5.316664159511883,-2.487695174537658;0.0,0.0,0.0;1.0,0.0,0.0,0.0
0.0;-2.674210903980455,0.44820502539370133,2.702801685786988,-0.09580505769344091,-5.294699682828674,-2.501007006354788;0.0,0.0,0.0;1.0,0.0,0.0,0.0
0.0;-2.7658252927336813,0.4562637671344445,2.728615615130995,-0.09917532120215883,-5.2689935660213285,-2.51526668339602;0.0,0.0,0.0;1.0,0.0,0.0,0.0
0.0;-2.8402502830852927,0.4422045172689685,2.68712215256693,-0.14186227797533402,-5.2444672653471756,-2.5261218741135227;0.0,0.0,0.0;1.0,0.0,0.0,0.0
0.0;-2.9311298387041687,0.4474047313901072,2.7045688777654746,-0.15106674017432883,-5.208702267091515,-2.532876035708885;0.0,0.0,0.0;1.0,0.0,0.0,0.0
0.0;-3.0004719858372324,0.4484146663011404,2.6664816984334663,-0.19059954543205318,-5.2001146475419375,-2.5787391312423313;0.0,0.0,0.0;1.0,0.0,0.0,0.0
0.0;-3.0914500390685125,0.4517695220929474,2.681833148959478,-0.19985073367851783,-5.168494499877241,-2.598504088042213;0.0,0.0,0.0;1.0,0.0,0.0,0.0
0.0;-3.1657869132391268,0.4524465845629424,2.6309556421717155,-0.23889856026336023,-5.153276785691226,-2.5871577916434774;0.0,0.0,0.0;1.0,0.0,0.0,0.0
0.0;-3.256953390055557,0.4572450835040496,2.6475505095474787,-0.24441767367008485,-5.118188733593963,-2.5984991441552303;0.0,0.0,0.0;1.0,0.0,0.0,0.0
0.0;-3.327079288587351,0.4654083646095007,2.609638891265005,-0.30139168457952137,-5.104036775299371,-2.6099931666550122;0.0,0.0,0.0;1.0,0.0,0.0,0.0
0.0;-3.418716678615595,0.4742212719812176,2.620319582146534,-0.31233397147179875,-5.071117268423114,-2.6243951345536485;0.0,0.0,0.0;1.0,0.0,0.0,0.0
0.0;-3.48734348671429,0.4688067005953842,2.577821523852761,-0.36449016354824637,-5.04411300310185,-2.6267317882924814;0.0,0.0,0.0;1.0,0.0,0.0,0.0
0.0;-3.579131207064552,0.4808907847381297,2.5870567164894354,-0.3759438766672345,-5.011309825135237,-2.6384135900103365;0.0,0.0,0.0;1.0,0.0,0.0,0.0
0.0;-3.6357745771892365,0.46746783401446257,2.5441405189865107,-0.43082851933671695,-4.969554401473728,-2.6421167779030865;0.0,0.0,0.0;1.0,0.0,0.0,0.0
0.0;-3.725221094715622,0.47885533223884247,2.548996506206973,-0.45080625830620574,-4.931656969781945,-2.6453938789909537;0.0,0.0,0.0;1.0,0.0,0.0,0.0
0.0;-3.7791472361316725,0.4671363982086126,2.521888217343281,-0.4700895100973495,-4.8947375396260115,-2.712363203381859;0.0,0.0,0.0;1.0,0.0,0.0,0.0
0.0;-3.8635445621770863,0.47475993034474306,2.5296421382052725,-0.46781136149604524,-4.84735649835609,-2.7349175110091797;0.0,0.0,0.0;1.0,0.0,0.0,0.0
0.0;-3.9289836959992868,0.45788439679186727,2.5105736877573834,-0.5315194694224936,-4.832687485727964,-2.7631208331959396;0.0,0.0,0.0;1.0,0.0,0.0,0.0
0.0;-4.01959761754493,0.4672141303675963,2.5074859998008603,-0.535325968873944,-4.796555345495954,-2.782421571026125;0.0,0.0,0.0;1.0,0.0,0.0,0.0
0.0;-4.084858307997553,0.4563891707824362,2.496279004675001,-0.5854774410969101,-4.790797818312997,-2.8367349810321456;0.0,0.0,0.0;1.0,0.0,0.0,0.0
0.0;-4.17798930657092,0.45372148480265945,2.498356016407748,-0.5884925173520416,-4.760524753875719,-2.8564742176753164;0.0,0.0,0.0;1.0,0.0,0.0,0.0
0.0;-4.241614664438136,0.4479188301981131,2.4856061723873952,-0.6370760520814212,-4.759488720272818,-2.914733562855627;0.0,0.0,0.0;1.0,0.0,0.0,0.0
0.0;-4.326683851402473,0.43899138406371613,2.4941763291221624,-0.6412631785936181,-4.715581545958353,-2.9405156218031907;0.0,0.0,0.0;1.0,0.0,0.0,0.0
0.0;-4.389081523439725,0.42975057361504854,2.482578501198809,-0.6851801476894785,-4.712786949374638,-3.0033655891016;0.0,0.0,0.0;1.0,0.0,0.0,0.0
0.0;-4.477144113636794,0.4152774313511081,2.4893534254304326,-0.6730716170369387,-4.685388598104567,-3.0364158931178244;0.0,0.0,0.0;1.0,0.0,0.0,0.0
0.0;-4.535155030315124,0.4184378165060462,2.492916802185196,-0.7157630137474023,-4.685627911443455,-3.1056216387893474;0.0,0.0,0.0;1.0,0.0,0.0,0.0
0.0;-4.599212519709594,0.3887700903384725,2.4784452119475517,-0.6981297256150977,-4.643776349779904,-3.1580101021041083;0.0,0.0,0.0;1.0,0.0,0.0,0.0
0.0;-4.634329775902943,0.36719961710376525,2.4948522737848378,-0.7138068429392018,-4.642430875379418,-3.24624115681158;0.0,0.0,0.0;1.0,0.0,0.0,0.0
0.0;-4.700708067790817,0.3471729900031942,2.451587894202721,-0.7141055688375794,-4.617472005339858,-3.2981835826461845;0.0,0.0,0.0;1.0,0.0,0.0,0.0
0.0;-4.744661135163741,0.3323995639228556,2.4646527610701017,-0.7294445083589527,-4.612627591062875,-3.384325509654873;0.0,0.0,0.0;1.0,0.0,0.0,0.0
0.0;-4.769810078922375,0.28146025901112043,2.4184763344023765,-0.7158005430937326,-4.618364623735769,-3.4508189990435807;0.0,0.0,0.0;1.0,0.0,0.0,0.0
0.0;-4.760077551080043,0.2604614983262844,2.4305388173905285,-0.7144444458484253,-4.620637467969798,-3.5473167795103295;0.0,0.0,0.0;1.0,0.0,0.0,0.0
0.0;-4.723626072485457,0.22351908080208038,2.402150388880413,-0.6873301684723258,-4.667532451848474,-3.6070354622809044;0.0,0.0,0.0;1.0,0.0,0.0,0.0
0.0;-4.659139945241835,0.20924448764697406,2.428155922764561,-0.6530781102207281,-4.6934126412449935,-3.662878992730773;0.0,0.0,0.0;1.0,0.0,0.0,0.0
0.0;-4.594920325252893,0.19372983332861327,2.458475596765023,-0.6110740574392679,-4.716138132203524,-3.712225369385898;0.0,0.0,0.0;1.0,0.0,0.0,0.0
0.0;-4.5251010505460165,0.18861202295814009,2.482456840962626,-0.5599200176225578,-4.74028981086737,-3.748611320676214;0.0,0.0,0.0;1.0,0.0,0.0,0.0
0.0;-4.456174859813757,0.19187707907470974,2.5157631072384343,-0.5094678764741579,-4.75685373619117,-3.7847973690632695;0.0,0.0,0.0;1.0,0.0,0.0,0.0
0.0;-4.3830227718724,0.1844799003810171,2.545659275009224,-0.46135537204220356,-4.771696581108743,-3.818931659767083;0.0,0.0,0.0;1.0,0.0,0.0,0.0
0.0;-4.306279356232584,0.18963345322252187,2.5714027746469688,-0.4156366851812789,-4.792547280911834,-3.8488684475854136;0.0,0.0,0.0;1.0,0.0,0.0,0.0
0.0;-4.258167008336734,0.16899106035392292,2.596664976314174,-0.37379071943886194,-4.816785711030743,-3.914307949569978;0.0,0.0,0.0;1.0,0.0,0.0,0.0
0.0;-4.237648093209782,0.1285512638229253,2.5746591833167143,-0.36768007086505416,-4.8402138661504965,-3.997212253286912;0.0,0.0,0.0;1.0,0.0,0.0,0.0
0.0;-4.245968020947852,0.0802246590997787,2.616052997875487,-0.3301616191035129,-4.872052739172227,-4.05603845609453;0.0,0.0,0.0;1.0,0.0,0.0,0.0
0.0;-4.25933962029058,0.04369365966299294,2.5994443583756777,-0.3222881961440751,-4.878411843800023,-4.1460851689960405;0.0,0.0,0.0;1.0,0.0,0.0,0.0
0.0;-4.292172325622922,-0.03688807178175014,2.5950238710150044,-0.2971852007009783,-4.905055864788,-4.178780628540098;0.0,0.0,0.0;1.0,0.0,0.0,0.0
0.0;-4.341644369167431,-0.095576065475035,2.5604901225417556,-0.3019082858127476,-4.951026968702302,-4.15085203043527;0.0,0.0,0.0;1.0,0.0,0.0,0.0
0.0;-4.40621472282918,-0.09314276654011712,2.538238682345822,-0.32733634616253504,-5.019163059040858,-4.15721668547073;0.0,0.0,0.0;1.0,0.0,0.0,0.0
0.0;-4.43225699402246,-0.15118313533602168,2.489798472754572,-0.3351401877630858,-5.0743237254373765,-4.134787625417925;0.0,0.0,0.0;1.0,0.0,0.0,0.0
0.0;-4.454427486858865,-0.13654253375930456,2.458111629003675,-0.35433668788993067,-5.1564757554003045,-4.100544314803745;0.0,0.0,0.0;1.0,0.0,0.0,0.0
0.0;-4.437305672606889,-0.17310923975101206,2.420217478070261,-0.34474472645574333,-5.213837387556584,-4.040950772813986;0.0,0.0,0.0;1.0,0.0,0.0,0.0
0.0;-4.4210636658805695,-0.15632989924283883,2.3982860374371735,-0.3588169767487546,-5.276930286619255,-3.971705406752936;0.0,0.0,0.0;1.0,0.0,0.0,0.0
0.0;-4.383566249845706,-0.15745083895868253,2.3682676528716016,-0.34738775706429936,-5.329212416838258,-3.902224937050272;0.0,0.0,0.0;1.0,0.0,0.0,0.0
0.0;-4.354397511808878,-0.15797276904699092,2.349769332704923,-0.3441358640616348,-5.38366802333818,-3.8258656771405684;0.0,0.0,0.0;1.0,0.0,0.0,0.0
0.0;-4.323001259834791,-0.15276598912632489,2.3455859295573154,-0.32729269302651837,-5.428038783904314,-3.7439071074897585;0.0,0.0,0.0;1.0,0.0,0.0,0.0
0.0;-4.272377098469227,-0.15337894708088784,2.3310604377003816,-0.3217334964765525,-5.4671940203343246,-3.668662230928479;0.0,0.0,0.0;1.0,0.0,0.0,0.0
0.0;-4.218387048144908,-0.15170895524915973,2.3290994349317646,-0.29838684175126734,-5.500563874875081,-3.5950427594384715;0.0,0.0,0.0;1.0,0.0,0.0,0.0
0.0;-4.152421849663744,-0.1289010008729348,2.3090335679143466,-0.2590799567730908,-5.530408827633223,-3.5471888319556752;0.0,0.0,0.0;1.0,0.0,0.0,0.0
0.0;-4.078344432431053,-0.0983055013619904,2.2993323130960333,-0.20877241518141249,-5.549281650829178,-3.52278995648209;0.0,0.0,0.0;1.0,0.0,0.0,0.0
0.0;-4.007682169040312,-0.057476316704309686,2.2961526751440173,-0.15574077994289764,-5.5699635725024494,-3.5133233892578795;0.0,0.0,0.0;1.0,0.0,0.0,0.0
0.0;-3.9342804959702464,-0.02103314004380022,2.295459210310544,-0.10064265569689318,-5.5854573774619265,-3.5105400307864767;0.0,0.0,0.0;1.0,0.0,0.0,0.0
0.0;-3.8552877973609627,0.008161111017051293,2.3022747785042914,-0.05048364585417661,-5.600886577497246,-3.5209039499044343;0.0,0.0,0.0;1.0,0.0,0.0,0.0
0.0;-3.7841979710930502,0.038360646541597904,2.3157979492980263,0.008447942599542,-5.6069106239898305,-3.539400632124764;0.0,0.0,0.0;1.0,0.0,0.0,0.0
0.0;-3.707000851540717,0.06485530156736097,2.3230214855304734,0.061585683453648975,-5.611608251897296,-3.560395186207951;0.0,0.0,0.0;1.0,0.0,0.0,0.0
0.0;-3.632461439133251,0.09582328847010203,2.335987508436321,0.11292442226152684,-5.611602736239435,-3.586492617160832;0.0,0.0,0.0;1.0,0.0,0.0,0.0
0.0;-3.564560385288579,0.13382245697215056,2.3555362990925834,0.17007638225613853,-5.620554719984896,-3.601219134726394;0.0,0.0,0.0;1.0,0.0,0.0,0.0
0.0;-3.4908505510892684,0.16054600037710925,2.375667132952691,0.22692500379033806,-5.632230952046212,-3.610127666187967;0.0,0.0,0.0;1.0,0.0,0.0,0.0
0.0;-3.424872213818275,0.19502566094941667,2.3978479158208197,0.2879120053378293,-5.64598447797953,-3.617707313658546;0.0,0.0,0.0;1.0,0.0,0.0,0.0
0.0;-3.3600722870920516,0.23395049575740506,2.4178135756667083,0.347428318405987,-5.662107035564295,-3.626930695579739;0.0,0.0,0.0;1.0,0.0,0.0,0.0
0.0;-3.2906554661860334,0.2655709854220163,2.433783949724485,0.4098915066565567,-5.667075490453953,-3.627178345958346;0.0,0.0,0.0;1.0,0.0,0.0,0.0
0.0;-3.212652534519677,0.29285348548601425,2.455502220468586,0.46179001399690706,-5.668906492721719,-3.625530036479932;0.0,0.0,0.0;1.0,0.0,0.0,0.0
0.0;-3.1386401526085557,0.3194159374276806,2.469577114358888,0.5207235049633766,-5.6739045707408655,-3.636501075231361;0.0,0.0,0.0;1.0,0.0,0.0,0.0
0.0;-3.064054326594525,0.35362405575355205,2.479856828368755,0.5732538255355336,-5.6857632760879815,-3.652657287855609;0.0,0.0,0.0;1.0,0.0,0.0,0.0
0.0;-2.995543775794789,0.3830788605583118,2.5011183349155046,0.6314536506812742,-5.703730669747628,-3.6692891957581124;0.0,0.0,0.0;1.0,0.0,0.0,0.0
0.0;-2.93586977818597,0.4102855476019805,2.5091048712337836,0.6997675848075325,-5.716963163136606,-3.6974518119368565;0.0,0.0,0.0;1.0,0.0,0.0,0.0
0.0;-2.880665284585547,0.44175571336074576,2.5237993387623683,0.7631879344652127,-5.721998234223212,-3.738666766576386;0.0,0.0,0.0;1.0,0.0,0.0,0.0
0.0;-2.8295893445308486,0.4825629145997179,2.5231853859501654,0.8160664280529842,-5.733471209307198,-3.791561752114956;0.0,0.0,0.0;1.0,0.0,0.0,0.0
0.0;-2.791921379532623,0.5066542830829155,2.537486139733936,0.8822517251992555,-5.724892593096162,-3.8493729327315003;0.0,0.0,0.0;1.0,0.0,0.0,0.0
0.0;-2.7492925045482015,0.560672486761395,2.5230640985732404,0.9107647060416093,-5.743079352510753,-3.9119274619292446;0.0,0.0,0.0;1.0,0.0,0.0,0.0
0.0;-2.7104026579945963,0.5814616961028726,2.5470498459219333,0.990153429792229,-5.7311750644681885,-3.9441111690116397;0.0,0.0,0.0;1.0,0.0,0.0,0.0
0.0;-2.664344781818384,0.6184204765126177,2.5333309257257284,1.0337625285807226,-5.762579942311977,-4.002732768886458;0.0,0.0,0.0;1.0,0.0,0.0,0.0
0.0;-2.647694843824027,0.6391490813765202,2.55204816579848,1.115749134083963,-5.738588715657286,-4.043296138949836;0.0,0.0,0.0;1.0,0.0,0.0,0.0
0.0;-2.61769033370317,0.6765969566401148,2.535344314428342,1.1550753035659675,-5.765085003075104,-4.1151972273073785;0.0,0.0,0.0;1.0,0.0,0.0,0.0
0.0;-2.5954931532652923,0.7007920310823488,2.5536904903175675,1.2354850690476407,-5.746468038823277,-4.157303992094206;0.0,0.0,0.0;1.0,0.0,0.0,0.0
0.0;-2.568858795606562,0.7360223513931345,2.532300555199336,1.2702484709463393,-5.774183666733459,-4.232239004314916;0.0,0.0,0.0;1.0,0.0,0.0,0.0
0.0;-2.5479752688851027,0.758264490583199,2.54677655866146,1.3522865396114327,-5.759774644269934,-4.2760767305451335;0.0,0.0,0.0;1.0,0.0,0.0,0.0
0.0;-2.51946002525216,0.7985956275298062,2.527343315930185,1.3822552901021847,-5.78852869351963,-4.349953032536126;0.0,0.0,0.0;1.0,0.0,0.0,0.0
0.0;-2.4981530658487574,0.8173669567007227,2.5376325768326518,1.4664169029936875,-5.7790517877647405,-4.393711379911611;0.0,0.0,0.0;1.0,0.0,0.0,0.0
0.0;-2.4615291960823207,0.8610014312710295,2.523915501027854,1.4993187743767031,-5.807798673316779,-4.46195835826394;0.0,0.0,0.0;1.0,0.0,0.0,0.0
0.0;-2.430509870982652,0.8740506855772242,2.5350586764111505,1.5854075893036699,-5.797867830038217,-4.497078756482604;0.0,0.0,0.0;1.0,0.0,0.0,0.0
0.0;-2.385345587295461,0.9254435454593207,2.534859289265979,1.6175140805846848,-5.830826528314795,-4.553663375439208;0.0,0.0,0.0;1.0,0.0,0.0,0.0
0.0;-2.341339997094289,0.9356942389968078,2.544092265433307,1.6991794644212417,-5.819066074002445,-4.586307521336069;0.0,0.0,0.0;1.0,0.0,0.0,0.0
0.0;-2.3136749435686372,0.987767764145561,2.542843924813987,1.7380279559641647,-5.848616428428627,-4.650642626028839;0.0,0.0,0.0;1.0,0.0,0.0,0.0
0.0;-2.285067991466015,0.9950850296220182,2.5427638091919467,1.8217538530482573,-5.835477489093195,-4.694749722163545;0.0,0.0,0.0;1.0,0.0,0.0,0.0
0.0;-2.2632425154126197,1.0491556533551463,2.543369090375859,1.8601193437667027,-5.865623751093068,-4.759703104586706;0.0,0.0,0.0;1.0,0.0,0.0,0.0
0.0;-2.2367418367644145,1.054061385742446,2.5397814761295585,1.9437998356148483,-5.852108213000641,-4.805262761730644;0.0,0.0,0.0;1.0,0.0,0.0,0.0
0.0;-2.207352455147615,1.1083710462044376,2.547881287484692,1.9890987382548266,-5.877714937468814,-4.8636872699983345;0.0,0.0,0.0;1.0,0.0,0.0,0.0
0.0;-2.1747908946531673,1.1081193871562651,2.5391109885459526,2.0742665484304386,-5.864147456589318,-4.901438175615161;0.0,0.0,0.0;1.0,0.0,0.0,0.0
0.0;-2.1505607152937545,1.1601343091001213,2.5461196831734494,2.1249682068638243,-5.8897251218759665,-4.9600329652605915;0.0,0.0,0.0;1.0,0.0,0.0,0.0
0.0;-2.1308615498498646,1.1612087710353416,2.531680365148894,2.202754287739958,-5.874491570920239,-5.01588597820135;0.0,0.0,0.0;1.0,0.0,0.0,0.0
0.0;-2.1124856799263205,1.213383862565833,2.5407173205534868,2.2537171502982325,-5.9007270880064615,-5.075659759648053;0.0,0.0,0.0;1.0,0.0,0.0,0.0
0.0;-2.0811986143523185,1.2122166357567072,2.5253145172836984,2.332315916473572,-5.882938253833562,-5.12349596032557;0.0,0.0,0.0;1.0,0.0,0.0,0.0
0.0;-2.049379255049029,1.2653176730304203,2.539348795524121,2.386967647496977,-5.906100979754797,-5.17296841399726;0.0,0.0,0.0;1.0,0.0,0.0,0.0
0.0;-2.013853237941256,1.2591104169979237,2.5285356679008806,2.4685040156505895,-5.891492263239622,-5.214451596398163;0.0,0.0,0.0;1.0,0.0,0.0,0.0
0.0;-1.9741124492032298,1.3085703261291302,2.5483030245527445,2.5276988150128683,-5.916101471871773,-5.25284432082831;0.0,0.0,0.0;1.0,0.0,0.0,0.0
0.0;-1.9537092012177868,1.3080413586291832,2.523500341268983,2.6017383440201924,-5.899789280440915,-5.309592141245051;0.0,0.0,0.0;1.0,0.0,0.0,0.0
0.0;-1.9231734573419625,1.3587625354305415,2.5456011243767076,2.658993270634403,-5.922284152890305,-5.35673384303601;0.0,0.0,0.0;1.0,0.0,0.0,0.0
0.0;-1.9003230649716794,1.3620017646823852,2.520229443743628,2.735062548860048,-5.912505677344091,-5.410969358249315;0.0,0.0,0.0;1.0,0.0,0.0,0.0
0.0;-1.8740068379410213,1.4138172602200068,2.5466589159620683,2.789387527218566,-5.934909175414927,-5.460678246949958;0.0,0.0,0.0;1.0,0.0,0.0,0.0
0.0;-1.8417159120738684,1.4157646630896796,2.5229576220600802,2.8696335045722927,-5.929219965130882,-5.504495690975893;0.0,0.0,0.0;1.0,0.0,0.0,0.0
0.0;-1.809569568224667,1.4711048793611798,2.5509307981219136,2.9249688781223373,-5.951207837061735,-5.544195872124039;0.0,0.0,0.0;1.0,0.0,0.0,0.0
0.0;-1.7769367871056967,1.4713167618607235,2.526848159656743,3.003362298045056,-5.94925465388362,-5.591161178628912;0.0,0.0,0.0;1.0,0.0,0.0,0.0
0.0;-1.7464718532858705,1.5229311074387972,2.5506667372050873,3.059615271063791,-5.9703307719319065,-5.638404408578213;0.0,0.0,0.0;1.0,0.0,0.0,0.0
0.0;-1.7201305124602984,1.5265321651913535,2.5269808654076917,3.139236747572793,-5.966703728219975,-5.68718361168988;0.0,0.0,0.0;1.0,0.0,0.0,0.0
0.0;-1.6964936726274904,1.5826552075804803,2.5529665544501174,3.1893887632279916,-5.98890714177003,-5.738252502740527;0.0,0.0,0.0;1.0,0.0,0.0,0.0
0.0;-1.6605336599983482,1.591537108779596,2.537645581600291,3.2714550884352027,-5.988793517838477,-5.7789754995644635;0.0,0.0,0.0;1.0,0.0,0.0,0.0
0.0;-1.6330485547951772,1.6496487931986503,2.5720838883053077,3.3167643763874186,-6.007640043539642,-5.826656534069816;0.0,0.0,0.0;1.0,0.0,0.0,0.0
0.0;-1.585913681487891,1.6630937164704238,2.5618749187284418,3.399359310762069,-6.014369576312143,-5.8516786223322255;0.0,0.0,0.0;1.0,0.0,0.0,0.0
0.0;-1.543129118792225,1.7178692975915502,2.604633366637043,3.438630943824731,-6.034756658675083,-5.888866493332718;0.0,0.0,0.0;1.0,0.0,0.0,0.0
0.0;-1.4858210994036907,1.7406135847796895,2.603179946024321,3.5173403826474465,-6.035608464516663,-5.888177617719268;0.0,0.0,0.0;1.0,0.0,0.0,0.0
0.0;-1.4315042526257102,1.7788631175309937,2.6375586310192993,3.567078402456866,-6.06272027959865,-5.92275851254312;0.0,0.0,0.0;1.0,0.0,0.0,0.0
0.0;-1.4017091545727027,1.8061545025727008,2.6207672073091777,3.655367278383319,-6.050067633974327,-5.934180660793463;0.0,0.0,0.0;1.0,0.0,0.0,0.0
0.0;-1.3581591111783409,1.8443774219859597,2.6489627903427446,3.7091747020701433,-6.077951109961057,-5.98081416990824;0.0,0.0,0.0;1.0,0.0,0.0,0.0
0.0;-1.337624051400451,1.8636312201855252,2.6230669309180095,3.79616926473165,-6.065756454116149,-6.009454062988011;0.0,0.0,0.0;1.0,0.0,0.0,0.0
0.0;-1.2971110308756932,1.8986552806186168,2.6517771930018563,3.8537799179843217,-6.088329815412375,-6.059245500016952;0.0,0.0,0.0;1.0,0.0,0.0,0.0
0.0;-1.269740019017984,1.9213275285894837,2.622121034199221,3.937260182589411,-6.073470983801692,-6.085082869688325;0.0,0.0,0.0;1.0,0.0,0.0,0.0
0.0;-1.2268286072922345,1.9567543389252342,2.6579516336944393,3.997407156665467,-6.093076355536924,-6.125303398048465;0.0,0.0,0.0;1.0,0.0,0.0,0.0
0.0;-1.198475414901577,1.9791752144371866,2.624015302527718,4.081549114788169,-6.084690907194863,-6.145090802851993;0.0,0.0,0.0;1.0,0.0,0.0,0.0
