0.0;3.15136554601156,-0.40870018980993505,-1.18981991935089,-1.5601756242490015,-1.5697362360615923,-1.664057968808594;0.0,0.0,0.0;1.0,0.0,0.0,0.0
0.0;3.1568292223439482,-0.42773136132227335,-1.1717198248136411,-1.5488752495122424,-1.5677020127210213,-1.7597058271001156;0.0,0.0,0.0;1.0,0.0,0.0,0.0
0.0;3.1576444079423767,-0.4440560840603469,-1.1517310693294456,-1.537914200834046,-1.5654246709532127,-1.8556639308772587;0.0,0.0,0.0;1.0,0.0,0.0,0.0
0.0;3.156172558232715,-0.4597449083905482,-1.1314632421023774,-1.527701039796411,-1.5636792631973957,-1.9517553171844986;0.0,0.0,0.0;1.0,0.0,0.0,0.0
0.0;3.153981748139713,-0.4749681757357598,-1.1111662059824228,-1.518350643602931,-1.5627927838253215,-2.0480011849013295;0.0,0.0,0.0;1.0,0.0,0.0,0.0
0.0;3.151749506744233,-0.48970326012489,-1.0910240726997478,-1.5100384090104495,-1.5628564052673268,-2.144453720179632;0.0,0.0,0.0;1.0,0.0,0.0,0.0
0.0;3.1496580778975756,-0.5038646079088984,-1.071203412297567,-1.5029848410773687,-1.5638269418273578,-2.241157023193232;0.0,0.0,0.0;1.0,0.0,0.0,0.0
0.0;3.147725354298454,-0.517359809267668,-1.0518464599295625,-1.497438347038889,-1.5655963537637854,-2.3381392798182397;0.0,0.0,0.0;1.0,0.0,0.0,0.0
0.0;3.145954195610324,-0.5301101984573392,-1.0330773129260518,-1.493683319886389,-1.5680193717241617,-2.4354122896833696;0.0,0.0,0.0;1.0,0.0,0.0,0.0
0.0;3.1443470565018936,-0.542046035417212,-1.0150904202099453,-1.492100900357796,-1.570915518657574,-2.5329855076878425;0.0,0.0,0.0;1.0,0.0,0.0,0.0
0.0;3.1428707817626145,-0.5530816177536608,-0.998497050308092,-1.4933552553568978,-1.5740682461622821,-2.6309098841908725;0.0,0.0,0.0;1.0,0.0,0.0,0.0
0.0;3.141425957821225,-0.5629826143514807,-0.984884049882541,-1.498653399283438,-1.5772117049991943,-2.7292796829455543;0.0,0.0,0.0;1.0,0.0,0.0,0.0
0.0;3.1399741849991276,-0.5712050991511256,-0.976176655152301,-1.5092819374107451,-1.579937097234333,-2.8279410775781333;0.0,0.0,0.0;1.0,0.0,0.0,0.0
0.0;3.1387293760066313,-0.5772751071786641,-0.9720218951053652,-1.525092236408455,-1.5815623990952787,-2.9263876938812547;0.0,0.0,0.0;1.0,0.0,0.0,0.0
0.0;3.1382069685085785,-0.58022866914972,-0.9687814937690533,-1.5447143626391893,-1.5812514212002455,-3.0243436983741017;0.0,0.0,0.0;1.0,0.0,0.0,0.0
0.0;3.1397039813066523,-0.5787565210884547,-0.9604539995047863,-1.5692730739890952,-1.5778432193180982,-3.120839804144279;0.0,0.0,0.0;1.0,0.0,0.0,0.0
0.0;3.1452799664734354,-0.5815522891594529,-0.9405553607617391,-1.6026650497386699,-1.568879324990304,-3.1581167222613193;0.0,0.0,0.0;1.0,0.0,0.0,0.0
0.0;3.14348811301526,-0.5810307760047186,-0.9273542140992679,-1.6054953789033428,-1.5665735502702514,-3.1457807906762434;0.0,0.0,0.0;1.0,0.0,0.0,0.0
0.0;3.1447793092190848,-0.5874232820122155,-0.928667507890209,-1.609283881387848,-1.566931997694135,-3.144861850830759;0.0,0.0,0.0;1.0,0.0,0.0,0.0
0.0;3.145199680360544,-0.586904086122741,-0.9178971359080831,-1.6121518464045634,-1.5667017978784825,-3.142664624856855;0.0,0.0,0.0;1.0,0.0,0.0,0.0
0.0;3.145063056998905,-0.5921578042556773,-0.9185859245457898,-1.6155230057678582,-1.566557982890521,-3.1424368236184743;0.0,0.0,0.0;1.0,0.0,0.0,0.0
0.0;3.144726756671823,-0.5915894299299091,-0.9087561604301888,-1.6183423563087296,-1.5663623240339652,-3.141901553731295;0.0,0.0,0.0;1.0,0.0,0.0,0.0
0.0;3.1448873743761636,-0.5964094129523094,-0.9093650853090376,-1.6214600473635574,-1.5664387670699849,-3.141849721928171;0.0,0.0,0.0;1.0,0.0,0.0,0.0
0.0;3.1446276653368637,-0.5958385763640077,-0.9003067089177241,-1.6241100617564566,-1.5664757737071888,-3.141712437125085;0.0,0.0,0.0;1.0,0.0,0.0,0.0
0.0;3.1446969476179323,-0.6002935935767933,-0.9008686380327402,-1.6270025780920443,-1.5665533396163136,-3.141702809841855;0.0,0.0,0.0;1.0,0.0,0.0,0.0
0.0;3.1443907433768694,-0.5997469349336217,-0.8924916160017966,-1.6294702199795106,-1.5666684821514183,-3.1416616184945805;0.0,0.0,0.0;1.0,0.0,0.0,0.0
0.0;3.1444597265995435,-0.6038848597290836,-0.8930092959221279,-1.6321559374459638,-1.5667679020207965,-3.1416615938770067;0.0,0.0,0.0;1.0,0.0,0.0,0.0
0.0;3.1441576327897027,-0.603355677427755,-0.8852901969192749,-1.6344166964368243,-1.5669289465993193,-3.141644379021107;0.0,0.0,0.0;1.0,0.0,0.0,0.0
0.0;3.1442143794406583,-0.6071916950454651,-0.8857563299453947,-1.636906447980695,-1.567032823741636,-3.1416462160491605;0.0,0.0,0.0;1.0,0.0,0.0,0.0
0.0;3.143918278807295,-0.6066989848414212,-0.8785803882302419,-1.6390038735855421,-1.5672129183266812,-3.1416354600036533;0.0,0.0,0.0;1.0,0.0,0.0,0.0
0.0;3.1439823571223195,-0.611169461773306,-0.8791183379822006,-1.641900360663224,-1.5673436625536972,-3.1416378931104854;0.0,0.0,0.0;1.0,0.0,0.0,0.0
0.0;3.1437850219290127,-0.6095867743591422,-0.8747484413232001,-1.642289533725525,-1.5674228367177623,-3.141631914335845;0.0,0.0,0.0;1.0,0.0,0.0,0.0
0.0;3.1437971842335655,-0.6129153590694798,-0.8743319200784725,-1.644719653648361,-1.5675482851552962,-3.1416326720850836;0.0,0.0,0.0;1.0,0.0,0.0,0.0
0.0;3.143609417145659,-0.6118533647877844,-0.8701232872863266,-1.645411011515408,-1.5676441229720746,-3.1416274504112045;0.0,0.0,0.0;1.0,0.0,0.0,0.0
0.0;3.1436195819559907,-0.6150169012502651,-0.8697070193152452,-1.6477231300603492,-1.567767075713832,-3.1416280616953034;0.0,0.0,0.0;1.0,0.0,0.0,0.0
0.0;3.1434409650561914,-0.6140006829014659,-0.8657422919054222,-1.6483615047567393,-1.567859562101593,-3.141623456618885;0.0,0.0,0.0;1.0,0.0,0.0,0.0
0.0;3.143449612687916,-0.6170015341978733,-0.865326787886203,-1.6505576923610072,-1.5679788552802614,-3.141623927763203;0.0,0.0,0.0;1.0,0.0,0.0,0.0
0.0;3.1432793571808344,-0.6160337506392525,-0.8615723288154802,-1.6511565959312224,-1.5680679048827384,-3.141619851559322;0.0,0.0,0.0;1.0,0.0,0.0,0.0
0.0;3.1432874228633496,-0.6188912932735251,-0.8611691334100174,-1.6532468291001683,-1.5681829961540195,-3.1416202142322924;0.0,0.0,0.0;1.0,0.0,0.0,0.0
0.0;3.1431256487337262,-0.6179656594970442,-0.8576191862375925,-1.653804216592822,-1.5682677498753428,-3.1416166187440204;0.0,0.0,0.0;1.0,0.0,0.0,0.0
0.0;3.1431330966769457,-0.6206866924511818,-0.8572224937072581,-1.655795642056695,-1.5683784934329015,-3.1416168839685947;0.0,0.0,0.0;1.0,0.0,0.0,0.0
0.0;3.1429795071787447,-0.6198006928683664,-0.853863937304385,-1.6563145017315402,-1.5684587547788118,-3.1416137189852673;0.0,0.0,0.0;1.0,0.0,0.0,0.0
0.0;3.1429864676091057,-0.622388620314854,-0.8534742681119522,-1.6582097579534945,-1.5685648662101173,-3.141613901903628;0.0,0.0,0.0;1.0,0.0,0.0,0.0
0.0;3.142840385584125,-0.6215434359151981,-0.850286723683139,-1.6586979804404505,-1.5686410132313746,-3.141611115600187;0.0,0.0,0.0;1.0,0.0,0.0,0.0
0.0;3.1428472290661995,-0.624007598647405,-0.8499099632842436,-1.6605019057444594,-1.5687423750065241,-3.141611234648495;0.0,0.0,0.0;1.0,0.0,0.0,0.0
0.0;3.142708267530082,-0.6232013779971791,-0.8468819196415007,-1.6609622921582388,-1.568814514150973,-3.141608786297247;0.0,0.0,0.0;1.0,0.0,0.0,0.0
0.0;3.142715072820801,-0.625548989452613,-0.8465184091736105,-1.6626800768497225,-1.5689112104249452,-3.1416088523110943;0.0,0.0,0.0;1.0,0.0,0.0,0.0
0.0;3.142582873540452,-0.6247796760741428,-0.8436400570733502,-1.6631146852978766,-1.5689794720925483,-3.1416067054759993;0.0,0.0,0.0;1.0,0.0,0.0,0.0
0.0;3.1425896656762293,-0.627017241987458,-0.8432895145686446,-1.664751195016453,-1.5690716463814294,-3.1416067268872223;0.0,0.0,0.0;1.0,0.0,0.0,0.0
0.0;3.1424638749142018,-0.6262829063044205,-0.8405518234209686,-1.665161881476214,-1.5691361978041598,-3.1416048486112373;0.0,0.0,0.0;1.0,0.0,0.0,0.0
0.0;3.1424706584314874,-0.62841653157595,-0.8402138733905171,-1.6667216636468412,-1.5692240220914124,-3.141604832368845;0.0,0.0,0.0;1.0,0.0,0.0,0.0
0.0;3.1423509356852843,-0.6277153538489202,-0.8376085280528927,-1.6671101040157787,-1.5692850507341818,-3.1416031930139687;0.0,0.0,0.0;1.0,0.0,0.0,0.0
0.0;3.142357711228937,-0.6297506340878267,-0.8372829000367954,-1.668597359375672,-1.5693687130556253,-3.1416031448951536;0.0,0.0,0.0;1.0,0.0,0.0,0.0
0.0;3.1422437247898563,-0.6290809154505743,-0.8348021941650214,-1.6689650767085007,-1.5694264110784018,-3.1416017179019087;0.0,0.0,0.0;1.0,0.0,0.0,0.0
0.0;3.1422504846960484,-0.6310231256451527,-0.8344885401326455,-1.6703837355264808,-1.5695061051272892,-3.1416016427765707;0.0,0.0,0.0;1.0,0.0,0.0,0.0
0.0;3.1421419211368207,-0.6303832684855688,-0.8321253363214637,-1.6707321173155287,-1.569560665804928,-3.141600404426196;0.0,0.0,0.0;1.0,0.0,0.0,0.0
0.0;3.142148653534175,-0.6322373384577711,-0.8318232991660308,-1.672085850777419,-1.5696365854515315,-3.1416003064326907;0.0,0.0,0.0;1.0,0.0,0.0,0.0
0.0;3.1420452164916974,-0.6316258396631411,-0.8295709753017647,-1.672416164268041,-1.5696881973631633,-3.141599235583135;0.0,0.0,0.0;1.0,0.0,0.0,0.0
0.0;3.142051908297138,-0.6333964861379994,-0.829280175931862,-1.6737084813462402,-1.569760537231926,-3.1415991182584597;0.0,0.0,0.0;1.0,0.0,0.0,0.0
0.0;3.1419533247945495,-0.6328118580418843,-0.8271327442269264,-1.6740217827764494,-1.5698093732910765,-3.141598196159755;0.0,0.0,0.0;1.0,0.0,0.0,0.0
0.0;3.1419599574762986,-0.6345036388955475,-0.8268526472385412,-1.6752561139430977,-1.5698783317037825,-3.1415980624840145;0.0,0.0,0.0;1.0,0.0,0.0,0.0
0.0;3.1418659815721584,-0.6339443540339181,-0.8248048202167514,-1.6755531916524653,-1.5699245424748416,-3.141597272555605;0.0,0.0,0.0;1.0,0.0,0.0,0.0
0.0;3.141872524561667,-0.6355608032752064,-0.824534794021891,-1.6767322878613626,-1.569990286607118,-3.1415971250944716;0.0,0.0,0.0;1.0,0.0,0.0,0.0
0.0;3.141782884756223,-0.6350258875976497,-0.8225805819906882,-1.6770145259899338,-1.5700340647280726,-3.141596452151913;0.0,0.0,0.0;1.0,0.0,0.0,0.0
0.0;3.1417893485472232,-0.6365709760625853,-0.8223207555907593,-1.6781411649006854,-1.5700967533685561,-3.1415962934030297;0.0,0.0,0.0;1.0,0.0,0.0,0.0
0.0;3.1417038134980584,-0.6360592441253581,-0.8204551776921174,-1.6784094641345773,-1.5701382499332135,-3.1415957242080914;0.0,0.0,0.0;1.0,0.0,0.0,0.0
0.0;3.1417101868675035,-0.6375365442376805,-0.8202051957930363,-1.6794862987197052,-1.5701980431323221,-3.141595556186464;0.0,0.0,0.0;1.0,0.0,0.0,0.0
0.0;3.1416285396660437,-0.6370468774100112,-0.8184235966640581,-1.6797414906482246,-1.5702373991935596,-3.141595078959294;0.0,0.0,0.0;1.0,0.0,0.0,0.0
0.0;3.141634812681973,-0.6384597485550058,-0.8181831105062537,-1.680771014151892,-1.5702944483251766,-3.141594903428407;0.0,0.0,0.0;1.0,0.0,0.0,0.0
0.0;3.1415568498958737,-0.6379910906192758,-0.816481133659132,-1.6810138679495312,-1.5703317952464415,-3.1415945076845757;0.0,0.0,0.0;1.0,0.0,0.0,0.0
0.0;3.141563013959721,-0.6393426946154148,-0.8162498020186054,-1.6819984255566147,-1.5703862431876114,-3.1415943261909436;0.0,0.0,0.0;1.0,0.0,0.0,0.0
0.0;3.1414885447414265,-0.6388940476957906,-0.8146233658968675,-1.6822296538702652,-1.5704217031443537,-3.141594002595668;0.0,0.0,0.0;1.0,0.0,0.0,0.0
0.0;3.1414945925538333,-0.6401873629158994,-0.8144008558344407,-1.6831714533517457,-1.5704736845718983,-3.1415938164970862;0.0,0.0,0.0;1.0,0.0,0.0,0.0
0.0;3.1414234377835553,-0.6397577837096575,-0.8128461322248816,-1.6833917175069595,-1.570507371117183,-3.141593556735661;0.0,0.0,0.0;1.0,0.0,0.0,0.0
0.0;3.141429363273859,-0.6409956179895943,-0.8126321196295608,-1.6842928389471634,-1.570557012877351,-3.1415933672247545;0.0,0.0,0.0;1.0,0.0,0.0,0.0
0.0;3.1413613547447703,-0.6405842142768614,-0.8111455141530245,-1.6845027535675259,-1.5705890315292106,-3.141593163887781;0.0,0.0,0.0;1.0,0.0,0.0,0.0
0.0;3.141367152981174,-0.6417692167334214,-0.8109396841177378,-1.685365158266585,-1.5706364530458656,-3.141592972011918;0.0,0.0,0.0;1.0,0.0,0.0,0.0
0.0;3.1413021326329176,-0.6413751441428607,-0.80951781855988,-1.6855652953851563,-1.5706669018704325,-3.1415928184938404;0.0,0.0,0.0;1.0,0.0,0.0,0.0
0.0;3.1413077997237955,-0.6425098160085928,-0.8093198656210847,-1.6863908340190326,-1.5707122155682176,-3.14159262517217;0.0,0.0,0.0;1.0,0.0,0.0,0.0
0.0;3.1412456184434885,-0.642132272083305,-0.8079595513209883,-1.6865817282325066,-1.570741185967964,-3.141592515580793;0.0,0.0,0.0;1.0,0.0,0.0,0.0
0.0;3.1412511518565736,-0.6432189719020275,-0.8077691909171947,-1.6873721414604161,-1.5707844971815095,-3.1415923216209243;0.0,0.0,0.0;1.0,0.0,0.0,0.0
0.0;3.1385779601935577,-0.6780401898782187,-0.7340067539454012,-1.734747861967536,-1.5742486851658042,-3.141578984194633;0.0,0.0,0.0;1.0,0.0,0.0,0.0
0.0;3.142795944251778,-0.6635399264071495,-0.770384501079062,-1.703861751040399,-1.5706461727298475,-3.142012094312644;0.0,0.0,0.0;1.0,0.0,0.0,0.0
0.0;3.140100132348365,-0.6622529740082063,-0.7706665719402401,-1.7052489322203608,-1.5700501787505112,-3.1418663767267208;0.0,0.0,0.0;1.0,0.0,0.0,0.0
0.0;3.141150058143593,-0.6617218874482765,-0.7715252242127972,-1.7071026880627733,-1.571247826231968,-3.1417209938012522;0.0,0.0,0.0;1.0,0.0,0.0,0.0
0.0;3.1403797222959304,-0.6607698662203882,-0.7712662931150389,-1.7074326984010335,-1.5711712065894698,-3.1416847330962083;0.0,0.0,0.0;1.0,0.0,0.0,0.0
0.0;3.14037354996678,-0.6608857773085025,-0.7717721489602978,-1.708207959713639,-1.5714446699576434,-3.1416512512936325;0.0,0.0,0.0;1.0,0.0,0.0,0.0
0.0;3.14028831778761,-0.6602960822385907,-0.7715714998973171,-1.7083779628033662,-1.571579486621467,-3.141635028653569;0.0,0.0,0.0;1.0,0.0,0.0,0.0
0.0;3.1402445214192896,-0.6603763084152907,-0.7718711023116998,-1.708856332645857,-1.5717438198013338,-3.1416193946777686;0.0,0.0,0.0;1.0,0.0,0.0,0.0
0.0;3.1401977407242576,-0.6600199273268935,-0.7717382825567317,-1.7089621545710836,-1.5718385646772948,-3.141611916342518;0.0,0.0,0.0;1.0,0.0,0.0,0.0
0.0;3.140166025145392,-0.6600771753129399,-0.771911449033398,-1.7092595725987796,-1.5719483651587303,-3.1416046413127967;0.0,0.0,0.0;1.0,0.0,0.0,0.0
0.0;3.1401345248650756,-0.6598622053766786,-0.7718203989680985,-1.709326844647517,-1.572012437702003,-3.141601229189397;0.0,0.0,0.0;1.0,0.0,0.0,0.0
0.0;3.140111779780339,-0.6599054703983921,-0.7719172422940973,-1.709514599284328,-1.5720867805377232,-3.141597866181236;0.0,0.0,0.0;1.0,0.0,0.0,0.0
0.0;3.1400901627742495,-0.6597757697057576,-0.7718515112924217,-1.7095584085486155,-1.5721305406500055,-3.141596331707949;0.0,0.0,0.0;1.0,0.0,0.0,0.0
0.0;3.1400737311756184,-0.6598108661153594,-0.7719026494494122,-1.709679961702525,-1.5721815408569584,-3.1415947890506537;0.0,0.0,0.0;1.0,0.0,0.0,0.0
0.0;3.140058622196816,-0.659732081311141,-0.7718519388296747,-1.7097093024743977,-1.5722117779426747,-3.14159411480551;0.0,0.0,0.0;1.0,0.0,0.0,0.0
0.0;3.140046664780871,-0.6597629623182011,-0.7718760700400112,-1.709791161723608,-1.5722472998426822,-3.141593414228716;0.0,0.0,0.0;1.0,0.0,0.0,0.0
0.0;3.1400358638539028,-0.6597140262975598,-0.7718338243700943,-1.709811324628197,-1.572268431183041,-3.1415931308036735;0.0,0.0,0.0;1.0,0.0,0.0,0.0
0.0;3.140027135774609,-0.6597434482722818,-0.771842330253282,-1.7098695674062798,-1.5722935392914295,-3.141592817552799;0.0,0.0,0.0;1.0,0.0,0.0,0.0
0.0;3.1400192231935944,-0.6597115191534528,-0.771804457273672,-1.709883629141455,-1.5723084118126487,-3.141592709818515;0.0,0.0,0.0;1.0,0.0,0.0,0.0
0.0;3.140012905119534,-0.659741127451925,-0.7718042395795194,-1.7099277978659326,-1.572326303339556,-3.1415925727925194;0.0,0.0,0.0;1.0,0.0,0.0,0.0
0.0;3.1400069755441757,-0.6597185826248545,-0.7717685224951243,-1.70993764636775,-1.572336769349014,-3.1415925420251987;0.0,0.0,0.0;1.0,0.0,0.0,0.0
0.0;3.140002489231553,-0.6597488503904926,-0.771763729380913,-1.7099732887586854,-1.5723495340743836,-3.1415924824764874;0.0,0.0,0.0;1.0,0.0,0.0,0.0
0.0;3.1399979442156103,-0.6597313978962162,-0.7717292848037836,-1.7099802715055152,-1.5723568877195235,-3.1415924834487035;0.0,0.0,0.0;1.0,0.0,0.0,0.0
0.0;3.139994818231915,-0.6597620250869,-0.7717222865840855,-1.7100106396206602,-1.5723660309380407,-3.1415924558451622;0.0,0.0,0.0;1.0,0.0,0.0,0.0
0.0;3.139991242788241,-0.6597473925388339,-0.7716888985670733,-1.7100157719510871,-1.572371221030135,-3.1415924686605052;0.0,0.0,0.0;1.0,0.0,0.0,0.0
0.0;3.1399890915180877,-0.6597778865137724,-0.7716809465257987,-1.7100427805566691,-1.5723778516162537,-3.1415924532823563;0.0,0.0,0.0;1.0,0.0,0.0,0.0
0.0;3.1398315242398938,-0.6604085325406289,-0.7702181491580151,-1.711091541439861,-1.5726901383736667,-3.141592642799655;0.0,0.0,0.0;1.0,0.0,0.0,0.0
0.0;3.139898687966579,-0.6604171829373078,-0.7701699694884274,-1.710935391815434,-1.5725252523930124,-3.1415929959887348;0.0,0.0,0.0;1.0,0.0,0.0,0.0
0.0;3.139903156859357,-0.6604622606519915,-0.7702091990673814,-1.710954633721737,-1.572520619876894,-3.1415929147686135;0.0,0.0,0.0;1.0,0.0,0.0,0.0
0.0;3.1399378898830173,-0.6604121774964025,-0.770264420251367,-1.710932728132408,-1.5724441540621814,-3.1415923404270654;0.0,0.0,0.0;1.0,0.0,0.0,0.0
0.0;3.1399093213618676,-0.660313504434534,-0.7705519837515156,-1.7106995987438147,-1.5725474917777067,-3.1415975335883726;0.0,0.0,0.0;1.0,0.0,0.0,0.0
0.0;3.139896327238262,-0.6603078719313146,-0.7705592715451282,-1.7107144800033183,-1.5725164249914936,-3.141595083816875;0.0,0.0,0.0;1.0,0.0,0.0,0.0
0.0;3.1399194842060623,-0.6602980799899163,-0.7705577470390469,-1.7107191751998503,-1.5725104857672358,-3.1415940720663182;0.0,0.0,0.0;1.0,0.0,0.0,0.0
0.0;3.139915399457327,-0.6603006289168981,-0.7705648236504211,-1.7107274892697975,-1.572495215459245,-3.141593476239059;0.0,0.0,0.0;1.0,0.0,0.0,0.0
0.0;3.13992231797523,-0.6602918762926892,-0.7705610740018324,-1.7107274897453755,-1.5724901762868781,-3.141593222682719;0.0,0.0,0.0;1.0,0.0,0.0,0.0
0.0;3.1399248557159183,-0.6602954710422989,-0.7705664524343989,-1.7107324712177097,-1.5724834252583242,-3.1415930214404137;0.0,0.0,0.0;1.0,0.0,0.0,0.0
0.0;3.139927118732643,-0.6602891614712021,-0.7705637906633274,-1.710732175187162,-1.5724785805676007,-3.1415929109670757;0.0,0.0,0.0;1.0,0.0,0.0,0.0
0.0;3.1399294959030297,-0.660291824787958,-0.7705677326349102,-1.71073548330293,-1.572473856503978,-3.1415928188474997;0.0,0.0,0.0;1.0,0.0,0.0,0.0
0.0;3.1399310194443233,-0.6602872877293893,-0.770565884855783,-1.71073506974059,-1.5724702347729282,-3.141592769975044;0.0,0.0,0.0;1.0,0.0,0.0,0.0
0.0;3.139932783087669,-0.6602892398599184,-0.7705688369502519,-1.7107372707371802,-1.5724667742795064,-3.1415927276939013;0.0,0.0,0.0;1.0,0.0,0.0,0.0
0.0;3.139933893904417,-0.6602859384751735,-0.7705675763243537,-1.7107368156869198,-1.5724641134562038,-3.141592706567347;0.0,0.0,0.0;1.0,0.0,0.0,0.0
0.0;3.1399351870275334,-0.6602873585240728,-0.7705698320837707,-1.7107382692345767,-1.5724615742381713,-3.1415926871101454;0.0,0.0,0.0;1.0,0.0,0.0,0.0
0.0;3.139936000604753,-0.6602849228191895,-0.7705689958195688,-1.7107378131889113,-1.5724596225070036,-3.141592678335933;0.0,0.0,0.0;1.0,0.0,0.0,0.0
0.0;3.1399369492565072,-0.6602859496821597,-0.7705707593102752,-1.7107387594297725,-1.5724577597854459,-3.1415926693175424;0.0,0.0,0.0;1.0,0.0,0.0,0.0
0.0;3.139937545214657,-0.6602841213887465,-0.7705702270442035,-1.710738319924371,-1.5724563282580633,-3.1415926659452995;0.0,0.0,0.0;1.0,0.0,0.0,0.0
0.0;3.1399382427301608,-0.660284862315167,-0.7705716423959611,-1.71073892118011,-1.5724549615170291,-3.141592661696009;0.0,0.0,0.0;1.0,0.0,0.0,0.0
0.0;3.139938679243355,-0.6602834592168351,-0.7705713248280227,-1.710738503146425,-1.5724539108966178,-3.1415926606198377;0.0,0.0,0.0;1.0,0.0,0.0,0.0
0.0;3.1399391939016614,-0.6602839965580467,-0.7705724949716704,-1.7107388701226296,-1.5724529073996598,-3.141592658546426;0.0,0.0,0.0;1.0,0.0,0.0,0.0
0.0;3.13993951344334,-0.6602828890450031,-0.7705723258823596,-1.7107384721023329,-1.5724521355200054,-3.1415926584001124;0.0,0.0,0.0;1.0,0.0,0.0,0.0
0.0;3.1399398949672155,-0.6602832854844067,-0.7705733247351645,-1.710738680830123,-1.5724513981999801,-3.141592657316373;0.0,0.0,0.0;1.0,0.0,0.0,0.0
0.0;3.1399401284179262,-0.6602823812113485,-0.770573255258107,-1.7107382987450268,-1.5724508305074407,-3.1415926575138626;0.0,0.0,0.0;1.0,0.0,0.0,0.0
0.0;3.139940412841681,-0.6602826836292008,-0.7705741354637218,-1.7107384016704241,-1.5724502887524454,-3.1415926568766337;0.0,0.0,0.0;1.0,0.0,0.0,0.0
0.0;3.139940582633729,-0.6602819175419692,-0.7705741300072029,-1.7107380312386302,-1.5724498710077925,-3.1415926571767585;0.0,0.0,0.0;1.0,0.0,0.0,0.0
0.0;3.139940796020539,-0.6602821598162433,-0.7705749279011194,-1.7107380645742845,-1.5724494734571586,-3.1415926567374357;0.0,0.0,0.0;1.0,0.0,0.0,0.0
0.0;3.1399409185905665,-0.6602814873892655,-0.7705749612486328,-1.710737702748087,-1.5724491660469826,-3.141592657047987;0.0,0.0,0.0;1.0,0.0,0.0,0.0
0.0;3.139941079902871,-0.6602816926583143,-0.7705757006169813,-1.7107376913668437,-1.5724488749625207,-3.1415926566938883;0.0,0.0,0.0;1.0,0.0,0.0,0.0
0.0;3.13994116750984,-0.6602810846671577,-0.770575755733234,-1.710737336774763,-1.5724486486266307,-3.141592656984591;0.0,0.0,0.0;1.0,0.0,0.0,0.0
0.0;3.1399412906940203,-0.6602812675887144,-0.770576451302276,-1.7107372974922836,-1.5724484358593331,-3.141592656666245;0.0,0.0,0.0;1.0,0.0,0.0,0.0
0.0;3.1399413526077877,-0.6602807056261834,-0.7705765173971425,-1.7107369500747436,-1.5724482687865506,-3.141592656930915;0.0,0.0,0.0;1.0,0.0,0.0,0.0
0.0;3.1399414479721255,-0.6602808747578419,-0.770577177977763,-1.7107368939815568,-1.5724481132100447,-3.1415926566280286;0.0,0.0,0.0;1.0,0.0,0.0,0.0
0.0;3.1399414911940617,-0.660280347537836,-0.7705772486721639,-1.71073655434946,-1.5724479891721241,-3.1415926568686827;0.0,0.0,0.0;1.0,0.0,0.0,0.0
0.0;3.1399415663197177,-0.6602805075092301,-0.7705778795441033,-1.7107364885795906,-1.5724478750392783,-3.14159265657395;0.0,0.0,0.0;1.0,0.0,0.0,0.0
0.0;3.1399451614373124,-0.6602670481504251,-0.7706049787471198,-1.7107206366113463,-1.57244083905206,-3.1415926536487118;0.0,0.0,0.0;1.0,0.0,0.0,0.0
0.0;3.1399434309780085,-0.660266590051369,-0.7706032586214564,-1.7107197832051766,-1.572444457715053,-3.141592653586102;0.0,0.0,0.0;1.0,0.0,0.0,0.0
0.0;3.139943413665729,-0.6602677447596459,-0.7706039923333335,-1.7107202747047825,-1.5724446159069885,-3.1415926527096194;0.0,0.0,0.0;1.0,0.0,0.0,0.0
0.0;3.1399425588749423,-0.6602681921723186,-0.7706027170860308,-1.710720514270091,-1.572446426733435,-3.141592652284199;0.0,0.0,0.0;1.0,0.0,0.0,0.0
0.0;3.1399428445451156,-0.6602712668110599,-0.7705966393324496,-1.7107247489036004,-1.572445645694578,-3.141592655407719;0.0,0.0,0.0;1.0,0.0,0.0,0.0
0.0;3.139942393159273,-0.6602714015369437,-0.7705965411176339,-1.7107246591416667,-1.5724465381082877,-3.141592651444253;0.0,0.0,0.0;1.0,0.0,0.0,0.0
0.0;3.13994242518688,-0.6602713953403611,-0.7705965199178298,-1.710724658642107,-1.5724465528627023,-3.1415926520073008;0.0,0.0,0.0;1.0,0.0,0.0,0.0
0.0;3.1399424228165302,-0.6602714205448301,-0.7705965081450438,-1.7107246763027264,-1.5724465522689104,-3.1415926528095217;0.0,0.0,0.0;1.0,0.0,0.0,0.0
0.0;3.139942435765474,-0.6602718141908832,-0.7705956941276495,-1.710725135595272,-1.5724465898753612,-3.1415926644538446;0.0,0.0,0.0;1.0,0.0,0.0,0.0
0.0;3.139942399007644,-0.6602718054563268,-0.7705956968534348,-1.7107251410792381,-1.5724465755798172,-3.1415926614756544;0.0,0.0,0.0;1.0,0.0,0.0,0.0
0.0;3.13994240184172,-0.6602717988102845,-0.7705957106530209,-1.7107251557008805,-1.5724465818207876,-3.1415926554977562;0.0,0.0,0.0;1.0,0.0,0.0,0.0
0.0;3.1399423994860074,-0.660271791670239,-0.7705957086820161,-1.710725154714092,-1.5724465814720106,-3.141592655109178;0.0,0.0,0.0;1.0,0.0,0.0,0.0
0.0;3.13994239786903,-0.6602717895327542,-0.7705957164030695,-1.710725158880272,-1.5724465824880927,-3.1415926541435963;0.0,0.0,0.0;1.0,0.0,0.0,0.0
0.0;3.1399423983199424,-0.6602717853923523,-0.7705957158420093,-1.7107251578500828,-1.5724465830625347,-3.1415926540237433;0.0,0.0,0.0;1.0,0.0,0.0,0.0
0.0;3.1399423985129107,-0.6602717845771424,-0.7705957213802372,-1.7107251589280081,-1.5724465838825967,-3.1415926537771397;0.0,0.0,0.0;1.0,0.0,0.0,0.0
0.0;3.139942398254113,-0.6602717814524429,-0.77059572128723,-1.7107251577433615,-1.5724465839629258,-3.1415926537360113;0.0,0.0,0.0;1.0,0.0,0.0,0.0
0.0;3.1399423982740426,-0.6602717813590376,-0.7705957262384722,-1.7107251577636222,-1.5724465842924829,-3.1415926536578946;0.0,0.0,0.0;1.0,0.0,0.0,0.0
0.0;3.139942398738897,-0.660271719104915,-0.7705958337864715,-1.7107251122739235,-1.572446589151555,-3.141592652744396;0.0,0.0,0.0;1.0,0.0,0.0,0.0
0.0;3.139942399169934,-0.6602717290878599,-0.7705958248082022,-1.7107250931065354,-1.5724465812467916,-3.1415926540152106;0.0,0.0,0.0;1.0,0.0,0.0,0.0
0.0;3.139942400332518,-0.6602717316482888,-0.7705958266103217,-1.7107250942970087,-1.5724465816444737,-3.1415926539367676;0.0,0.0,0.0;1.0,0.0,0.0,0.0
0.0;3.139942400332518,-0.6602717316482888,-0.7705958266103217,-1.7107250942970087,-1.5724465816444737,-3.1415926539367676;0.0,0.0,0.0;1.0,0.0,0.0,0.0
0.0;3.139942400332518,-0.6602717316482888,-0.7705958266103217,-1.7107250942970087,-1.5724465816444737,-3.1415926539367676;0.0,0.0,0.0;1.0,0.0,0.0,0.0
0.0;3.139942400332518,-0.6602717316482888,-0.7705958266103217,-1.7107250942970087,-1.5724465816444737,-3.1415926539367676;0.0,0.0,0.0;1.0,0.0,0.0,0.0
0.0;3.139942400332518,-0.6602717316482888,-0.7705958266103217,-1.7107250942970087,-1.5724465816444737,-3.1415926539367676;0.0,0.0,0.0;1.0,0.0,0.0,0.0
0.0;3.139942400332518,-0.6602717316482888,-0.7705958266103217,-1.7107250942970087,-1.5724465816444737,-3.1415926539367676;0.0,0.0,0.0;1.0,0.0,0.0,0.0
0.0;3.139942400332518,-0.6602717316482888,-0.7705958266103217,-1.7107250942970087,-1.5724465816444737,-3.1415926539367676;0.0,0.0,0.0;1.0,0.0,0.0,0.0
0.0;3.139942400332518,-0.6602717316482888,-0.7705958266103217,-1.7107250942970087,-1.5724465816444737,-3.1415926539367676;0.0,0.0,0.0;1.0,0.0,0.0,0.0
0.0;3.139942400332518,-0.6602717316482888,-0.7705958266103217,-1.7107250942970087,-1.5724465816444737,-3.1415926539367676;0.0,0.0,0.0;1.0,0.0,0.0,0.0
0.0;3.139942400332518,-0.6602717316482888,-0.7705958266103217,-1.7107250942970087,-1.5724465816444737,-3.1415926539367676;0.0,0.0,0.0;1.0,0.0,0.0,0.0
0.0;3.139942400332518,-0.6602717316482888,-0.7705958266103217,-1.7107250942970087,-1.5724465816444737,-3.1415926539367676;0.0,0.0,0.0;1.0,0.0,0.0,0.0
0.0;3.139942400332518,-0.6602717316482888,-0.7705958266103217,-1.7107250942970087,-1.5724465816444737,-3.1415926539367676;0.0,0.0,0.0;1.0,0.0,0.0,0.0
0.0;3.139942400332518,-0.6602717316482888,-0.7705958266103217,-1.7107250942970087,-1.5724465816444737,-3.1415926539367676;0.0,0.0,0.0;1.0,0.0,0.0,0.0
0.0;3.139942400332518,-0.6602717316482888,-0.7705958266103217,-1.7107250942970087,-1.5724465816444737,-3.1415926539367676;0.0,0.0,0.0;1.0,0.0,0.0,0.0
0.0;3.139942400332518,-0.6602717316482888,-0.7705958266103217,-1.7107250942970087,-1.5724465816444737,-3.1415926539367676;0.0,0.0,0.0;1.0,0.0,0.0,0.0
0.0;3.139942400332518,-0.6602717316482888,-0.7705958266103217,-1.7107250942970087,-1.5724465816444737,-3.1415926539367676;0.0,0.0,0.0;1.0,0.0,0.0,0.0
0.0;3.139942400332518,-0.6602717316482888,-0.7705958266103217,-1.7107250942970087,-1.5724465816444737,-3.1415926539367676;0.0,0.0,0.0;1.0,0.0,0.0,0.0
0.0;3.139942400332518,-0.6602717316482888,-0.7705958266103217,-1.7107250942970087,-1.5724465816444737,-3.1415926539367676;0.0,0.0,0.0;1.0,0.0,0.0,0.0
0.0;3.139942400332518,-0.6602717316482888,-0.7705958266103217,-1.7107250942970087,-1.5724465816444737,-3.1415926539367676;0.0,0.0,0.0;1.0,0.0,0.0,0.0
0.0;3.139942400332518,-0.6602717316482888,-0.7705958266103217,-1.7107250942970087,-1.5724465816444737,-3.1415926539367676;0.0,0.0,0.0;1.0,0.0,0.0,0.0
0.0;3.139942400332518,-0.6602717316482888,-0.7705958266103217,-1.7107250942970087,-1.5724465816444737,-3.1415926539367676;0.0,0.0,0.0;1.0,0.0,0.0,0.0
0.0;3.139942400332518,-0.6602717316482888,-0.7705958266103217,-1.7107250942970087,-1.5724465816444737,-3.1415926539367676;0.0,0.0,0.0;1.0,0.0,0.0,0.0
0.0;3.139942400332518,-0.6602717316482888,-0.7705958266103217,-1.7107250942970087,-1.5724465816444737,-3.1415926539367676;0.0,0.0,0.0;1.0,0.0,0.0,0.0
0.0;3.139942400332518,-0.6602717316482888,-0.7705958266103217,-1.7107250942970087,-1.5724465816444737,-3.1415926539367676;0.0,0.0,0.0;1.0,0.0,0.0,0.0
0.0;3.139942400332518,-0.6602717316482888,-0.7705958266103217,-1.7107250942970087,-1.5724465816444737,-3.1415926539367676;0.0,0.0,0.0;1.0,0.0,0.0,0.0
0.0;3.139942400332518,-0.6602717316482888,-0.7705958266103217,-1.7107250942970087,-1.5724465816444737,-3.1415926539367676;0.0,0.0,0.0;1.0,0.0,0.0,0.0
0.0;3.139942400332518,-0.6602717316482888,-0.7705958266103217,-1.7107250942970087,-1.5724465816444737,-3.1415926539367676;0.0,0.0,0.0;1.0,0.0,0.0,0.0
0.0;3.139942400332518,-0.6602717316482888,-0.7705958266103217,-1.7107250942970087,-1.5724465816444737,-3.1415926539367676;0.0,0.0,0.0;1.0,0.0,0.0,0.0
0.0;3.139942400332518,-0.6602717316482888,-0.7705958266103217,-1.7107250942970087,-1.5724465816444737,-3.1415926539367676;0.0,0.0,0.0;1.0,0.0,0.0,0.0
0.0;3.139942400332518,-0.6602717316482888,-0.7705958266103217,-1.7107250942970087,-1.5724465816444737,-3.1415926539367676;0.0,0.0,0.0;1.0,0.0,0.0,0.0
0.0;3.139942400332518,-0.6602717316482888,-0.7705958266103217,-1.7107250942970087,-1.5724465816444737,-3.1415926539367676;0.0,0.0,0.0;1.0,0.0,0.0,0.0
0.0;3.139942400332518,-0.6602717316482888,-0.7705958266103217,-1.7107250942970087,-1.5724465816444737,-3.1415926539367676;0.0,0.0,0.0;1.0,0.0,0.0,0.0
0.0;3.139942400332518,-0.6602717316482888,-0.7705958266103217,-1.7107250942970087,-1.5724465816444737,-3.1415926539367676;0.0,0.0,0.0;1.0,0.0,0.0,0.0
0.0;3.139942400332518,-0.6602717316482888,-0.7705958266103217,-1.7107250942970087,-1.5724465816444737,-3.1415926539367676;0.0,0.0,0.0;1.0,0.0,0.0,0.0
0.0;3.139942400332518,-0.6602717316482888,-0.7705958266103217,-1.7107250942970087,-1.5724465816444737,-3.1415926539367676;0.0,0.0,0.0;1.0,0.0,0.0,0.0
0.0;3.139942400332518,-0.6602717316482888,-0.7705958266103217,-1.7107250942970087,-1.5724465816444737,-3.1415926539367676;0.0,0.0,0.0;1.0,0.0,0.0,0.0
0.0;3.139942400332518,-0.6602717316482888,-0.7705958266103217,-1.7107250942970087,-1.5724465816444737,-3.1415926539367676;0.0,0.0,0.0;1.0,0.0,0.0,0.0
0.0;3.139942400332518,-0.6602717316482888,-0.7705958266103217,-1.7107250942970087,-1.5724465816444737,-3.1415926539367676;0.0,0.0,0.0;1.0,0.0,0.0,0.0
