0.0;-0.38332572024802597,1.5291353497710836,-1.207376573992035,-3.4533012652118247,-5.088440305423282,-1.5747808919099187;0.0,0.0,0.0;1.0,0.0,0.0,0.0
0.0;-0.388350924631591,1.5272700894833082,-1.204652728645087,-3.4564428920201036,-5.102436120330646,-1.5744632513857284;0.0,0.003732245182618499,0.0;1.0,0.0,0.0,0.0
0.0;-0.3843455869604444,1.5261883816588375,-1.203713856723121,-3.455196797963325,-5.101590154839092,-1.5739366667305068;0.0,0.007464490365236998,0.0;1.0,0.0,0.0,0.0
0.0;-0.37725009540068766,1.52571344418519,-1.2045023933168693,-3.453002057243023,-5.093314709785785,-1.5740454572397204;0.0,0.011196735315024853,0.0;1.0,0.0,0.0,0.0
0.0;-0.3701203990029773,1.5258304169516648,-1.2060002364530185,-3.4514236488658376,-5.0851994391262,-1.5743358985370437;0.0,0.014928980730473995,0.0;1.0,0.0,0.0,0.0
0.0;-0.363644378315782,1.526161977615807,-1.2076681811727896,-3.450184074681736,-5.078694327988374,-1.5743466269052826;0.0,0.018661227077245712,0.0;1.0,0.0,0.0,0.0
0.0;-0.35742621274616027,1.5264748938748718,-1.2094074699248047,-3.448839993949183,-5.072719696917062,-1.5741874017073718;0.0,0.022393470630049706,0.0;1.0,0.0,0.0,0.0
0.0;-0.3511168564394352,1.5267959735726484,-1.2112234983850017,-3.447349800403567,-5.0665361783953395,-1.5740834007884703;0.0,0.026125717908143997,0.0;1.0,0.0,0.0,0.0
0.0;-0.3446830055934927,1.5271741118684132,-1.213099693453434,-3.4458373315437516,-5.060108845655806,-1.574051375447453;0.0,0.02985796332359314,0.0;1.0,0.0,0.0,0.0
0.0;-0.33820581500530084,1.5275959347861738,-1.2149956426301325,-3.444371867033881,-5.053611249405592,-1.5740137530448035;0.0,0.03359020873904228,0.0;1.0,0.0,0.0,0.0
0.0;-0.3317284883204042,1.5280318559892048,-1.2168723149373637,-3.4429590029736366,-5.047130722306602,-1.5739472136831132;0.0,0.037322454154491425,0.0;1.0,0.0,0.0,0.0
0.0;-0.32524879170182286,1.528466340444344,-1.2187047080906777,-3.4415924277856114,-5.040662980952684,-1.5738738389526692;0.0,0.04105469956994057,0.0;1.0,0.0,0.0,0.0
0.0;-0.3187547392447566,1.5288939196235438,-1.2204792365434463,-3.4402743352384184,-5.034184054470553,-1.5738070596012061;0.0,0.04478694498538971,0.0;1.0,0.0,0.0,0.0
0.0;-0.31224133188644854,1.5293114402642554,-1.222187387400136,-3.439011672295217,-5.027683944539936,-1.5737432478294382;0.0,0.04851919040083885,0.0;1.0,0.0,0.0,0.0
0.0;-0.30570391471049,1.5297158034587328,-1.2238233566419547,-3.437809949705929,-5.021163076326903,-1.5736777675336977;0.0,0.052251435816287994,0.0;1.0,0.0,0.0,0.0
0.0;-0.29914375677118094,1.5301049911855937,-1.2253821529839883,-3.436672312207,-5.0146218340139885,-1.5736109730788108;0.0,0.05598367378115654,0.0;1.0,0.0,0.0,0.0
0.0;-0.29105169521674334,1.5315214294852943,-1.2268970949964129,-3.4347887996042448,-5.004206458257964,-1.5733916545371325;0.0,0.05971592292189598,0.0;1.0,0.0,0.0,0.0
0.0;-0.28442708775787034,1.5312538377071434,-1.2287591973530474,-3.4342414715336913,-4.998188933637867,-1.5734552820849146;0.0,0.06344816833734512,0.0;1.0,0.0,0.0,0.0
0.0;-0.27872403716524347,1.5313490705909598,-1.2298916211964184,-3.4336566388816414,-4.993633164498729,-1.5734155319338419;0.0,0.06718041747808456,0.0;1.0,0.0,0.0,0.0
0.0;-0.2714865844947676,1.532367275194068,-1.2307827641312101,-3.4322554881782774,-4.985172394436967,-1.5731977420499792;0.0,0.070912666618824,0.0;1.0,0.0,0.0,0.0
0.0;-0.2650591828024516,1.5319900027409614,-1.2322155374871844,-3.4317723919128458,-4.97930845006219,-1.5732283579659998;0.0,0.07464490830898285,0.0;1.0,0.0,0.0,0.0
0.0;-0.25918989078023646,1.5319832471099593,-1.2331552983091043,-3.431152622037618,-4.97430690761895,-1.573186683174668;0.0,0.0783771499991417,0.0;1.0,0.0,0.0,0.0
0.0;-0.2517829787103507,1.5329231918359036,-1.2338252396597331,-3.429908970881503,-4.965483926615279,-1.5730130195208674;0.0,0.08210939168930054,0.0;1.0,0.0,0.0,0.0
0.0;-0.24520330003388843,1.532640820744894,-1.2349907548280536,-3.4296337886069015,-4.959475232554507,-1.573046992683432;0.0,0.08584164083003998,0.0;1.0,0.0,0.0,0.0
0.0;-0.23942832223973548,1.5327124077077383,-1.2354510522181748,-3.4296750460517416,-4.954688308758048,-1.5730253788268513;0.0,0.08957388252019882,0.0;1.0,0.0,0.0,0.0
0.0;-0.2321421850679998,1.5334419719564127,-1.2353526458276867,-3.4293084307244275,-4.946277979410961,-1.5728162832723809;0.0,0.09330613166093826,0.0;1.0,0.0,0.0,0.0
0.0;-0.2255197703799359,1.5329670857445301,-1.235916236487502,-3.4293413940288175,-4.940239655484237,-1.5728013727034378;0.0,0.0970383733510971,0.0;1.0,0.0,0.0,0.0
0.0;-0.21943265860869324,1.5328572509086487,-1.2362262431582653,-3.4291708125719373,-4.934965407404292,-1.572779812493737;0.0,0.10077062249183655,0.0;1.0,0.0,0.0,0.0
0.0;-0.21193223076770767,1.5335502643813212,-1.236153728646004,-3.42863137401189,-4.92599718472146,-1.5726496762028326;0.0,0.10450286418199539,0.0;1.0,0.0,0.0,0.0
0.0;-0.2052097233585616,1.5331589111599733,-1.2366746951207905,-3.428787448564933,-4.91986361060795,-1.572647368818183;0.0,0.10823511332273483,0.0;1.0,0.0,0.0,0.0
0.0;-0.1991256443324133,1.5330927006295911,-1.236855155145429,-3.4288445162004404,-4.914658311472599,-1.5725996672232156;0.0,0.11196736246347427,0.0;1.0,0.0,0.0,0.0
0.0;-0.19167942404167057,1.5337093634388503,-1.2365539428801422,-3.4285903427798874,-4.905828461861141,-1.5724561798592283;0.0,0.11569961160421371,0.0;1.0,0.0,0.0,0.0
0.0;-0.18492710726456718,1.5333004730505924,-1.236820274806091,-3.428883950051734,-4.899655418453132,-1.5724483980301112;0.0,0.11943185329437256,0.0;1.0,0.0,0.0,0.0
0.0;-0.17751328185508017,1.5339321494544333,-1.2362394139550235,-3.4288857060214655,-4.891471023827123,-1.5723288633843417;0.0,0.1231640949845314,0.0;1.0,0.0,0.0,0.0
0.0;-0.17119760156648758,1.5333340849303383,-1.2363923064943922,-3.4293860651793135,-4.885897130920618,-1.572319939542513;0.0,0.12689633667469025,0.0;1.0,0.0,0.0,0.0
0.0;-0.1639336265761632,1.5338626298280371,-1.2356227717597936,-3.4294774155030288,-4.877998461594188,-1.5721938636948392;0.0,0.1306285858154297,0.0;1.0,0.0,0.0,0.0
0.0;-0.15757159355617803,1.5332236873810758,-1.2356814303563066,-3.430007079440311,-4.872327092960891,-1.5721901822585036;0.0,0.13436082005500793,0.0;1.0,0.0,0.0,0.0
0.0;-0.15025697815380895,1.5337331244708172,-1.2348363839281618,-3.4301982456705713,-4.864259135075599,-1.5720863346940703;0.0,0.13809306919574738,0.0;1.0,0.0,0.0,0.0
0.0;-0.14388262851359584,1.5331190118934896,-1.2347440237550142,-3.4308801783169622,-4.858587994675825,-1.5720749998364805;0.0,0.14182531833648682,0.0;1.0,0.0,0.0,0.0
0.0;-0.13663555414225556,1.5335515226838987,-1.2336894571960069,-3.431315449017785,-4.850667916535452,-1.571964660849193;0.0,0.14555758237838745,0.0;1.0,0.0,0.0,0.0
0.0;-0.13025665064800737,1.532918053071283,-1.233381500731406,-3.4321117156183765,-4.845005049734727,-1.5719454231561831;0.0,0.1492898166179657,0.0;1.0,0.0,0.0,0.0
0.0;-0.1230241285657676,1.533253202455735,-1.232136557685896,-3.432694027338553,-4.83707543134158,-1.571848927607321;0.0,0.15302206575870514,0.0;1.0,0.0,0.0,0.0
0.0;-0.11660189173928624,1.532601706924867,-1.23161810125549,-3.433603903303861,-4.831372714486073,-1.5718269402765879;0.0,0.15675431489944458,0.0;1.0,0.0,0.0,0.0
0.0;-0.1093996527238645,1.5328328729406264,-1.230170638885575,-3.434381141749247,-4.8234682434780485,-1.5717348675647198;0.0,0.16048654913902283,0.0;1.0,0.0,0.0,0.0
0.0;-0.10291389497413472,1.532193199187748,-1.2294959732568111,-3.4353459380410984,-4.81768937677208,-1.5717051945723028;0.0,0.16421879827976227,0.0;1.0,0.0,0.0,0.0
0.0;-0.0956984883406615,1.5323849376399643,-1.2279568157218121,-3.4362245026483254,-4.809745399867944,-1.5716195120284198;0.0,0.1679510474205017,0.0;1.0,0.0,0.0,0.0
0.0;-0.08921334842282452,1.5317648750321065,-1.227116837890281,-3.4373361664485453,-4.803975675081167,-1.5715860727470217;0.0,0.17168329656124115,0.0;1.0,0.0,0.0,0.0
0.0;-0.08205471140887993,1.5318827089124347,-1.2253869472414014,-3.43843728525879,-4.796140047798229,-1.5715017616889304;0.0,0.1754155457019806,0.0;1.0,0.0,0.0,0.0
0.0;-0.0755586296917566,1.5312485644888274,-1.2243362855776068,-3.439663369690281,-4.7903585902000305,-1.5714625814174037;0.0,0.17914777994155884,0.0;1.0,0.0,0.0,0.0
0.0;-0.06842098028583472,1.5312730183885568,-1.2224272626020258,-3.440909843414507,-4.782537360480159,-1.5713840993987889;0.0,0.1828799992799759,0.0;1.0,0.0,0.0,0.0
0.0;-0.06505617090074559,1.5294844947759254,-1.2241996734867935,-3.437257617301201,-4.777760946013569,-1.5712217750458275;-0.003657599911093712,0.1828799992799759,0.0;1.0,0.0,0.0,0.0
0.0;-0.06495303179826775,1.5294087137262051,-1.2319117432587539,-3.4286592801784366,-4.7779298890751685,-1.5713795406773037;-0.007315199822187424,0.1828799992799759,0.0;1.0,0.0,0.0,0.0
0.0;-0.0668215775844707,1.5315487604320854,-1.2444189480876802,-3.416565698564225,-4.779698502509906,-1.5713953484166083;-0.010972799733281136,0.1828799992799759,0.0;1.0,0.0,0.0,0.0
0.0;-0.06796791938985003,1.5352076977416103,-1.258741142980458,-3.407482365299926,-4.780941297160876,-1.5715076328426756;-0.014630400575697422,0.1828799992799759,0.0;1.0,0.0,0.0,0.0
0.0;-0.0679684412520143,1.5382808049726873,-1.271871196089139,-3.397627359098133,-4.780741168024376,-1.5713043165164742;-0.01828799955546856,0.1828799992799759,0.0;1.0,0.0,0.0,0.0
0.0;-0.06816540523397202,1.540313150076704,-1.2839641694732682,-3.3870327488382834,-4.780331591061207,-1.5712626878352476;-0.02194559946656227,0.1828799992799759,0.0;1.0,0.0,0.0,0.0
0.0;-0.06858183200218018,1.5420080205040754,-1.2953988179676115,-3.377306573361666,-4.780811800667523,-1.571390217457453;-0.025603199377655983,0.1828799992799759,0.0;1.0,0.0,0.0,0.0
0.0;-0.06919820619731279,1.5441120232911025,-1.3070109300599995,-3.367952289216214,-4.781713433661301,-1.5714071655465482;-0.029260801151394844,0.1828799992799759,0.0;1.0,0.0,0.0,0.0
0.0;-0.06986213133300599,1.5465118195083158,-1.3192823149396335,-3.3580699441752535,-4.782388038686128,-1.5713395213267587;-0.032918401062488556,0.1828799992799759,0.0;1.0,0.0,0.0,0.0
0.0;-0.07037481882241903,1.5487616980760845,-1.3316948419812797,-3.347869109694598,-4.782819148580828,-1.5713348854057347;-0.03657599911093712,0.1828799992799759,0.0;1.0,0.0,0.0,0.0
0.0;-0.07084859676621388,1.5507555917754348,-1.3436799892439986,-3.3379585525404654,-4.78326324375045,-1.5713736669761327;-0.04023360088467598,0.1828799992799759,0.0;1.0,0.0,0.0,0.0
0.0;-0.07138900051208083,1.5525960747875485,-1.3552435251615886,-3.32834641167379,-4.783827711720695,-1.5713756974765902;-0.04389120265841484,0.1828799992799759,0.0;1.0,0.0,0.0,0.0
0.0;-0.07197041188145761,1.5543540149976438,-1.3666856949427049,-3.3186803027834726,-4.784436143988921,-1.5713557724258655;-0.0475488007068634,0.1828799992799759,0.0;1.0,0.0,0.0,0.0
0.0;-0.07254818144402465,1.5560481070372019,-1.3781546705811691,-3.3088825219060016,-4.785014125358015,-1.5713587123074035;-0.051206402480602264,0.1828799992799759,0.0;1.0,0.0,0.0,0.0
0.0;-0.07311419587883548,1.5576763946927936,-1.389576762621809,-3.299115176314528,-4.78557410709276,-1.5713726836441289;-0.05486400052905083,0.1828799992799759,0.0;1.0,0.0,0.0,0.0
0.0;-0.07368775649470997,1.5592211772010467,-1.4008564162209203,-3.2894403532301295,-4.786150128951725,-1.5713729062898922;-0.05852160230278969,0.1828799992799759,0.0;1.0,0.0,0.0,0.0
0.0;-0.07428002677941155,1.5606607595284476,-1.4119857508113896,-3.2797917070461935,-4.786747670368812,-1.5713675708957842;-0.06217920035123825,0.1828799992799759,0.0;1.0,0.0,0.0,0.0
0.0;-0.07488413715257318,1.5619937578793333,-1.422998323868463,-3.27012974430164,-4.787355861695649,-1.5713701230954809;-0.06583680212497711,0.1828799992799759,0.0;1.0,0.0,0.0,0.0
0.0;-0.07535886760880427,1.5632475724240422,-1.4339343276031034,-3.260511491848362,-4.787895325707739,-1.5713869722967762;-0.06949440389871597,0.1828799992799759,0.0;1.0,0.0,0.0,0.0
0.0;-0.07559873904603195,1.5644773871437987,-1.4451320245412993,-3.2501782717886956,-4.7879097828821555,-1.571368917312856;-0.07315199822187424,0.1828799992799759,0.0;1.0,0.0,0.0,0.0
0.0;-0.07604138974702472,1.5656272237593727,-1.456189494522434,-3.240403331989006,-4.78811437393291,-1.5713913234818457;-0.0768095999956131,0.1828799992799759,0.0;1.0,0.0,0.0,0.0
0.0;-0.07663994541638264,1.566658141828948,-1.4667570831329593,-3.2311004171475792,-4.788785458284944,-1.5713952033863663;-0.08046720921993256,0.1828799992799759,0.0;1.0,0.0,0.0,0.0
0.0;-0.07736340902660521,1.567543989580705,-1.477132185362046,-3.221600493007829,-4.789589040529617,-1.5713798776941035;-0.08412480354309082,0.1828799992799759,0.0;1.0,0.0,0.0,0.0
0.0;-0.07806962085668924,1.5683107897451372,-1.4875403371679528,-3.211881184662739,-4.790293529295934,-1.571385329491693;-0.08778240531682968,0.1828799992799759,0.0;1.0,0.0,0.0,0.0
0.0;-0.07869673632614695,1.5690176365958945,-1.497899530103542,-3.202245680875865,-4.790910579705597,-1.5713990879294053;-0.09144000709056854,0.1828799992799759,0.0;1.0,0.0,0.0,0.0
0.0;-0.07932093032428314,1.5696775871559654,-1.5081263586979479,-3.192750005353846,-4.791523951011808,-1.571400434198326;-0.0950976014137268,0.1828799992799759,0.0;1.0,0.0,0.0,0.0
0.0;-0.07998613429094166,1.5702480217456034,-1.518239184553144,-3.183242899637528,-4.792180824391624,-1.5713960525337927;-0.09875520318746567,0.1828799992799759,0.0;1.0,0.0,0.0,0.0
0.0;-0.08067980740362757,1.570705362631659,-1.5282703070467707,-3.173666778665872,-4.792874869653732,-1.5713983789232242;-0.10241280496120453,0.1828799992799759,0.0;1.0,0.0,0.0,0.0
0.0;-0.08138325645033274,1.5710696890991165,-1.5382187292676073,-3.164092039069956,-4.793582943659194,-1.5714053214024841;-0.10607039928436279,0.1828799992799759,0.0;1.0,0.0,0.0,0.0
0.0;-0.08209025347876561,1.5713616400716826,-1.5480756614795101,-3.1545555498276956,-4.794292775899959,-1.571408989176135;-0.10972799360752106,0.1828799992799759,0.0;1.0,0.0,0.0,0.0
0.0;-0.08280493696440543,1.5715763277451757,-1.557845329092833,-3.1450252799145786,-4.795005359837085,-1.5714096894175789;-0.11338560283184052,0.1828799992799759,0.0;1.0,0.0,0.0,0.0
0.0;-0.08353259016934632,1.5717015001739474,-1.5675327813023896,-3.1354780319202935,-4.79572851117836,-1.5714120381511336;-0.11704319715499878,0.1828799992799759,0.0;1.0,0.0,0.0,0.0
0.0;-0.08427464650129003,1.5717360595324108,-1.5771353974918583,-3.1259251078088166,-4.796468086859813,-1.571416248428655;-0.12070079892873764,0.1828799992799759,0.0;1.0,0.0,0.0,0.0
0.0;-0.08503044109821038,1.571685650407947,-1.5866513818059411,-3.116377588058054,-4.797223510008354,-1.571419872922791;-0.1243584007024765,0.1828799992799759,0.0;1.0,0.0,0.0,0.0
0.0;-0.08579923145325569,1.5715523499745325,-1.5960843908227156,-3.106829784196774,-4.797991401462335,-1.5714226279164916;-0.12801600992679596,0.1828799992799759,0.0;1.0,0.0,0.0,0.0
0.0;-0.08658083259961169,1.5713341815679134,-1.6054378898043153,-3.0972742286751407,-4.798770653357584,-1.5714257306100232;-0.13167360424995422,0.1828799992799759,0.0;1.0,0.0,0.0,0.0
0.0;-0.08737577858501594,1.5710296596183766,-1.614711582877124,-3.0877116399462703,-4.799562774118375,-1.5714294082032825;-0.13533121347427368,0.1828799992799759,0.0;1.0,0.0,0.0,0.0
0.0;-0.08818492827528841,1.5706391218005458,-1.6239043217391091,-3.0781446527931107,-4.800369334547361,-1.571433079544912;-0.13898880779743195,0.1828799992799759,0.0;1.0,0.0,0.0,0.0
0.0;-0.08900887418516489,1.570163019213979,-1.6330169894915016,-3.068571962894638,-4.801190696708737,-1.5714365952643106;-0.1426464021205902,0.1828799992799759,0.0;1.0,0.0,0.0,0.0
0.0;-0.08984787301308925,1.5696011246253534,-1.6420514980720895,-3.0589907352767405,-4.8020267389810565,-1.5714402329772736;-0.14630401134490967,0.1828799992799759,0.0;1.0,0.0,0.0,0.0
0.0;-0.09070216562679301,1.5689530890775458,-1.651008824807568,-3.04940005714105,-4.802877707377639,-1.5714440928760884;-0.14996159076690674,0.1828799992799759,0.0;1.0,0.0,0.0,0.0
0.0;-0.09157215495253403,1.5682187090778446,-1.6598891089372572,-3.039800066404954,-4.803744148722955,-1.5714480461480955;-0.153619185090065,0.1828799992799759,0.0;1.0,0.0,0.0,0.0
0.0;-0.09245835780614148,1.5673977989358738,-1.6686926824040416,-3.030190059685896,-4.804626570995285,-1.5714520350708605;-0.15727679431438446,0.1828799992799759,0.0;1.0,0.0,0.0,0.0
0.0;-0.09336127732799915,1.5664900682133196,-1.6774202898997677,-3.020568752978985,-4.8055254031049826,-1.5714561254115487;-0.16093440353870392,0.1828799992799759,0.0;1.0,0.0,0.0,0.0
0.0;-0.09428383191711374,1.5655081698763953,-1.6860553369045428,-3.010940245627,-4.806439061558493,-1.5714598600569674;-0.16459199786186218,0.1828799992799759,0.0;1.0,0.0,0.0,0.0
0.0;-0.09517267712221833,1.5644220682643108,-1.6945464526842038,-3.0013302857684456,-4.807359065521573,-1.5714528558086904;-0.16824960708618164,0.1828799992799759,0.0;1.0,0.0,0.0,0.0
0.0;-0.09555969967687317,1.5634113297028194,-1.7029213453013858,-2.9917940065135715,-4.808041654168079,-1.5714549828380542;-0.1719072014093399,0.1828799992799759,0.0;1.0,0.0,0.0,0.0
0.0;-0.09664617484552933,1.562620987575919,-1.7116427217797732,-2.982610337270335,-4.808662795277916,-1.5716168116792337;-0.17556479573249817,0.1828799992799759,0.0;1.0,0.0,0.0,0.0
0.0;-0.09742309826218502,1.5612815841206282,-1.7199706655439142,-2.972872397567512,-4.809421951584847,-1.571494922414816;-0.17922240495681763,0.1828799992799759,0.0;1.0,0.0,0.0,0.0
0.0;-0.09824517536454772,1.5595773567425077,-1.7280284393473309,-2.962945045337074,-4.810233571404888,-1.571412798048525;-0.1828799992799759,0.1828799992799759,0.0;1.0,0.0,0.0,0.0
0.0;-0.09934155043348956,1.5578505113506484,-1.7360460287023816,-2.953271104845254,-4.811225858810573,-1.5715054703830529;-0.18653759360313416,0.1828799992799759,0.0;1.0,0.0,0.0,0.0
0.0;-0.10038931435058689,1.5562033749474873,-1.7440802211577642,-2.943612552545665,-4.812342156091508,-1.5715329972945304;-0.19019518792629242,0.1828799992799759,0.0;1.0,0.0,0.0,0.0
0.0;-0.1014602495414599,1.5545482024442767,-1.7521883845612751,-2.933819381833557,-4.813421351412234,-1.5714975518986982;-0.19385278224945068,0.1828799992799759,0.0;1.0,0.0,0.0,0.0
0.0;-0.10255814385484463,1.5527899132105563,-1.7602604235922132,-2.9240114122163265,-4.8144874231025145,-1.5714992091017743;-0.19751040637493134,0.1828799992799759,0.0;1.0,0.0,0.0,0.0
0.0;-0.10365444110465692,1.5509090372770262,-1.7681863015527368,-2.9142323546204887,-4.815578958528826,-1.5715205218785817;-0.2011680006980896,0.1828799992799759,0.0;1.0,0.0,0.0,0.0
0.0;-0.10477438352944092,1.5489240800939459,-1.775996629534141,-2.9044448081484977,-4.816694408858397,-1.571527131454907;-0.20482559502124786,0.1828799992799759,0.0;1.0,0.0,0.0,0.0
0.0;-0.10592720391994123,1.5468544143422605,-1.7837528226274422,-2.894622874671477,-4.8178343143864995,-1.5715272352188159;-0.20848320424556732,0.1828799992799759,0.0;1.0,0.0,0.0,0.0
0.0;-0.10710496122473312,1.5447033037373992,-1.7914638161442706,-2.88476836374173,-4.819000852327876,-1.571532904471443;-0.21214079856872559,0.1828799992799759,0.0;1.0,0.0,0.0,0.0
0.0;-0.10830759628290902,1.5424623133054758,-1.7991087816150304,-2.874893704696571,-4.820193402192293,-1.5715415169121014;-0.21579839289188385,0.1828799992799759,0.0;1.0,0.0,0.0,0.0
0.0;-0.10953720154403461,1.5401244970455612,-1.8066741027392577,-2.865002572872307,-4.8214121060443675,-1.5715482140883947;-0.2194560170173645,0.1828799992799759,0.0;1.0,0.0,0.0,0.0
0.0;-0.11079374732401576,1.5376894774393182,-1.8141619008093886,-2.855089200153933,-4.8226572215799814,-1.57155377906936;-0.22311361134052277,0.1828799992799759,0.0;1.0,0.0,0.0,0.0
0.0;-0.11207788470950644,1.5351599077154927,-1.821579526076994,-2.845149766899069,-4.823929071167775,-1.5715604657106539;-0.22677120566368103,0.1828799992799759,0.0;1.0,0.0,0.0,0.0
0.0;-0.11339097628650364,1.532537078059466,-1.828929630923185,-2.835185156316959,-4.825228968471532,-1.5715680172788502;-0.2304288148880005,0.1828799992799759,0.0;1.0,0.0,0.0,0.0
0.0;-0.11473420189311634,1.5298198043297246,-1.8362101832363784,-2.8251963261394395,-4.826558478093319,-1.5715753465379763;-0.23408640921115875,0.1828799992799759,0.0;1.0,0.0,0.0,0.0
0.0;-0.11610859748317671,1.5270061292575017,-1.8434191066312067,-2.815182407796637,-4.827918646646333,-1.5715825574216178;-0.23774400353431702,0.1828799992799759,0.0;1.0,0.0,0.0,0.0
0.0;-0.11751514869904545,1.5240950309741916,-1.8505562956714685,-2.8051421228586473,-4.82931026538719,-1.5715901832874488;-0.24140162765979767,0.1828799992799759,0.0;1.0,0.0,0.0,0.0
0.0;-0.11895486032583913,1.5210864243082887,-1.857622484219622,-2.7950749393845613,-4.830734280853157,-1.5715982133950428;-0.24505922198295593,0.1828799992799759,0.0;1.0,0.0,0.0,0.0
0.0;-0.12052577870186354,1.5179593691471942,-1.8645969674227614,-2.78496159802969,-4.832205449974128,-1.5715973770159444;-0.2487168163061142,0.1828799992799759,0.0;1.0,0.0,0.0,0.0
0.0;-0.1223157780304203,1.5147240336552859,-1.8713651855255695,-2.7750875337346477,-4.834025822414567,-1.5716319835534391;-0.2523743808269501,0.1828799992799759,0.0;1.0,0.0,0.0,0.0
0.0;-0.1240862749572714,1.5113893965962826,-1.878097549113367,-2.7650050667636212,-4.835896256210535,-1.571625750616653;-0.25603199005126953,0.1828799992799759,0.0;1.0,0.0,0.0,0.0
0.0;-0.12580776139319472,1.5079542253151659,-1.884917813293724,-2.7546621182320186,-4.83762807818647,-1.5716216608350966;-0.2596895694732666,0.1828799992799759,0.0;1.0,0.0,0.0,0.0
0.0;-0.1274813766407014,1.50443911616254,-1.8917157529202653,-2.7443661530324848,-4.839279615433259,-1.5716444154191362;-0.26334720849990845,0.1828799992799759,0.0;1.0,0.0,0.0,0.0
0.0;-0.12914279537514634,1.500856240555062,-1.8983648111253615,-2.7341784046891235,-4.840929931491157,-1.5716591131283237;-0.2670047879219055,0.1828799992799759,0.0;1.0,0.0,0.0,0.0
0.0;-0.13051698431545966,1.4974317153491339,-1.9047312235274743,-2.724152801695058,-4.842710802724202,-1.5716249394027055;-0.270662397146225,0.1828799992799759,0.0;1.0,0.0,0.0,0.0
0.0;-0.1326667897593313,1.4940008513290974,-1.9111921885553798,-2.714758187477765,-4.844511339514022,-1.5718429299796217;-0.27431997656822205,0.1828799992799759,0.0;1.0,0.0,0.0,0.0
0.0;-0.13426693890567648,1.4902014398579453,-1.917491386914153,-2.704495921173212,-4.846276706638736,-1.57168915078466;-0.2779775857925415,0.1828799992799759,0.0;1.0,0.0,0.0,0.0
0.0;-0.1358635966866315,1.486032338331024,-1.9238033949640816,-2.6937749936954134,-4.8478276655391035,-1.5715912118619855;-0.28163519501686096,0.1828799992799759,0.0;1.0,0.0,0.0,0.0
0.0;-0.1381739669934572,1.4819054182424274,-1.930242869094761,-2.6834702800756447,-4.8496459259784075,-1.5718598436262996;-0.2852928042411804,0.1828799992799759,0.0;1.0,0.0,0.0,0.0
0.0;-0.1397794007215408,1.4777354220084549,-1.9363710209513034,-2.673052843441553,-4.851709230674905,-1.5717368006668426;-0.2889504134654999,0.1828799992799759,0.0;1.0,0.0,0.0,0.0
0.0;-0.14158344687413288,1.4733898956261255,-1.9424041822738696,-2.6626798900746764,-4.8535048133123935,-1.5716479453733851;-0.29260802268981934,0.1828799992799759,0.0;1.0,0.0,0.0,0.0
0.0;-0.14409319248091212,1.4690233162851019,-1.9485591547134253,-2.6523202817041183,-4.855528918964084,-1.571893670952752;-0.2962656319141388,0.1828799992799759,0.0;1.0,0.0,0.0,0.0
0.0;-0.14591566123675392,1.4644653097048406,-1.954520304887621,-2.641575723535808,-4.857732856228335,-1.5717594648411164;-0.29992321133613586,0.1828799992799759,0.0;1.0,0.0,0.0,0.0
0.0;-0.14761539064822288,1.4598250563928343,-1.960440546659496,-2.631045319052545,-4.859557244124546,-1.5716819043044283;-0.3035808205604553,0.1828799992799759,0.0;1.0,0.0,0.0,0.0
0.0;-0.1496283378316391,1.4553124050067077,-1.9668838958072594,-2.6199626795798,-4.8608270970694445,-1.5719291309319636;-0.3072384297847748,0.1828799992799759,0.0;1.0,0.0,0.0,0.0
0.0;-0.15086008112303148,1.4505825302033868,-1.972943220027367,-2.60903360251667,-4.862280506820508,-1.5718089611060657;-0.31089603900909424,0.1828799992799759,0.0;1.0,0.0,0.0,0.0
0.0;-0.15244400425018234,1.4456483414033894,-1.9784350990900734,-2.5988703051241586,-4.863800849506021,-1.5717438588595563;-0.3145536184310913,0.1828799992799759,0.0;1.0,0.0,0.0,0.0
0.0;-0.15498774342050817,1.4406753555640517,-1.9838324912809169,-2.5886617520488864,-4.865803000494099,-1.571989439068585;-0.31821122765541077,0.1828799992799759,0.0;1.0,0.0,0.0,0.0
0.0;-0.1570244757991083,1.4354657154017525,-1.989237613100129,-2.5776945964470843,-4.86815021528131,-1.5718342610433507;-0.3218688368797302,0.1828799992799759,0.0;1.0,0.0,0.0,0.0
0.0;-0.15924395285664325,1.4300865007795729,-1.9947207989923381,-2.5668684987280597,-4.870337986491472,-1.5717695934123872;-0.3255264163017273,0.1828799992799759,0.0;1.0,0.0,0.0,0.0
0.0;-0.16225115626574266,1.4247611697411409,-2.000200324554826,-2.5563219167401225,-4.872800952971863,-1.5720515893229718;-0.32918402552604675,0.1828799992799759,0.0;1.0,0.0,0.0,0.0
0.0;-0.16454374756461618,1.4192685323166856,-2.0054160437592214,-2.5453621149713115,-4.875508433783574,-1.571890628466559;-0.3328416347503662,0.1828799992799759,0.0;1.0,0.0,0.0,0.0
0.0;-0.16697821348483208,1.413533434896127,-2.0106538815478063,-2.5345057691881916,-4.877930373352614,-1.5717964025482163;-0.33649924397468567,0.1828799992799759,0.0;1.0,0.0,0.0,0.0
0.0;-0.17028552484837672,1.4077440728289798,-2.0161831361619265,-2.5233887588150554,-4.880626396050951,-1.5720715834009396;-0.34015682339668274,0.1828799992799759,0.0;1.0,0.0,0.0,0.0
0.0;-0.17296295634415756,1.4017452149843521,-2.021460483868145,-2.511807856550204,-4.88366330961667,-1.5719076541183115;-0.3438144326210022,0.1828799992799759,0.0;1.0,0.0,0.0,0.0
0.0;-0.17668208016956574,1.3954395836988447,-2.0266015287768133,-2.500652336446702,-4.8867530232491845,-1.5721001857810155;-0.34747201204299927,0.1828799992799759,0.0;1.0,0.0,0.0,0.0
0.0;-0.17953194372345624,1.3891650184357287,-2.0313306848179176,-2.489432906784602,-4.890156826654158,-1.571938713737303;-0.3511296212673187,0.1828799992799759,0.0;1.0,0.0,0.0,0.0
0.0;-0.18252353822327594,1.3829030227883279,-2.0360313052977044,-2.478533632281688,-4.8932113637376276,-1.571897084368722;-0.3547872304916382,0.1828799992799759,0.0;1.0,0.0,0.0,0.0
0.0;-0.18639253412583542,1.3766618567792683,-2.040820631466952,-2.467694631460954,-4.896467037098468,-1.572208574041234;-0.35844483971595764,0.1828799992799759,0.0;1.0,0.0,0.0,0.0
0.0;-0.18881251325810722,1.3704158172652354,-2.045274113280221,-2.4560991959325755,-4.900157180106162,-1.5719722862727696;-0.3621024191379547,0.1828799992799759,0.0;1.0,0.0,0.0,0.0
0.0;-0.19236356296826418,1.3639326690879903,-2.049875313243661,-2.445795250153604,-4.903149207351068,-1.5722445536580467;-0.3657599985599518,0.1828799992799759,0.0;1.0,0.0,0.0,0.0
0.0;-0.20029286917006334,1.3616656135714447,-2.0516844187980565,-2.4410956727659263,-4.91006817942872,-1.5725851775976178;-0.3657599985599518,0.17918545007705688,0.0;1.0,0.0,0.0,0.0
0.0;-0.2170302352881734,1.3613844182683097,-2.052244388309691,-2.4426532468550457,-4.922860986891027,-1.5728258434951115;-0.3657599985599518,0.17549090087413788,0.0;1.0,0.0,0.0,0.0
0.0;-0.23097647670646493,1.3614697163759828,-2.0520778910102777,-2.4422935112626787,-4.938331210142181,-1.5726214479518776;-0.3657599985599518,0.17179636657238007,0.0;1.0,0.0,0.0,0.0
0.0;-0.24551966321562832,1.3599979233720616,-2.0529278371759023,-2.439994229311036,-4.952145590094427,-1.572748155112093;-0.3657599985599518,0.16810181736946106,0.0;1.0,0.0,0.0,0.0
0.0;-0.2609809578931432,1.3583379850523623,-2.054032909592125,-2.4370988673892247,-4.966089463243537,-1.5730568435080827;-0.3657599985599518,0.16440726816654205,0.0;1.0,0.0,0.0,0.0
0.0;-0.278137587298431,1.3572416365307292,-2.0547800204006763,-2.434875287836265,-4.98259735267362,-1.5732771860924992;-0.3657599985599518,0.16071271896362305,0.0;1.0,0.0,0.0,0.0
0.0;-0.29814805611428935,1.3561146803867048,-2.055218641025347,-2.4333033382675446,-5.002228329864244,-1.5733874486429253;-0.3657599985599518,0.15701818466186523,0.0;1.0,0.0,0.0,0.0
0.0;-0.32052297178251615,1.3545093397478998,-2.0559625803625763,-2.4311589018991264,-5.024540853332352,-1.573511624621322;-0.3657599985599518,0.15332363545894623,0.0;1.0,0.0,0.0,0.0
0.0;-0.34422200107488254,1.3525798367995092,-2.057151070794372,-2.4278514281406847,-5.04856698525404,-1.5737525210804983;-0.3657599985599518,0.14962908625602722,0.0;1.0,0.0,0.0,0.0
0.0;-0.36815211544070997,1.3505454523529272,-2.0585858137676523,-2.4241458037636163,-5.072774430881471,-1.5740890348630898;-0.3657599985599518,0.14593453705310822,0.0;1.0,0.0,0.0,0.0
0.0;-0.39120112962369236,1.3488048481609953,-2.059760585131036,-2.420975390067244,-5.096072878009591,-1.5743754420115226;-0.3657599985599518,0.1422399878501892,0.0;1.0,0.0,0.0,0.0
0.0;-0.4128905228416509,1.3474741085479258,-2.0605371356540587,-2.418708176389074,-5.117951289579145,-1.5746109566191935;-0.3657599985599518,0.1385454535484314,0.0;1.0,0.0,0.0,0.0
0.0;-0.4333609955991038,1.346505365912667,-2.0610568175597357,-2.4170969186599205,-5.138452355910488,-1.5748450851370093;-0.3657599985599518,0.1348509043455124,0.0;1.0,0.0,0.0,0.0
0.0;-0.4531037377546261,1.3457985450603458,-2.0614734234412313,-2.4158156545092333,-5.158102670129387,-1.5750929816514914;-0.3657599985599518,0.13115635514259338,0.0;1.0,0.0,0.0,0.0
0.0;-0.47269286799645704,1.3452654064987588,-2.0618273320004303,-2.414748203476212,-5.177548279418994,-1.5753486448209173;-0.3657599985599518,0.12746180593967438,0.0;1.0,0.0,0.0,0.0
0.0;-0.49251890235852974,1.344850815400271,-2.062094658747256,-2.4138848792342684,-5.197255312910982,-1.5756059607695994;-0.3657599985599518,0.12376727163791656,0.0;1.0,0.0,0.0,0.0
0.0;-0.5127127078201948,1.3445152792380568,-2.062279720158637,-2.4131898411172785,-5.217400602089944,-1.5758667372100175;-0.3657599985599518,0.12007272243499756,0.0;1.0,0.0,0.0,0.0
0.0;-0.533297771533144,1.3442452757125303,-2.062413764366868,-2.412599611770971,-5.237981929489487,-1.5761391597551324;-0.3657599985599518,0.11637817323207855,0.0;1.0,0.0,0.0,0.0
0.0;-0.554334545818289,1.3439756862470094,-2.06260298612943,-2.411996626610301,-5.2590399979689115,-1.576401928657499;-0.3657599985599518,0.11268363147974014,0.0;1.0,0.0,0.0,0.0
0.0;-0.5758212321527447,1.3436346840314202,-2.0629603450007985,-2.411240676536848,-5.280552248910196,-1.5766585974706873;-0.3657599985599518,0.10898908227682114,0.0;1.0,0.0,0.0,0.0
0.0;-0.5975604106538297,1.343085605752296,-2.064202057903217,-2.4093355080600567,-5.305744713500396,-1.5768461832539376;-0.3657599985599518,0.10529453307390213,0.0;1.0,0.0,0.0,0.0
0.0;-0.6268960537819611,1.3434292668175043,-2.067790303946537,-2.404634666547271,-5.333374046180786,-1.5775343798577712;-0.3657599985599518,0.10159999132156372,0.0;1.0,0.0,0.0,0.0
0.0;-0.6601510654137035,1.341136653888709,-2.070965937850832,-2.3993012986249274,-5.36755722896815,-1.5785284754368891;-0.3657599985599518,0.09790544956922531,0.0;1.0,0.0,0.0,0.0
0.0;-0.6903781760947285,1.339091367567319,-2.0705930827227297,-2.394623311991983,-5.401802318562318,-1.578638726114991;-0.3657599985599518,0.0942109003663063,0.0;1.0,0.0,0.0,0.0
0.0;-0.7151339966324448,1.337447551238247,-2.0704142975343394,-2.3952678132961216,-5.425619288094834,-1.58071578779665;-0.3657599985599518,0.0905163586139679,0.0;1.0,0.0,0.0,0.0
0.0;-0.7333937017928644,1.3395726085333,-2.068725687447277,-2.3958489945942243,-5.443730395895051,-1.581025038544731;-0.3657599985599518,0.08682180941104889,0.0;1.0,0.0,0.0,0.0
0.0;-0.7487346938556833,1.3392932279971148,-2.06943448720139,-2.396959555928183,-5.459400264658667,-1.5813202707650407;-0.3657599985599518,0.08312726020812988,0.0;1.0,0.0,0.0,0.0
0.0;-0.7658778160962517,1.3423800838270654,-2.0676908122640456,-2.398410869556631,-5.4753156670564875,-1.5814167219345803;-0.3657599985599518,0.07943272590637207,0.0;1.0,0.0,0.0,0.0
0.0;-0.7810879843525379,1.3433508045179923,-2.0672734206354275,-2.4017909204436054,-5.491928082507407,-1.582893194064788;-0.3657599985599518,0.07573818415403366,0.0;1.0,0.0,0.0,0.0
0.0;-0.7981458735341892,1.3460184467052176,-2.06493619762553,-2.404111921163015,-5.5080743540535195,-1.5830305207418924;-0.3657599985599518,0.07204362750053406,0.0;1.0,0.0,0.0,0.0
0.0;-0.8145402337745082,1.3462573188748368,-2.064792081016467,-2.405778669055994,-5.524540167569653,-1.5832874240799275;-0.3657599985599518,0.06834909319877625,0.0;1.0,0.0,0.0,0.0
0.0;-0.8293789287365723,1.3484013093122087,-2.063729599308746,-2.4077765067345576,-5.5401981470191695,-1.583978343581185;-0.3657599985599518,0.06465454399585724,0.0;1.0,0.0,0.0,0.0
0.0;-0.8451697778807842,1.3515325799842184,-2.0619406964262783,-2.411172985390454,-5.555165635155524,-1.5852151513995774;-0.3657599985599518,0.060959991067647934,0.0;1.0,0.0,0.0,0.0
0.0;-0.8599422288753199,1.3534808970550871,-2.060537048988489,-2.414593237040678,-5.570270501442305,-1.5859539484163885;-0.3657599985599518,0.057265449315309525,0.0;1.0,0.0,0.0,0.0
0.0;-0.8743556023441148,1.3553112726638334,-2.059042921959785,-2.4175979648413826,-5.584868596048138,-1.586205301688763;-0.3657599985599518,0.05357090011239052,0.0;1.0,0.0,0.0,0.0
0.0;-0.8898851650961033,1.3578955668928845,-2.0572233248347698,-2.420974061994334,-5.599622564561886,-1.586733666468776;-0.3657599985599518,0.04987635463476181,0.0;1.0,0.0,0.0,0.0
0.0;-0.9040929453665161,1.3601070171671858,-2.0557710944925662,-2.4244088044449716,-5.614600569878013,-1.587546653877139;-0.3657599985599518,0.046181820333004,0.0;1.0,0.0,0.0,0.0
0.0;-0.9185553192369031,1.3627075532203026,-2.0539581848624096,-2.427892417455089,-5.628910662897653,-1.5883088129012288;-0.3657599985599518,0.04248727113008499,0.0;1.0,0.0,0.0,0.0
0.0;-0.9324917191903577,1.3652142141080852,-2.0521424922879232,-2.4315562856003283,-5.642854940313611,-1.58910082484696;-0.3657599985599518,0.038792721927165985,0.0;1.0,0.0,0.0,0.0
0.0;-0.945924068307659,1.367863787807983,-2.0499839236269723,-2.435495794657228,-5.656383516448586,-1.589942391261522;-0.3657599985599518,0.03509816899895668,0.0;1.0,0.0,0.0,0.0
0.0;-0.9597006569312806,1.3709879402493428,-2.047146796129475,-2.440097008496881,-5.669886576281682,-1.5909548564518068;-0.3657599985599518,0.031403619796037674,0.0;1.0,0.0,0.0,0.0
0.0;-0.9717477706752573,1.3733803577311954,-2.045078709795318,-2.4443943774713124,-5.682724103317098,-1.5918549819476489;-0.3657599985599518,0.027709072455763817,0.0;1.0,0.0,0.0,0.0
0.0;-0.9855900383040072,1.3768645565014845,-2.0423945017025877,-2.449119086257752,-5.695206163611137,-1.5924867652918724;-0.3657599985599518,0.024014540016651154,0.0;1.0,0.0,0.0,0.0
0.0;-0.9967152615944178,1.3788004750962164,-2.0401692676844845,-2.454052141425339,-5.707469323720988,-1.5930091629049854;-0.3657599985599518,0.020319990813732147,0.0;1.0,0.0,0.0,0.0
0.0;-1.0052796551908176,1.3822193078428475,-2.0370747152257103,-2.459392955223835,-5.717230838377203,-1.5939708484275847;-0.3657599985599518,0.01662543974816799,0.0;1.0,0.0,0.0,0.0
0.0;-1.013637209250001,1.386133635753503,-2.0340388356820065,-2.4650689697197854,-5.725317431350187,-1.5952372409556717;-0.3657599985599518,0.012930906377732754,0.0;1.0,0.0,0.0,0.0
0.0;-1.0223494147433654,1.3898790668100307,-2.0311709199751697,-2.470776925858885,-5.733611012896068,-1.5962901308877149;-0.3657599985599518,0.009236358106136322,0.0;1.0,0.0,0.0,0.0
0.0;-1.0315356396194792,1.3934195906674658,-2.0283112831368544,-2.476475216915786,-5.7426534812548065,-1.5970713195228101;-0.3657599985599518,0.005541808903217316,0.0;1.0,0.0,0.0,0.0
0.0;-1.0411045669643288,1.396873617173689,-2.025420535692981,-2.482178881717523,-5.752177757882542,-1.5977615176845454;-0.3657599985599518,0.0018472744850441813,0.0;1.0,0.0,0.0,0.0
0.0;-1.050838448737209,1.4003090701284087,-2.022516244034197,-2.4878540482889977,-5.761878780354029,-1.5984789900764829;-0.3657599985599518,-0.0018472744850441813,0.0;1.0,0.0,0.0,0.0
0.0;-1.0605731340531823,1.4037398358214463,-2.0195912356139956,-2.4934798638278575,-5.77160996189723,-1.599247633812232;-0.3657599985599518,-0.0055418238043785095,0.0;1.0,0.0,0.0,0.0
0.0;-1.0702516431390308,1.407200620375981,-2.0166051881935343,-2.4990769307948715,-5.781303637897118,-1.600103892323862;-0.3657599985599518,-0.009236373007297516,0.0;1.0,0.0,0.0,0.0
0.0;-1.0798097210402724,1.4106383032025747,-2.0135716475253482,-2.504664415756254,-5.790895378327049,-1.6010390489834774;-0.3657599985599518,-0.012930921278893948,0.0;1.0,0.0,0.0,0.0
0.0;-1.089229456402677,1.414062864891303,-2.0104703858602777,-2.510267311758276,-5.800339247642789,-1.6020062410724345;-0.3657599985599518,-0.01662547141313553,0.0;1.0,0.0,0.0,0.0
0.0;-1.0984802107100893,1.4174913018797426,-2.007296256294927,-2.5159123552201437,-5.80961623447001,-1.6029982750866674;-0.3657599985599518,-0.020320020616054535,0.0;1.0,0.0,0.0,0.0
0.0;-1.1075376466226936,1.4209335728841836,-2.0040474442958494,-2.521612396336508,-5.81870753478449,-1.6040215783820775;-0.3657599985599518,-0.024014538154006004,0.0;1.0,0.0,0.0,0.0
0.0;-1.1163878989697569,1.424390578731214,-2.000720234989203,-2.5273708380028475,-5.827595693024573,-1.6050788424277604;-0.3657599985599518,-0.02770908735692501,0.0;1.0,0.0,0.0,0.0
0.0;-1.125023029448181,1.4278592358801516,-1.9973109341533746,-2.533189224424708,-5.836270071913864,-1.6061687188807194;-0.3657599985599518,-0.031403638422489166,0.0;1.0,0.0,0.0,0.0
0.0;-1.133446757461801,1.430886573094504,-1.994205802343926,-2.5391865518991623,-5.844552597963652,-1.607178303123838;-0.3657599985599518,-0.03509818762540817,0.0;1.0,0.0,0.0,0.0
0.0;-1.141755302745652,1.4337834852199713,-1.9911067484396532,-2.5449024326330347,-5.852588994640201,-1.6072922756274775;-0.3657599985599518,-0.03879275172948837,0.0;1.0,0.0,0.0,0.0
0.0;-1.1497241699885985,1.4369640672021322,-1.987848292311696,-2.550881835782438,-5.860534088363344,-1.6075651008738967;-0.3657599985599518,-0.04248729720711708,0.0;1.0,0.0,0.0,0.0
0.0;-1.157654808726414,1.4399511887716745,-1.9848504627046955,-2.557586845354123,-5.868022202568873,-1.6080771897080384;-0.3657599985599518,-0.0461818166077137,0.0;1.0,0.0,0.0,0.0
0.0;-1.1652611225237175,1.4426936323380626,-1.982013025321919,-2.5641473083394843,-5.8752296899508245,-1.6071020875175057;-0.3657599985599518,-0.049876365810632706,0.0;1.0,0.0,0.0,0.0
0.0;-1.1724934005228558,1.4458024966188197,-1.9788718972956205,-2.5710025383869777,-5.882377030424512,-1.6061973825718292;-0.3657599985599518,-0.05357091501355171,0.0;1.0,0.0,0.0,0.0
0.0;-1.1793919592626736,1.4493003773539839,-1.975316946784935,-2.5781186100554447,-5.8893181820864875,-1.6060380025072376;-0.3657599985599518,-0.05726546421647072,0.0;1.0,0.0,0.0,0.0
0.0;-1.1860266648800784,1.4529093777676956,-1.9714503354840205,-2.585243067089539,-5.895998774894143,-1.6063912299303946;-0.3657599985599518,-0.060960013419389725,0.0;1.0,0.0,0.0,0.0
0.0;-1.1924705406880105,1.4564666552132792,-1.96739485330409,-2.5922892837721414,-5.902482773301823,-1.606959104001859;-0.3657599985599518,-0.06465454399585724,0.0;1.0,0.0,0.0,0.0
0.0;-1.1987659899331544,1.4599710311634715,-1.9632182350191736,-2.599293377602945,-5.908824558613747,-1.6076291826045397;-0.3657599985599518,-0.06834909319877625,0.0;1.0,0.0,0.0,0.0
0.0;-1.204919648925491,1.4634569848352803,-1.958944340646938,-2.6062928193290893,-5.915033110712483,-1.6083852119992725;-0.3657599985599518,-0.07204362750053406,0.0;1.0,0.0,0.0,0.0
0.0;-1.2109248050489856,1.466931221894461,-1.9545777913555855,-2.6132967344691993,-5.921098058007823,-1.6092219680108737;-0.3657599985599518,-0.07573819160461426,0.0;1.0,0.0,0.0,0.0
0.0;-1.2167777028478133,1.4703838153787252,-1.9501182006831952,-2.6203044769946136,-5.927012268711921,-1.6101278893268478;-0.3657599985599518,-0.07943272590637207,0.0;1.0,0.0,0.0,0.0
0.0;-1.222470845307475,1.473801692333258,-1.9455719261951017,-2.6273135302004738,-5.9327740561156865,-1.6110919293750092;-0.3657599985599518,-0.08312729746103287,0.0;1.0,0.0,0.0,0.0
0.0;-1.2278767341004424,1.4771161043658652,-1.9409715573492452,-2.6342676012630992,-5.93826869294372,-1.6120628473812755;-0.3657599985599518,-0.08682183176279068,0.0;1.0,0.0,0.0,0.0
0.0;-1.2331092288680994,1.480414173735272,-1.936263024746787,-2.6412711774284476,-5.943547895631258,-1.6130657046106536;-0.3657599985599518,-0.09051636606454849,0.0;1.0,0.0,0.0,0.0
0.0;-1.2382413727495423,1.4837392587624767,-1.9314398213486372,-2.6483481857913524,-5.948710370114508,-1.6141296382169987;-0.3657599985599518,-0.09421093016862869,0.0;1.0,0.0,0.0,0.0
0.0;-1.2432835599483725,1.4870536890786232,-1.9265105085253766,-2.6554870620454376,-5.953788416459165,-1.6152452908976997;-0.3657599985599518,-0.09790545701980591,0.0;1.0,0.0,0.0,0.0
0.0;-1.2481855806637236,1.490306735994854,-1.9215110292662596,-2.662629543598181,-5.958768709417327,-1.616386296245469;-0.3657599985599518,-0.10160002112388611,0.0;1.0,0.0,0.0,0.0
0.0;-1.2528803648035958,1.4935119720152201,-1.9165960286344315,-2.669573314241609,-5.963641298265212,-1.6175132372057826;-0.3657599985599518,-0.10529455542564392,0.0;1.0,0.0,0.0,0.0
0.0;-1.2575438567242392,1.496696185217335,-1.9116400529765103,-2.676508217727901,-5.968388661835857,-1.618707271713655;-0.3657599985599518,-0.10898908972740173,0.0;1.0,0.0,0.0,0.0
0.0;-1.2621393218573722,1.4998622338337917,-1.9064994412013514,-2.6835367729034085,-5.973027883123903,-1.619977058428737;-0.3657599985599518,-0.11268365383148193,0.0;1.0,0.0,0.0,0.0
0.0;-1.2666111223852379,1.5029787994517207,-1.9011869298305273,-2.6906414155448752,-5.977564636802422,-1.6212979466273214;-0.3657599985599518,-0.11637818813323975,0.0;1.0,0.0,0.0,0.0
0.0;-1.2709560293786146,1.5060368885830078,-1.8957545657512662,-2.6977811344679106,-5.981984630530629,-1.6226472029968135;-0.3657599985599518,-0.12007275223731995,0.0;1.0,0.0,0.0,0.0
0.0;-1.2751827339888806,1.5090424681592742,-1.890231546702782,-2.704937170326447,-5.986283456581374,-1.6240172907588288;-0.3657599985599518,-0.12376728653907776,0.0;1.0,0.0,0.0,0.0
0.0;-1.2792959707453053,1.5119998711256581,-1.8846236639880651,-2.7121077196660837,-5.990466612068418,-1.6254088852509225;-0.3657599985599518,-0.12746185064315796,0.0;1.0,0.0,0.0,0.0
0.0;-1.2832994437361487,1.5149082428033214,-1.8789286059315402,-2.719294107827964,-5.994540179390913,-1.62682296106736;-0.3657599985599518,-0.13115635514259338,0.0;1.0,0.0,0.0,0.0
0.0;-1.2871972670784126,1.517764914731236,-1.8731447067988332,-2.726495871859984,-5.998508392299396,-1.6282590388526301;-0.3657599985599518,-0.13485091924667358,0.0;1.0,0.0,0.0,0.0
0.0;-1.2909912006058648,1.5205660049013963,-1.8672745837486193,-2.733709733632736,-6.0023745523752705,-1.629716079486615;-0.3657599985599518,-0.1385454535484314,0.0;1.0,0.0,0.0,0.0
0.0;-1.2946681548038723,1.5232942411372996,-1.8613505358182871,-2.740904196677595,-6.006124078600357,-1.6311907548668787;-0.3657599985599518,-0.1422400176525116,0.0;1.0,0.0,0.0,0.0
0.0;-1.2982495226307722,1.525849242185551,-1.8553174077419368,-2.7480763413613656,-6.009762028507235,-1.6326193285857358;-0.3657599985599518,-0.1459345519542694,0.0;1.0,0.0,0.0,0.0
0.0;-1.301750462022383,1.5284031849762243,-1.8491812313462368,-2.755290814745664,-6.013315398893503,-1.634074020436896;-0.3657599985599518,-0.1496291309595108,0.0;1.0,0.0,0.0,0.0
0.0;-1.3051626804522647,1.5309695627684436,-1.8429714032787299,-2.762549561744873,-6.016791940145845,-1.6355813420542828;-0.3657599985599518,-0.15332365036010742,0.0;1.0,0.0,0.0,0.0
0.0;-1.3084894837391339,1.5334962741861167,-1.8366832309738044,-2.769823662601167,-6.020187632025047,-1.637121342358829;-0.3657599985599518,-0.15701818466186523,0.0;1.0,0.0,0.0,0.0
0.0;-1.3117370691242873,1.5359546020617714,-1.830305435132396,-2.777099986410803,-6.023502677391514,-1.638679234848406;-0.3657599985599518,-0.16071274876594543,0.0;1.0,0.0,0.0,0.0
0.0;-1.3149078801110714,1.5383441120977432,-1.8238371374236853,-2.7843790707752283,-6.026740274295211,-1.6402541845922416;-0.3657599985599518,-0.16440728306770325,0.0;1.0,0.0,0.0,0.0
0.0;-1.3180031418623517,1.5406704105339315,-1.8172822912695954,-2.791662072466171,-6.0299026925936134,-1.6418485183717648;-0.3657599985599518,-0.16810184717178345,0.0;1.0,0.0,0.0,0.0
0.0;-1.321024823379391,1.542934485868537,-1.8106431724994687,-2.7989477272285495,-6.032991577397863,-1.6434626480197947;-0.3657599985599518,-0.17179638147354126,0.0;1.0,0.0,0.0,0.0
0.0;-1.3239754830920534,1.5451344397724927,-1.8039197280554042,-2.806234459946318,-6.036009038127884,-1.645095970489868;-0.3657599985599518,-0.17549091577529907,0.0;1.0,0.0,0.0,0.0
0.0;-1.3268576533483578,1.547268621354324,-1.7971114021974455,-2.813521355160406,-6.038957572714378,-1.6467481195229208;-0.3657599985599518,-0.17918545007705688,0.0;1.0,0.0,0.0,0.0
0.0;-1.3296736767867907,1.549336229314925,-1.790218066735635,-2.8208077929732394,-6.041839608610609,-1.6484190598014306;-0.3657599985599518,-0.1828799992799759,0.0;1.0,0.0,0.0,0.0
0.0;-1.3257434566148114,1.5506401536202041,-1.7827385690823387,-2.828271687762327,-6.042145371403082,-1.64923921689059;-0.3621385991573334,-0.1828799992799759,0.0;1.0,0.0,0.0,0.0
0.0;-1.3169390673250416,1.5498119160989237,-1.7777569522873593,-2.8348052440779172,-6.034962309506369,-1.6490855803874245;-0.35851722955703735,-0.1828799992799759,0.0;1.0,0.0,0.0,0.0
0.0;-1.306731271421368,1.5509587361314232,-1.7733960215585007,-2.8395176765075387,-6.022974668324599,-1.6469579437534352;-0.35489583015441895,-0.1828799992799759,0.0;1.0,0.0,0.0,0.0
0.0;-1.2954324905120502,1.5515676462541435,-1.7708502264820207,-2.84604475003984,-6.0117714685698,-1.6459295896498298;-0.3512744605541229,-0.1828799992799759,0.0;1.0,0.0,0.0,0.0
0.0;-1.2850440288045695,1.5537286889871742,-1.7663678248363728,-2.8528720469243063,-6.001424201783114,-1.6438160395702228;-0.3476530611515045,-0.1828799992799759,0.0;1.0,0.0,0.0,0.0
0.0;-1.2762482447347034,1.5540371945736275,-1.7626431529718956,-2.86011989840073,-5.992337624058452,-1.642036767209733;-0.3440316617488861,-0.1828799992799759,0.0;1.0,0.0,0.0,0.0
0.0;-1.266145430678795,1.5548636146912593,-1.7581443956134948,-2.867320380179092,-5.983048092756606,-1.6393675867987874;-0.3404102921485901,-0.1828799992799759,0.0;1.0,0.0,0.0,0.0
0.0;-1.2567946951293176,1.5555532806793526,-1.754102446776202,-2.874772475542496,-5.973212911026519,-1.636456862777336;-0.3367888927459717,-0.1828799992799759,0.0;1.0,0.0,0.0,0.0
0.0;-1.247024184851408,1.5563416914610722,-1.7504083472019278,-2.8827105011219167,-5.963496889050915,-1.6339623244118235;-0.33316752314567566,-0.1828799992799759,0.0;1.0,0.0,0.0,0.0
0.0;-1.2360397580150388,1.5581391519212278,-1.7455649301393623,-2.8909911215489923,-5.953069167536017,-1.6310047778442232;-0.32954612374305725,-0.1828799992799759,0.0;1.0,0.0,0.0,0.0
0.0;-1.22638949002284,1.5586473396841383,-1.7413925878711334,-2.8995006029309973,-5.942604042661694,-1.628414320009065;-0.32592475414276123,-0.1828799992799759,0.0;1.0,0.0,0.0,0.0
0.0;-1.2162481671801588,1.559737402531932,-1.7363514431098837,-2.9078006869199142,-5.932630072869821,-1.6252714882551886;-0.3223033547401428,-0.1828799992799759,0.0;1.0,0.0,0.0,0.0
0.0;-1.207160398456103,1.5604739450469456,-1.7314164589479646,-2.9162289435571105,-5.923280440820643,-1.6225179294918926;-0.3186819553375244,-0.1828799992799759,0.0;1.0,0.0,0.0,0.0
0.0;-1.197390806599565,1.56055020463246,-1.7267757184819668,-2.9247302765432805,-5.913998535395215,-1.6189538476215546;-0.3150605857372284,-0.1828799992799759,0.0;1.0,0.0,0.0,0.0
0.0;-1.1882935387553082,1.5618754093141736,-1.7221917421783008,-2.933024950716314,-5.904540767418216,-1.6163672311870392;-0.31143918633461,-0.1828799992799759,0.0;1.0,0.0,0.0,0.0
0.0;-1.1786267217648219,1.5632664992372285,-1.7174603387197485,-2.9412349422498036,-5.895121507672995,-1.6142635919682395;-0.30781781673431396,-0.1828799992799759,0.0;1.0,0.0,0.0,0.0
0.0;-1.1695995871052143,1.563478725768107,-1.7126630611193356,-2.948944743954385,-5.8858226071061965,-1.6112596776763188;-0.30419641733169556,-0.1828799992799759,0.0;1.0,0.0,0.0,0.0
0.0;-1.1604665136749657,1.5643612194666043,-1.7076672081184041,-2.956972539687801,-5.876728739765918,-1.6090826602630965;-0.30057501792907715,-0.1828799992799759,0.0;1.0,0.0,0.0,0.0
0.0;-1.151196484522822,1.5656663379461366,-1.7024846751255365,-2.965116311449844,-5.867623964455798,-1.6075586487398412;-0.29695364832878113,-0.1828799992799759,0.0;1.0,0.0,0.0,0.0
0.0;-1.1422231923964437,1.566571681106954,-1.6972727131915533,-2.972845713599486,-5.858549634578094,-1.6060425715133302;-0.2933322489261627,-0.1828799992799759,0.0;1.0,0.0,0.0,0.0
0.0;-1.133107416191076,1.5673096302858203,-1.6918712739472774,-2.980450797521902,-5.849514201324823,-1.60452910463829;-0.2897108793258667,-0.1828799992799759,0.0;1.0,0.0,0.0,0.0
0.0;-1.1243506684925282,1.568061181684453,-1.6864235889036916,-2.9880046040362584,-5.840607787482416,-1.6031717887694745;-0.2860894799232483,-0.1828799992799759,0.0;1.0,0.0,0.0,0.0
0.0;-1.1154478829770198,1.5688961737077396,-1.6807925301253508,-2.995651643953238,-5.831809396062498,-1.6019069994573645;-0.28246811032295227,-0.1828799992799759,0.0;1.0,0.0,0.0,0.0
0.0;-1.1069375447279364,1.5695807434151077,-1.6751964192159683,-3.003176171634851,-5.82315479182887,-1.6007121303361604;-0.27884671092033386,-0.1828799992799759,0.0;1.0,0.0,0.0,0.0
0.0;-1.0982013995280182,1.5703031359726127,-1.6693783360867334,-3.010748622862462,-5.81455561334714,-1.5995492242495863;-0.27522534132003784,-0.1828799992799759,0.0;1.0,0.0,0.0,0.0
0.0;-1.0899593456933028,1.5708950291976589,-1.6636393492262485,-3.0181888291536136,-5.806102043689481,-1.598504456587154;-0.27160394191741943,-0.1828799992799759,0.0;1.0,0.0,0.0,0.0
0.0;-1.0814107414444436,1.5717055057628129,-1.6575032751243093,-3.025817712557823,-5.797755739935009,-1.597509908929028;-0.267982542514801,-0.1828799992799759,0.0;1.0,0.0,0.0,0.0
0.0;-1.0744773863555455,1.5721245099682577,-1.6519332279694448,-3.032959175730248,-5.790185455776798,-1.5967211063471127;-0.264361172914505,-0.1828799992799759,0.0;1.0,0.0,0.0,0.0
0.0;-1.065255130090849,1.573058968975807,-1.6452831708401412,-3.040742694162086,-5.7823790465736575,-1.5958220492791164;-0.2607397735118866,-0.1828799992799759,0.0;1.0,0.0,0.0,0.0
0.0;-1.058264254827908,1.572546536212357,-1.6394082316499847,-3.047872060785485,-5.774209231867944,-1.594242708410689;-0.2571184039115906,-0.1828799992799759,0.0;1.0,0.0,0.0,0.0
0.0;-1.0500049124258013,1.5735490625947832,-1.633142949860251,-3.055574554728898,-5.766321562957204,-1.593688692421098;-0.25349700450897217,-0.1828799992799759,0.0;1.0,0.0,0.0,0.0
0.0;-1.0420655861683774,1.5744104271044093,-1.6269355495800328,-3.063212742705978,-5.758391448953424,-1.5935083030297108;-0.24987563490867615,-0.1828799992799759,0.0;1.0,0.0,0.0,0.0
0.0;-1.0343617016391762,1.574677734795339,-1.6206005612305365,-3.070390056769245,-5.750560297535152,-1.5929685481701932;-0.24625423550605774,-0.1828799992799759,0.0;1.0,0.0,0.0,0.0
0.0;-1.0263798923724774,1.574900897410522,-1.6138725551141002,-3.077692167968045,-5.742723253418598,-1.592271746861329;-0.24263285100460052,-0.1828799992799759,0.0;1.0,0.0,0.0,0.0
0.0;-1.0192208812075518,1.5749811030781709,-1.6074399502733085,-3.084968436313864,-5.735153440018355,-1.5917467283809537;-0.2390114665031433,-0.1828799992799759,0.0;1.0,0.0,0.0,0.0
0.0;-1.0112205487260033,1.5753441248095015,-1.6004095265825364,-3.092560786486757,-5.727675761280202,-1.5912110945059745;-0.2353900820016861,-0.1828799992799759,0.0;1.0,0.0,0.0,0.0
0.0;-1.0046023984018724,1.5752772003086166,-1.5940278405063966,-3.0997067117206063,-5.720416189808145,-1.5907577569950435;-0.23176869750022888,-0.1828799992799759,0.0;1.0,0.0,0.0,0.0
0.0;-0.9962179766923539,1.5758083742298252,-1.5866007854485813,-3.1074376567250455,-5.71296216950372,-1.5902227413311627;-0.22814731299877167,-0.1828799992799759,0.0;1.0,0.0,0.0,0.0
0.0;-0.9900083147923513,1.5747273442135774,-1.5801723469893705,-3.114457285216759,-5.705766058749558,-1.5890550138671058;-0.22452592849731445,-0.1828799992799759,0.0;1.0,0.0,0.0,0.0
0.0;-0.9817359656558083,1.5760226157805965,-1.5723129043582247,-3.122604218354205,-5.698381808016582,-1.5887962522459422;-0.22090454399585724,-0.1828799992799759,0.0;1.0,0.0,0.0,0.0
0.0;-0.9755164411522577,1.5755411391859997,-1.566193373138268,-3.1303598890048008,-5.691168245040337,-1.58909630608912;-0.21728314459323883,-0.1828799992799759,0.0;1.0,0.0,0.0,0.0
0.0;-0.9702846735271417,1.575375717667845,-1.5604982753462804,-3.1360154815706287,-5.685475211995165,-1.5886210830885688;-0.2136617749929428,-0.1828799992799759,0.0;1.0,0.0,0.0,0.0
0.0;-0.9644679614383583,1.5755297012157339,-1.554555710821681,-3.141878538173028,-5.680045740849332,-1.5883896680634746;-0.2100403904914856,-0.1828799992799759,0.0;1.0,0.0,0.0,0.0
0.0;-0.9581120977701562,1.5757835135774658,-1.5480408693454617,-3.1486086082532623,-5.673931423158076,-1.5884581132251447;-0.20641900599002838,-0.1828799992799759,0.0;1.0,0.0,0.0,0.0
0.0;-0.9465059894006477,1.577241703669032,-1.5373804827506727,-3.158347441478926,-5.6654228032058755,-1.5881306787253666;-0.20279762148857117,-0.1828799992799759,0.0;1.0,0.0,0.0,0.0
0.0;-0.9397159914451917,1.5750335149502483,-1.5291149515277465,-3.168959498410679,-5.655031265470241,-1.5882380895197974;-0.19917623698711395,-0.1828799992799759,0.0;1.0,0.0,0.0,0.0
0.0;-0.9344489765069702,1.5746017344870267,-1.52225373333966,-3.175237684468835,-5.648969900740623,-1.5870164113165126;-0.19555485248565674,-0.1828799992799759,0.0;1.0,0.0,0.0,0.0
0.0;-0.9291481703879165,1.57484709315268,-1.516284362162332,-3.1810264663602585,-5.6444775291863625,-1.5866097092274278;-0.19193346798419952,-0.1828799992799759,0.0;1.0,0.0,0.0,0.0
0.0;-0.9234581534586929,1.5751150824621913,-1.509906547721522,-3.1876454872564257,-5.6391794083218425,-1.5867737472533394;-0.1883120834827423,-0.1828799992799759,0.0;1.0,0.0,0.0,0.0
0.0;-0.9172427962948934,1.575012959552957,-1.502721121374496,-3.1948510389897673,-5.63294883421684,-1.5867770079600392;-0.1846906989812851,-0.1828799992799759,0.0;1.0,0.0,0.0,0.0
0.0;-0.9108035412414036,1.5745798783031448,-1.4950124887907623,-3.202344209318943,-5.626404950291722,-1.5865236317123173;-0.1810692995786667,-0.1828799992799759,0.0;1.0,0.0,0.0,0.0
0.0;-0.9044465726315372,1.5740495902915481,-1.487104635995503,-3.2099883494554557,-5.619965236346162,-1.5862104299612432;-0.17744791507720947,-0.1828799992799759,0.0;1.0,0.0,0.0,0.0
0.0;-0.8982332593023895,1.5735149306658407,-1.4791372331963655,-3.217695559974642,-5.613710978342012,-1.585928823807625;-0.17382653057575226,-0.1828799992799759,0.0;1.0,0.0,0.0,0.0
0.0;-0.892110333277828,1.5729435388826298,-1.4711150395801402,-3.225416735742627,-5.607566234088102,-1.585658772671163;-0.17020514607429504,-0.1828799992799759,0.0;1.0,0.0,0.0,0.0
0.0;-0.8860428382687626,1.5723071257911079,-1.463010075755654,-3.2331514927647262,-5.601469574859325,-1.5853820281947688;-0.16658376157283783,-0.1828799992799759,0.0;1.0,0.0,0.0,0.0
0.0;-0.8800627386325065,1.571601881918501,-1.4548396362181435,-3.2408976317841156,-5.595427249250793,-1.5851099863103573;-0.16296236217021942,-0.1828799992799759,0.0;1.0,0.0,0.0,0.0
0.0;-0.8741703067259716,1.5707893497966505,-1.4467406058696888,-3.248539829632175,-5.589425178984271,-1.5847879578816388;-0.1593409776687622,-0.1828799992799759,0.0;1.0,0.0,0.0,0.0
0.0;-0.8683089151629272,1.5699934925816112,-1.4386012562671486,-3.2561633388109583,-5.583451774138383,-1.584455707259538;-0.155719593167305,-0.1828799992799759,0.0;1.0,0.0,0.0,0.0
0.0;-0.8625019145986534,1.5692125386959275,-1.4303177052321818,-3.263903199196989,-5.577574049724719,-1.5842040614284252;-0.15209820866584778,-0.1828799992799759,0.0;1.0,0.0,0.0,0.0
0.0;-0.8567599830011408,1.568359697861203,-1.4218642669932064,-3.2717376235821,-5.571788757610054,-1.5839822682902873;-0.14847682416439056,-0.1828799992799759,0.0;1.0,0.0,0.0,0.0
0.0;-0.8510755392168181,1.567403737762469,-1.4132619846510006,-3.27961770982375,-5.5660671717425325,-1.5837450420820447;-0.14485543966293335,-0.1828799992799759,0.0;1.0,0.0,0.0,0.0
0.0;-0.8454498820835227,1.5663709096482166,-1.4045458454952915,-3.2875290073916537,-5.560400251655353,-1.5835036791947725;-0.14123405516147614,-0.1828799992799759,0.0;1.0,0.0,0.0,0.0
0.0;-0.8398874090468703,1.565283937875222,-1.3957382270176797,-3.2954698189515086,-5.554794407963247,-1.583275044879964;-0.13761267066001892,-0.1828799992799759,0.0;1.0,0.0,0.0,0.0
0.0;-0.834388156186327,1.5641425072454684,-1.3868433056373175,-3.3034370486771363,-5.549253095918907,-1.5830572898429247;-0.1339912712574005,-0.1828799992799759,0.0;1.0,0.0,0.0,0.0
0.0;-0.8289501112003592,1.5629402686393554,-1.377857262287135,-3.3114297490469307,-5.543773811789912,-1.5828439544136956;-0.1303698867559433,-0.1828799992799759,0.0;1.0,0.0,0.0,0.0
0.0;-0.8235719957698359,1.561675966892845,-1.3687773585516774,-3.319449907115066,-5.538353853817671,-1.5826341903573917;-0.12674850225448608,-0.1828799992799759,0.0;1.0,0.0,0.0,0.0
0.0;-0.8182532250893603,1.5603507516321964,-1.3596032602908181,-3.327499062700338,-5.532992520022,-1.5824295361727063;-0.12312713265419006,-0.1828799992799759,0.0;1.0,0.0,0.0,0.0
0.0;-0.8129931754672202,1.5589645557144405,-1.3503349256901853,-3.3355773509910778,-5.527689620374309,-1.5822301211281642;-0.11950574815273285,-0.1828799992799759,0.0;1.0,0.0,0.0,0.0
0.0;-0.8077911127145899,1.5575164023482315,-1.3409716362563129,-3.343684788101222,-5.522444502496702,-1.5820351794600647;-0.11588436365127563,-0.1828799992799759,0.0;1.0,0.0,0.0,0.0
0.0;-0.8026462972442623,1.5560055444881102,-1.3315122934071044,-3.3518219691817253,-5.517256301601126,-1.5818443307648002;-0.11226297914981842,-0.1828799992799759,0.0;1.0,0.0,0.0,0.0
0.0;-0.7975579892094603,1.554431473716301,-1.3219557396671906,-3.3599897456550463,-5.512124240195532,-1.581657541838658;-0.10864157974720001,-0.1828799992799759,0.0;1.0,0.0,0.0,0.0
0.0;-0.7925254768487214,1.5527935479834012,-1.3123008084781977,-3.3681888512772367,-5.507047630195366,-1.5814746805918212;-0.10502021014690399,-0.1828799992799759,0.0;1.0,0.0,0.0,0.0
0.0;-0.7875480006485729,1.5510910389251351,-1.3025462141700332,-3.3764200214665503,-5.5020257446948415,-1.5812955290203532;-0.10139880329370499,-0.1828799992799759,0.0;1.0,0.0,0.0,0.0
0.0;-0.7826248771292713,1.549323178416969,-1.2926906448017832,-3.3846839998073177,-5.497057873717498,-1.5811198784838458;-0.09777743369340897,-0.1828799992799759,0.0;1.0,0.0,0.0,0.0
0.0;-0.7777553845321004,1.5474892519197736,-1.2827327064263006,-3.392981625594298,-5.492143306900062,-1.5809475903349846;-0.09415603429079056,-0.1828799992799759,0.0;1.0,0.0,0.0,0.0
0.0;-0.7729388504646737,1.5455884901858303,-1.2726709782147663,-3.401313733062829,-5.487281361876106,-1.5807785127692981;-0.09053466469049454,-0.1828799992799759,0.0;1.0,0.0,0.0,0.0
0.0;-0.7681745647570828,1.5436201166810744,-1.26250394123268,-3.4096812207632334,-5.482471341427265,-1.5806124984103913;-0.08691326528787613,-0.1828799992799759,0.0;1.0,0.0,0.0,0.0
0.0;-0.7634618766453446,1.5415832965080416,-1.252230044551857,-3.418084983340965,-5.477712576477357,-1.5804493853127888;-0.0832919031381607,-0.1828799992799759,0.0;1.0,0.0,0.0,0.0
0.0;-0.7588000898085466,1.5394772136779151,-1.2418476334360817,-3.4265260060439147,-5.473004382609743,-1.5802890438251171;-0.0796705037355423,-0.1828799992799759,0.0;1.0,0.0,0.0,0.0
0.0;-0.7541885677153435,1.5373009877562753,-1.231355018136119,-3.435005272753414,-5.468346103157356,-1.5801313274905169;-0.07604913413524628,-0.1828799992799759,0.0;1.0,0.0,0.0,0.0
0.0;-0.749626620338326,1.5350537483418947,-1.220750389919082,-3.443523865444521,-5.463737058870454,-1.579976112401799;-0.07242770493030548,-0.1828799992799759,0.0;1.0,0.0,0.0,0.0
0.0;-0.7451136572821723,1.5327345338905105,-1.2100319299624902,-3.4520828241340187,-5.459176626464068,-1.579823241797611;-0.06880633533000946,-0.1828799992799759,0.0;1.0,0.0,0.0,0.0
0.0;-0.7406490278933232,1.5303424155130494,-1.1991977064362873,-3.4606832884889784,-5.454664170092169,-1.5796725981435176;-0.06518493592739105,-0.1828799992799759,0.0;1.0,0.0,0.0,0.0
0.0;-0.7362321263645334,1.5278764047738407,-1.1882457331769,-3.469326424375285,-5.45019906293713,-1.5795240543862126;-0.06156356260180473,-0.1828799992799759,0.0;1.0,0.0,0.0,0.0
0.0;-0.7318623192242104,1.5253354950786424,-1.1771739124439673,-3.478013476601886,-5.445780666895067,-1.5793774873631035;-0.057942163199186325,-0.1828799992799759,0.0;1.0,0.0,0.0,0.0
0.0;-0.7275390265939943,1.5227186107128283,-1.165980087552822,-3.4867457009334797,-5.441408375752473,-1.5792327558467236;-0.0543207973241806,-0.1828799992799759,0.0;1.0,0.0,0.0,0.0
0.0;-0.7232616313567984,1.5200246774632846,-1.1546619813164416,-3.4955244537661168,-5.437081570783023,-1.579089744055175;-0.050699397921562195,-0.1828799992799759,0.0;1.0,0.0,0.0,0.0
0.0;-0.719029572286832,1.517252545643553,-1.1432172548796549,-3.504351105802678,-5.432799660486333,-1.5789483171232093;-0.047078028321266174,-0.1828799992799759,0.0;1.0,0.0,0.0,0.0
0.0;-0.7148422557284468,1.5144010546839384,-1.131643446944252,-3.513227120964883,-5.4285620437522555,-1.5788083544991105;-0.043456628918647766,-0.1828799992799759,0.0;1.0,0.0,0.0,0.0
0.0;-0.7106991401732828,1.5114689699505721,-1.1199380258771905,-3.5221539850206582,-5.424368146457483,-1.5786697186982808;-0.039835259318351746,-0.1828799992799759,0.0;1.0,0.0,0.0,0.0
0.0;-0.706599652013459,1.5084550453048986,-1.1080983318401767,-3.5311332859145157,-5.4202173830751255,-1.5785322891291798;-0.03621385991573334,-0.1828799992799759,0.0;1.0,0.0,0.0,0.0
0.0;-0.702543250966662,1.5053579644232615,-1.0961216095521489,-3.540166662044375,-5.416109179230803,-1.5783959308531905;-0.03259246051311493,-0.1828799992799759,0.0;1.0,0.0,0.0,0.0
0.0;-0.69852942786338,1.5021763504771115,-1.0840050134538397,-3.549255783679551,-5.412042994969927,-1.5782604971635694;-0.02897109091281891,-0.1828799992799759,0.0;1.0,0.0,0.0,0.0
0.0;-0.6945576399858476,1.4989088259826204,-1.071745569583372,-3.558402435757909,-5.408018272831134,-1.5781258668066425;-0.0253496915102005,-0.1828799992799759,0.0;1.0,0.0,0.0,0.0
0.0;-0.690627393176325,1.495553909810059,-1.059340202049807,-3.5676084550201477,-5.404034468354107,-1.5779918935171002;-0.02172832190990448,-0.1828799992799759,0.0;1.0,0.0,0.0,0.0
0.0;-0.6867381628778433,1.492110099926009,-1.0467856843516665,-3.576875784746189,-5.400091030065429,-1.5778584344243474;-0.018106922507286072,-0.1828799992799759,0.0;1.0,0.0,0.0,0.0
0.0;-0.6828894621898884,1.4885758159707656,-1.034078680702544,-3.58620642875793,-5.396187424192613,-1.5777253328368586;-0.014485523104667664,-0.1828799992799759,0.0;1.0,0.0,0.0,0.0
0.0;-0.6790808368330092,1.4849494109721295,-1.0212157512380433,-3.595602435851767,-5.392323153127941,-1.57759242267542;-0.010864153504371643,-0.1828799992799759,0.0;1.0,0.0,0.0,0.0
0.0;-0.6753117980086372,1.481229225084735,-1.0081933095300264,-3.605065992757849,-5.3884976946778735,-1.5774595604611887;-0.007242754101753235,-0.1828799992799759,0.0;1.0,0.0,0.0,0.0
0.0;-0.6715816367163433,1.4774135373193966,-0.9950072591934276,-3.614599528771754,-5.384710515756848,-1.5773265397060594;-0.0036213845014572144,-0.1828799992799759,0.0;1.0,0.0,0.0,0.0
0.0;-0.6678926672490406,1.4735035551712405,-0.9816429938642542,-3.6242174389495467,-5.380970596178304,-1.577195702273462;0.0,-0.1828799992799759,0.0;1.0,0.0,0.0,0.0
0.0;-0.6616968172735189,1.467189981964173,-0.9680541447661412,-3.6292049546493566,-5.374482320451807,-1.5753424344258007;0.0,-0.17922239005565643,0.0;1.0,0.0,0.0,0.0
0.0;-0.6567037000581485,1.4623972973677979,-0.9635285527039095,-3.629936576013389,-5.370422654251001,-1.5758935753468581;0.0,-0.17556479573249817,0.0;1.0,0.0,0.0,0.0
0.0;-0.6525013037649894,1.4611989564383525,-0.9635733680033788,-3.6283424964796196,-5.367666741996121,-1.577009247883508;0.0,-0.1719071865081787,0.0;1.0,0.0,0.0,0.0
0.0;-0.6479229676311374,1.4608982293429056,-0.9653798761098925,-3.625680873690111,-5.363835461888655,-1.577456584662403;0.0,-0.16824959218502045,0.0;1.0,0.0,0.0,0.0
0.0;-0.6428999103022716,1.460825419524154,-0.96806980898904,-3.622552821957664,-5.358938034069938,-1.5774993791499465;0.0,-0.164591982960701,0.0;1.0,0.0,0.0,0.0
0.0;-0.6377416705932116,1.4611996765395385,-0.9715698727545825,-3.619140565684859,-5.35366950035097,-1.5775988021711473;0.0,-0.16093438863754272,0.0;1.0,0.0,0.0,0.0
0.0;-0.6325991045600815,1.4620364189433608,-0.9759204451482313,-3.6153956012503876,-5.348401489089919,-1.577770437004409;0.0,-0.15727677941322327,0.0;1.0,0.0,0.0,0.0
0.0;-0.6275017327651947,1.463225030453137,-0.9810380976007168,-3.611299892853204,-5.343201822283399,-1.5778742096697225;0.0,-0.153619185090065,0.0;1.0,0.0,0.0,0.0
0.0;-0.6224346607957746,1.4646928723115968,-0.9867578522786168,-3.6069535470839753,-5.338053131121868,-1.5778911180133501;0.0,-0.14996159076690674,0.0;1.0,0.0,0.0,0.0
0.0;-0.6173819531566408,1.4663844240592632,-0.9929044031374197,-3.6024726410806953,-5.332941472238531,-1.5778682617427777;0.0,-0.14630398154258728,0.0;1.0,0.0,0.0,0.0
0.0;-0.6123374091449226,1.468225447398005,-0.9993215918489646,-3.597921871328699,-5.327862120910985,-1.5778223591451745;0.0,-0.14264638721942902,0.0;1.0,0.0,0.0,0.0
0.0;-0.6072960108302375,1.4701457253651706,-1.0058843317382475,-3.5933367897943667,-5.322807924736993,-1.5777507773103625;0.0,-0.13898879289627075,0.0;1.0,0.0,0.0,0.0
0.0;-0.6022491693016848,1.4721007523748186,-1.012502240342204,-3.588750687599923,-5.317765586865532,-1.5776609082367814;0.0,-0.1353311836719513,0.0;1.0,0.0,0.0,0.0
0.0;-0.5971882181964552,1.4740642750857773,-1.0191137822406804,-3.5841920239865446,-5.312720988513669,-1.577563762540465;0.0,-0.13167358934879303,0.0;1.0,0.0,0.0,0.0
0.0;-0.5921075235862404,1.4760168105613913,-1.0256774309793284,-3.5796781930323935,-5.307664319866059,-1.57746323131423;0.0,-0.12801599502563477,0.0;1.0,0.0,0.0,0.0
0.0;-0.5870039446241266,1.4779440865885902,-1.0321655691559697,-3.5752188952272737,-5.302590103135682,-1.577359511665454;0.0,-0.12435838580131531,0.0;1.0,0.0,0.0,0.0
0.0;-0.5818753882662638,1.4798376981825734,-1.0385606171940334,-3.570820822063879,-5.297494914233722,-1.5772540043114744;0.0,-0.12070079147815704,0.0;1.0,0.0,0.0,0.0
0.0;-0.5767202359526494,1.4816930657213676,-1.044851789295469,-3.5664886913965232,-5.292376126106513,-1.577148568416987;0.0,-0.11704318970441818,0.0;1.0,0.0,0.0,0.0
0.0;-0.5715374114524079,1.4835073450765492,-1.051032561309504,-3.562225266821418,-5.287231832662757,-1.5770439661724505;0.0,-0.11338558793067932,0.0;1.0,0.0,0.0,0.0
0.0;-0.5663262606683637,1.4852788436688136,-1.0570991729048076,-3.558032035239882,-5.282060821385604,-1.576940288801667;0.0,-0.10972798615694046,0.0;1.0,0.0,0.0,0.0
0.0;-0.5610863811227774,1.4870069051902688,-1.06304975813356,-3.553909858785035,-5.2768623285038885,-1.5768376980592265;0.0,-0.10607039928436279,0.0;1.0,0.0,0.0,0.0
0.0;-0.5558174791387248,1.4886915426232266,-1.068883718722769,-3.5498591560905957,-5.271635816015552,-1.5767364129096213;0.0,-0.10241279751062393,0.0;1.0,0.0,0.0,0.0
0.0;-0.5505194079166782,1.4903331148696286,-1.0746012374658769,-3.545879997090105,-5.266380921201892,-1.5766365227418377;0.0,-0.09875519573688507,0.0;1.0,0.0,0.0,0.0
0.0;-0.5451921097647979,1.491932187648042,-1.0802029771660193,-3.5419722427348472,-5.2610974319549335,-1.5765380174509298;0.0,-0.09509759396314621,0.0;1.0,0.0,0.0,0.0
0.0;-0.539835588595242,1.4934894810347665,-1.0856898922970017,-3.5381356606186314,-5.25578523954619,-1.576440878727947;0.0,-0.09143999963998795,0.0;1.0,0.0,0.0,0.0
0.0;-0.5344498751237393,1.4950058024451558,-1.0910631061860165,-3.534369963864698,-5.250444293137145,-1.5763450907857623;0.0,-0.08778240531682968,0.0;1.0,0.0,0.0,0.0
0.0;-0.5290293101428616,1.4964903931580373,-1.0963308189950816,-3.5306652176025928,-5.245060789810037,-1.5762492003983484;0.0,-0.08412480354309082,0.0;1.0,0.0,0.0,0.0
0.0;-0.5235626951483924,1.49800619280333,-1.1014807756142655,-3.527106622136747,-5.239676856381729,-1.576188344063147;0.0,-0.08046720176935196,0.0;1.0,0.0,0.0,0.0
0.0;-0.517937604880113,1.4995981937685146,-1.1065926644481694,-3.5236688477033145,-5.2341280474325735,-1.5761331785247525;0.0,-0.0768095999956131,0.0;1.0,0.0,0.0,0.0
0.0;-0.5123980327531298,1.5010568246390603,-1.1115930618563192,-3.520269949818648,-5.228551952107848,-1.5759971311942371;0.0,-0.07315200567245483,0.0;1.0,0.0,0.0,0.0
0.0;-0.5068675833121801,1.502394858182655,-1.116449861359622,-3.5168671347242593,-5.223039865114852,-1.5758494021444447;0.0,-0.06949441134929657,0.0;1.0,0.0,0.0,0.0
0.0;-0.5013127247364443,1.5036862163344138,-1.1211789509421541,-3.513509570988091,-5.217539396650561,-1.57575177171348;0.0,-0.06583679467439651,0.0;1.0,0.0,0.0,0.0
0.0;-0.4957268595576831,1.5049488122983616,-1.1257987738610602,-3.51022670919936,-5.212004910677757,-1.5756795186973636;0.0,-0.06217920035123825,0.0;1.0,0.0,0.0,0.0
0.0;-0.49010996442558624,1.5061752503637797,-1.130313271215258,-3.5070168449074193,-5.206432844842991,-1.575598234887905;0.0,-0.05852160602807999,0.0;1.0,0.0,0.0,0.0
0.0;-0.48446434970174834,1.5073646639878095,-1.1347222318252543,-3.503876067981274,-5.200831314723171,-1.5755085035687948;0.0,-0.05486401170492172,0.0;1.0,0.0,0.0,0.0
0.0;-0.4787911726197342,1.5085206599256187,-1.1390267748756546,-3.5008041220844537,-5.195203315767357,-1.575421700762569;0.0,-0.051206402480602264,0.0;1.0,0.0,0.0,0.0
0.0;-0.47309052045712396,1.5096444473579234,-1.1432284335710057,-3.497800526447685,-5.189548229565715,-1.5753393849650925;0.0,-0.0475488044321537,0.0;1.0,0.0,0.0,0.0
0.0;-0.4673623648266341,1.5107356408705404,-1.1473294102768785,-3.4948645109300642,-5.183864309000376,-1.5752582358171834;0.0,-0.04389121010899544,0.0;1.0,0.0,0.0,0.0
0.0;-0.4615312544353331,1.511734896780456,-1.1516066860512943,-3.4919340429287944,-5.177827486860707,-1.5752101102968652;0.0,-0.04023360460996628,0.0;1.0,0.0,0.0,0.0
0.0;-0.45515399280176927,1.5122750306355541,-1.1559722421887952,-3.4876602094347726,-5.170745463212152,-1.5750366392271251;0.0,-0.036576010286808014,0.0;1.0,0.0,0.0,0.0
0.0;-0.448874768420397,1.5131969520499915,-1.160275056628646,-3.483823223948969,-5.163918909373104,-1.5751587423261948;0.0,-0.032918401062488556,0.0;1.0,0.0,0.0,0.0
0.0;-0.44285047988257575,1.5144258479709687,-1.1644656026814653,-3.480831925802705,-5.157723136615046,-1.5753221523210905;0.0,-0.029260804876685143,0.0;1.0,0.0,0.0,0.0
0.0;-0.4369599243930846,1.5155960227723362,-1.168448518734168,-3.4781700771806374,-5.151858097296411,-1.5752545983986548;0.0,-0.025603197515010834,0.0;1.0,0.0,0.0,0.0
0.0;-0.4310773194840127,1.5166063042765878,-1.1721968321105876,-3.475539588191523,-5.146032799873055,-1.575085103237658;0.0,-0.02194560319185257,0.0;1.0,0.0,0.0,0.0
0.0;-0.4251502396224262,1.5175328485416606,-1.175756009458767,-3.472954629919143,-5.140146423947673,-1.5749817970777045;0.0,-0.01828799396753311,0.0;1.0,0.0,0.0,0.0
0.0;-0.4191797801683228,1.518424422881372,-1.1791728524003422,-3.4704656675172236,-5.134204464514622,-1.5749330415908958;0.0,-0.014630399644374847,0.0;1.0,0.0,0.0,0.0
0.0;-0.41317910404861047,1.5192806624311523,-1.1824682756399485,-3.468071924977874,-5.128229835699526,-1.574874081998153;0.0,-0.01097279042005539,0.0;1.0,0.0,0.0,0.0
0.0;-0.4071534330156878,1.5200984333011651,-1.185649085947536,-3.4657586125585476,-5.122231231960089,-1.5747956537718277;0.0,-0.007315196096897125,0.0;1.0,0.0,0.0,0.0
0.0;-0.40110191015631946,1.5208824131241765,-1.1887199882780621,-3.463518921794133,-5.116206889227771,-1.574717676071971;0.0,-0.003657601773738861,0.0;1.0,0.0,0.0,0.0
0.0;-0.39502367670083727,1.521636337700666,-1.1916858770533958,-3.461350591855699,-5.1101544558749765,-1.5746468584410087;0.0,0.0,0.0;1.0,0.0,0.0,0.0
