0.0;-5.518385064867617,1.0877000882204826,-1.072158591488398,-1.7817819495771303,-6.19701550382253,-0.9168302291464856,1.0876583725460152;0.0,0.0,0.0;1.0,0.0,0.0,0.0
0.0;-5.524709073001747,1.088815431507818,-1.068346656049906,-1.7801735057601298,-6.204198006838368,-0.9245117640946782,1.093575372630614;0.0,0.003732245182618499,0.0;1.0,0.0,0.0,0.0
0.0;-5.521734292323509,1.0876477957518647,-1.0665602699421124,-1.7799739357828277,-6.206532680832322,-0.9239899891343716,1.094668679533568;0.0,0.007464490365236998,0.0;1.0,0.0,0.0,0.0
0.0;-5.514404796173664,1.0855342262102348,-1.0672689857071564,-1.7810729754188461,-6.20490333967126,-0.9178091835081251,1.0919010557657725;0.0,0.011196735315024853,0.0;1.0,0.0,0.0,0.0
0.0;-5.506391450830556,1.0838892075310844,-1.067850404670803,-1.781633225015097,-6.20054550573392,-0.9108997002438896,1.088476224492277;0.0,0.014928980730473995,0.0;1.0,0.0,0.0,0.0
0.0;-5.499235343045117,1.083552393022602,-1.0678719927142477,-1.7813358997786115,-6.195166777743939,-0.9051733007965946,1.085056335769496;0.0,0.018661227077245712,0.0;1.0,0.0,0.0,0.0
0.0;-5.492577421558583,1.0839258290476623,-1.0678035197469211,-1.7806598590606078,-6.189485570151826,-0.9001194962213538,1.0815034615200716;0.0,0.022393470630049706,0.0;1.0,0.0,0.0,0.0
0.0;-5.4857594196454365,1.084262847034281,-1.067791037188152,-1.7800429899880719,-6.183542678449549,-0.8948694685057901,1.0778675484004312;0.0,0.026125717908143997,0.0;1.0,0.0,0.0,0.0
0.0;-5.478609744445276,1.0844647095444846,-1.0679005103132793,-1.7795234906825919,-6.17738805389339,-0.8891955360909062,1.0740715864473955;0.0,0.02985796332359314,0.0;1.0,0.0,0.0,0.0
0.0;-5.4713391891706955,1.0846951945820718,-1.0681052794257238,-1.7789394264684892,-6.171103389980109,-0.8833467517295316,1.07013879101486;0.0,0.03359020873904228,0.0;1.0,0.0,0.0,0.0
0.0;-5.464148916334936,1.0850408952572406,-1.0683068440686274,-1.7782110929543788,-6.164712375325963,-0.8775338265972884,1.06619824972947;0.0,0.037322454154491425,0.0;1.0,0.0,0.0,0.0
0.0;-5.457061300392625,1.085502367908294,-1.0684927388068444,-1.777354461525103,-6.158242235441314,-0.8717786479298154,1.0622725759926586;0.0,0.04105469956994057,0.0;1.0,0.0,0.0,0.0
0.0;-5.450016547423287,1.0860391546407595,-1.0687016002006773,-1.7764059823185465,-6.1517168246010305,-0.8660212309628614,1.058326546899032;0.0,0.04478694498538971,0.0;1.0,0.0,0.0,0.0
0.0;-5.442979651567193,1.0866182850355808,-1.0689458227779525,-1.7753848483960173,-6.145135700599241,-0.8602184999961263,1.0543537417836266;0.0,0.04851919040083885,0.0;1.0,0.0,0.0,0.0
0.0;-5.435954883977965,1.08724070090175,-1.0692216974487132,-1.7742868086696597,-6.138497498175187,-0.8543709011705599,1.0503592265858803;0.0,0.052251435816287994,0.0;1.0,0.0,0.0,0.0
0.0;-5.428959009746008,1.0879201710811497,-1.069526093637026,-1.7731008622914748,-6.131806501130159,-0.8484972301295989,1.0463461086713375;0.0,0.05598367378115654,0.0;1.0,0.0,0.0,0.0
0.0;-5.422000507935554,1.0886616744022268,-1.0698565592762517,-1.7718238772142254,-6.1250640003171055,-0.8426065184430543,1.0423183586500644;0.0,0.05971592292189598,0.0;1.0,0.0,0.0,0.0
0.0;-5.415077546867884,1.089463242145514,-1.0702139809303386,-1.7704586640932853,-6.11826964650736,-0.8366961127259291,1.038276236079815;0.0,0.06344816833734512,0.0;1.0,0.0,0.0,0.0
0.0;-5.408186221306776,1.0903226316020176,-1.0706014136027078,-1.7690077313492436,-6.111423833349857,-0.8307617354704644,1.0342173144750662;0.0,0.06718041747808456,0.0;1.0,0.0,0.0,0.0
0.0;-5.401325750118033,1.0912393635071678,-1.0710203297824157,-1.7674716367364864,-6.1045265938587026,-0.824802215865493,1.0301409844177774;0.0,0.070912666618824,0.0;1.0,0.0,0.0,0.0
0.0;-5.394497584591221,1.092214459173506,-1.0714709533099496,-1.7658499063357924,-6.09757772312852,-0.8188185974634685,1.026047888163507;0.0,0.07464490830898285,0.0;1.0,0.0,0.0,0.0
0.0;-5.387703120657446,1.0932491706307923,-1.0719537929165368,-1.7641421288889976,-6.090577264259848,-0.812812052601745,1.0219382766734646;0.0,0.0783771499991417,0.0;1.0,0.0,0.0,0.0
0.0;-5.38094192432987,1.0943444899080155,-1.0724699818977361,-1.762348499627631,-6.083523548094267,-0.80678119704703,1.01781111331539;0.0,0.08210939168930054,0.0;1.0,0.0,0.0,0.0
0.0;-5.374201675027042,1.0955057970652489,-1.0730241035288806,-1.760469671388592,-6.076395520409617,-0.8007052533813619,1.013653877115939;0.0,0.08584164083003998,0.0;1.0,0.0,0.0,0.0
0.0;-5.36748047809474,1.09673482902611,-1.0736199511194908,-1.7585014069494247,-6.069186419204222,-0.7945844095586407,1.0094633272228977;0.0,0.08957388252019882,0.0;1.0,0.0,0.0,0.0
0.0;-5.360786621793531,1.0980327871047864,-1.0742557240149282,-1.7564426930695245,-6.061903712362854,-0.7884307603684848,1.005245665258128;0.0,0.09330613166093826,0.0;1.0,0.0,0.0,0.0
0.0;-5.354128145076828,1.0993988038618887,-1.0749289943104279,-1.754295123560703,-6.054558520768094,-0.782254625182367,1.0010080858129764;0.0,0.0970383733510971,0.0;1.0,0.0,0.0,0.0
0.0;-5.347507886664204,1.1008306115490036,-1.075639891977662,-1.752060758359079,-6.0471582827243955,-0.7760588670930647,0.9967536164997767;0.0,0.10077062249183655,0.0;1.0,0.0,0.0,0.0
0.0;-5.3409252022783935,1.102326401446156,-1.0763899756981712,-1.7497409569150806,-6.039705006385445,-0.7698412749209044,0.9924821303052731;0.0,0.10450286418199539,0.0;1.0,0.0,0.0,0.0
0.0;-5.3343789887331035,1.1038859922723436,-1.0771808716893108,-1.7473360135463876,-6.032197426933436,-0.7635991297731174,0.9881924942982582;0.0,0.10823511332273483,0.0;1.0,0.0,0.0,0.0
0.0;-5.327869002529765,1.1055105012707358,-1.07801391373942,-1.7448455847288287,-6.024633532147521,-0.7573312960961236,0.9838837149832733;0.0,0.11196736246347427,0.0;1.0,0.0,0.0,0.0
0.0;-5.321395867350852,1.1072011891415134,-1.0788901450402317,-1.7422694302996677,-6.017011996359375,-0.7510379703964501,0.9795554638624461;0.0,0.11569961160421371,0.0;1.0,0.0,0.0,0.0
0.0;-5.314960269241689,1.1089588674740054,-1.0798105135068923,-1.739607637110228,-6.009332304999542,-0.7447195837201741,0.9752077571148495;0.0,0.11943185329437256,0.0;1.0,0.0,0.0,0.0
0.0;-5.308562695521508,1.1107839462146116,-1.080776081671721,-1.7368605339681864,-6.001594312616539,-0.7383762076890238,0.9708405930106556;0.0,0.1231640949845314,0.0;1.0,0.0,0.0,0.0
0.0;-5.302203485013845,1.1126767404673306,-1.081788014833549,-1.7340284657219254,-5.993797790404275,-0.7320075819298023,0.96645384916625;0.0,0.12689633667469025,0.0;1.0,0.0,0.0,0.0
0.0;-5.295882940407266,1.1146376880353304,-1.0828475145394367,-1.7311116752925877,-5.985942240248415,-0.7256133307789701,0.9620473129689142;0.0,0.1306285858154297,0.0;1.0,0.0,0.0,0.0
0.0;-5.289601408993369,1.1166673738967614,-1.0839558102020919,-1.7281103366846344,-5.978026952672725,-0.7191931073838261,0.9576207295890349;0.0,0.13436082005500793,0.0;1.0,0.0,0.0,0.0
0.0;-5.283359218041162,1.1187664366910555,-1.085114142329944,-1.7250246006023262,-5.970051120659199,-0.7127465811896521,0.9531738331278176;0.0,0.13809306919574738,0.0;1.0,0.0,0.0,0.0
0.0;-5.277156709093498,1.1209355039189763,-1.0863237958253562,-1.7218546570190005,-5.962013919192506,-0.7062734112728893,0.9487063573921387;0.0,0.14182531833648682,0.0;1.0,0.0,0.0,0.0
0.0;-5.270994203604703,1.1231751789938877,-1.0875860811153006,-1.7186007158313288,-5.953914520953775,-0.6997732273502053,0.9442180395475063;0.0,0.14555758237838745,0.0;1.0,0.0,0.0,0.0
0.0;-5.264872064900627,1.1254860649296243,-1.0889023509333577,-1.715263015509134,-5.94575208402736,-0.6932456522091464,0.9397086227957013;0.0,0.1492898166179657,0.0;1.0,0.0,0.0,0.0
0.0;-5.258790604318388,1.127868772502981,-1.0902739679344546,-1.7118417715234426,-5.937525714503641,-0.6866902649391822,0.935177841783737;0.0,0.15302206575870514,0.0;1.0,0.0,0.0,0.0
0.0;-5.252750147519524,1.1303239358796358,-1.0917023563379982,-1.7083372098402771,-5.929234440889009,-0.6801065955345401,0.9306254034948105;0.0,0.15675431489944458,0.0;1.0,0.0,0.0,0.0
0.0;-5.246751025014784,1.1328522133287762,-1.0931889842924423,-1.7047495606950522,-5.920877220823512,-0.6734941500053244,0.9260510032905301;0.0,0.16048654913902283,0.0;1.0,0.0,0.0,0.0
0.0;-5.240793531118883,1.1354542797293963,-1.0947353489522298,-1.7010790437513594,-5.912452941455555,-0.6668523929157583,0.9214543244119276;0.0,0.16421879827976227,0.0;1.0,0.0,0.0,0.0
0.0;-5.234877976975993,1.1381308326414543,-1.0963430099731362,-1.6973258944650587,-5.903960421585523,-0.6601807538512914,0.9168350315058593;0.0,0.1679510474205017,0.0;1.0,0.0,0.0,0.0
0.0;-5.229004670045226,1.1408825899139412,-1.0980135703269425,-1.6934903513827366,-5.895398414868463,-0.6534786353174529,0.9121927827191478;0.0,0.17168329656124115,0.0;1.0,0.0,0.0,0.0
0.0;-5.223173914611519,1.1437102897270537,-1.099748679804082,-1.6895726583476922,-5.886765608682958,-0.6467454075961282,0.9075272287034253;0.0,0.1754155457019806,0.0;1.0,0.0,0.0,0.0
0.0;-5.217386023952233,1.1466146935985226,-1.1015500457599487,-1.6855730714342694,-5.878060624058457,-0.6399804110917856,0.902838010240715;0.0,0.17914777994155884,0.0;1.0,0.0,0.0,0.0
0.0;-5.2116413018237555,1.1495965849203333,-1.1034194267352786,-1.6814918503078515,-5.869282010267508,-0.6331829486237581,0.8981247594984323;0.0,0.1828799992799759,0.0;1.0,0.0,0.0,0.0
0.0;-5.205852536361663,1.1507786296526654,-1.1056497069656273,-1.684059691324983,-5.86226519756832,-0.6304927613607578,0.8949096485405036;-0.003657599911093712,0.1828799992799759,0.0;1.0,0.0,0.0,0.0
0.0;-5.196676718898484,1.1509197204358212,-1.1075632824455681,-1.694348055164607,-5.856316302321782,-0.6315241633249725,0.8922294347881582;-0.007315199822187424,0.1828799992799759,0.0;1.0,0.0,0.0,0.0
0.0;-5.187657815177492,1.1485251787182835,-1.1104337222229532,-1.704886822851134,-5.851652695959727,-0.6351719106102762,0.8908075027574419;-0.010972799733281136,0.1828799992799759,0.0;1.0,0.0,0.0,0.0
0.0;-5.179300618861401,1.1469334080520888,-1.1119661582325973,-1.7167406585301033,-5.848746915348343,-0.638495018836799,0.8895922067195905;-0.014630400575697422,0.1828799992799759,0.0;1.0,0.0,0.0,0.0
0.0;-5.171681540382374,1.144459722292271,-1.1136241999292844,-1.7264630871372586,-5.846618796117786,-0.6421401013939719,0.8889713800775367;-0.01828799955546856,0.1828799992799759,0.0;1.0,0.0,0.0,0.0
0.0;-5.1645034555966145,1.1421835212227804,-1.1148905465784966,-1.7370082945046181,-5.844986128358272,-0.6453986862989144,0.8884401967565817;-0.02194559946656227,0.1828799992799759,0.0;1.0,0.0,0.0,0.0
0.0;-5.156815558167301,1.1394874048093473,-1.1162058341088164,-1.7473808410302833,-5.843573808483523,-0.6490725037402155,0.8880395744340017;-0.025603199377655983,0.1828799992799759,0.0;1.0,0.0,0.0,0.0
0.0;-5.149486244613931,1.1368627671521894,-1.1176527605404578,-1.7581616522725427,-5.842329417505748,-0.6527541509596422,0.8875941157519409;-0.029260801151394844,0.1828799992799759,0.0;1.0,0.0,0.0,0.0
0.0;-5.141465809654738,1.1339904886564818,-1.1188632991481673,-1.7692241188291937,-5.841112313241363,-0.656720327510218,0.8873262770461766;-0.032918401062488556,0.1828799992799759,0.0;1.0,0.0,0.0,0.0
0.0;-5.134076469150634,1.1311877663844412,-1.1203451236055444,-1.7801889957806185,-5.839976188828196,-0.6605844280891332,0.8869965071211282;-0.03657599911093712,0.1828799992799759,0.0;1.0,0.0,0.0,0.0
0.0;-5.125978684900747,1.128276436516471,-1.1215245016741715,-1.7913208089128279,-5.838900954153405,-0.6646161962901345,0.8867581694050389;-0.04023360088467598,0.1828799992799759,0.0;1.0,0.0,0.0,0.0
0.0;-5.118655792842125,1.125436622283363,-1.1230276981013958,-1.8021643232851863,-5.8378124083414855,-0.6684515886556868,0.8864640514174161;-0.04389120265841484,0.1828799992799759,0.0;1.0,0.0,0.0,0.0
0.0;-5.1105429600364145,1.1225429492681807,-1.1241884702466398,-1.8132229537584579,-5.836761427403268,-0.6724309746203769,0.8862253841087373;-0.0475488007068634,0.1828799992799759,0.0;1.0,0.0,0.0,0.0
0.0;-5.103245991260804,1.119715928864332,-1.1257231134672807,-1.8239201028352319,-5.83563737067672,-0.6762018536711096,0.8859256995455513;-0.051206402480602264,0.1828799992799759,0.0;1.0,0.0,0.0,0.0
0.0;-5.095101578066472,1.1168648902138694,-1.1268903527920122,-1.834894540294395,-5.834536238751227,-0.6801050802110304,0.8856588019812673;-0.05486400052905083,0.1828799992799759,0.0;1.0,0.0,0.0,0.0
0.0;-5.087798243119458,1.11407238970198,-1.1284587814990972,-1.8454511226438428,-5.833330010173857,-0.6837936851814838,0.8853339660572433;-0.05852160230278969,0.1828799992799759,0.0;1.0,0.0,0.0,0.0
0.0;-5.079607439920465,1.1112731234031192,-1.1296421295386863,-1.8563370516159996,-5.832140991778728,-0.687606024298306,0.8850261041068361;-0.06217920035123825,0.1828799992799759,0.0;1.0,0.0,0.0,0.0
0.0;-5.072281872135905,1.1085259079068475,-1.1312467533367279,-1.866756466472936,-5.830829704648325,-0.691202488413382,0.8846652752974178;-0.06583680212497711,0.1828799992799759,0.0;1.0,0.0,0.0,0.0
0.0;-5.064034271823447,1.1057844302457838,-1.1324499914361559,-1.8775537652395355,-5.82953393137469,-0.6949172667275615,0.8843090843787806;-0.06949440389871597,0.1828799992799759,0.0;1.0,0.0,0.0,0.0
0.0;-5.05667577171776,1.103087217461386,-1.1340912237756489,-1.8878408327210734,-5.828104792129049,-0.6984179293597474,0.8839077211628431;-0.07315199822187424,0.1828799992799759,0.0;1.0,0.0,0.0,0.0
0.0;-5.048364774249357,1.1004063027638247,-1.1353151141112965,-1.898549383937867,-5.826692098355977,-0.7020313489043094,0.8835000110270823;-0.0768095999956131,0.1828799992799759,0.0;1.0,0.0,0.0,0.0
0.0;-5.0409666613648,1.0977619007991797,-1.1369917916789456,-1.9087075182050148,-5.825138861658035,-0.7054334998611785,0.8830558862931324;-0.08046720921993256,0.1828799992799759,0.0;1.0,0.0,0.0,0.0
0.0;-5.032587366411952,1.0951425384667373,-1.1382359004412839,-1.9193270392193749,-5.823603717737984,-0.7089428641820963,0.8825952256719367;-0.08412480354309082,0.1828799992799759,0.0;1.0,0.0,0.0,0.0
0.0;-5.02514406034301,1.0925522458985562,-1.1399464865201212,-1.9293602628673494,-5.821922859923243,-0.7122448018907216,0.882107330998002;-0.08778240531682968,0.1828799992799759,0.0;1.0,0.0,0.0,0.0
0.0;-5.0166917512857045,1.0899945517198801,-1.1412097842729145,-1.9398911665348806,-5.820261789745178,-0.715648396136223,0.8815931317062949;-0.09144000709056854,0.1828799992799759,0.0;1.0,0.0,0.0,0.0
0.0;-5.009198317427776,1.0874590170503549,-1.1429526880025374,-1.9498036603287157,-5.818450939164796,-0.7188489314341154,0.8810609951205015;-0.0950976014137268,0.1828799992799759,0.0;1.0,0.0,0.0,0.0
0.0;-5.000668605044033,1.0849628387522685,-1.1442338069064624,-1.9602462156115212,-5.816661418339691,-0.7221453048957267,0.8804930330257837;-0.09875520318746567,0.1828799992799759,0.0;1.0,0.0,0.0,0.0
0.0;-4.993118257825047,1.0824818753594452,-1.146007616764856,-1.9700451943410777,-5.81471808396379,-0.7252439795924431,0.8799162374967254;-0.10241280496120453,0.1828799992799759,0.0;1.0,0.0,0.0,0.0
0.0;-4.984508380490778,1.0800468451541616,-1.1473057896292111,-1.980397018742675,-5.812797914539822,-0.7284317223790069,0.8792945244011686;-0.10607039928436279,0.1828799992799759,0.0;1.0,0.0,0.0,0.0
0.0;-4.976884926865576,1.0776184682374506,-1.1491089859329469,-1.9901031877836144,-5.810717504942797,-0.7314300686676977,0.8786718934111913;-0.10972799360752106,0.1828799992799759,0.0;1.0,0.0,0.0,0.0
0.0;-4.9681990849576465,1.075243505528037,-1.1504267382841211,-2.000350185745925,-5.8086645179514065,-0.7345078636728797,0.8779972229252643;-0.11338560283184052,0.1828799992799759,0.0;1.0,0.0,0.0,0.0
0.0;-4.960493577896309,1.0728708707110295,-1.1522527913444032,-2.009975530729849,-5.806445395719399,-0.7374016337715382,0.877327130492862;-0.11704319715499878,0.1828799992799759,0.0;1.0,0.0,0.0,0.0
0.0;-4.951734458345933,1.0705548369369324,-1.1535913289494069,-2.0201051047851855,-5.804257165648732,-0.7403681474400564,0.8766008598492517;-0.12070079892873764,0.1828799992799759,0.0;1.0,0.0,0.0,0.0
0.0;-4.9439392441797345,1.0682403409116457,-1.1554358011805457,-2.0296594729415527,-5.8018970601429745,-0.7431537279936179,0.8758814632825351;-0.1243584007024765,0.1828799992799759,0.0;1.0,0.0,0.0,0.0
0.0;-4.935105159031128,1.0659824961726783,-1.1567953943666156,-2.039665317380911,-5.799571092698987,-0.7460083465272919,0.8751040663565544;-0.12801600992679596,0.1828799992799759,0.0;1.0,0.0,0.0,0.0
0.0;-4.9272148899659785,1.0637278860914885,-1.1586553010710987,-2.049154346117462,-5.797067166933167,-0.7486821211536855,0.8743338357385575;-0.13167360424995422,0.1828799992799759,0.0;1.0,0.0,0.0,0.0
0.0;-4.918302476186485,1.0615281678147894,-1.1600349888173682,-2.059033130158271,-5.79460085178635,-0.7514236344595633,0.8735053557180612;-0.13533121347427368,0.1828799992799759,0.0;1.0,0.0,0.0,0.0
0.0;-4.910313143349597,1.0593348432669456,-1.161908285291118,-2.068459618683517,-5.79194979175259,-0.7539819999739287,0.8726828915125389;-0.13898880779743195,0.1828799992799759,0.0;1.0,0.0,0.0,0.0
0.0;-4.90131783418319,1.057193563299144,-1.1633065799005204,-2.0782100178249547,-5.789340213824369,-0.7566089169223729,0.8718029759222257;-0.1426464021205902,0.1828799992799759,0.0;1.0,0.0,0.0,0.0
0.0;-4.893225612875671,1.0550626593078203,-1.165191727222789,-2.087575676134479,-5.786538180884084,-0.7590483617378372,0.8709268894973765;-0.14630401134490967,0.1828799992799759,0.0;1.0,0.0,0.0,0.0
0.0;-4.8841420765874926,1.0529803348864029,-1.1666069469552192,-2.097197441023877,-5.783782022552236,-0.7615589663787531,0.8699948731432016;-0.14996159076690674,0.1828799992799759,0.0;1.0,0.0,0.0,0.0
0.0;-4.875943130027435,1.0509129386471623,-1.1685026324372165,-2.106503301867738,-5.780824740055474,-0.7638758940845136,0.8690636660600266;-0.153619185090065,0.1828799992799759,0.0;1.0,0.0,0.0,0.0
0.0;-4.866765601572056,1.048890285984769,-1.1699330050333974,-2.1159966425652286,-5.777918266818428,-0.7662681838391492,0.86807859320887;-0.15727679431438446,0.1828799992799759,0.0;1.0,0.0,0.0,0.0
0.0;-4.858455899660327,1.0468875059026523,-1.171838012935345,-2.125243345955218,-5.774801015174834,-0.7684588712344625,0.8670906098246673;-0.16093440353870392,0.1828799992799759,0.0;1.0,0.0,0.0,0.0
0.0;-4.849178482535177,1.0449254534162966,-1.1732817777403308,-2.1346085043617586,-5.771740077296951,-0.7707305199854859,0.8660512374983574;-0.16459199786186218,0.1828799992799759,0.0;1.0,0.0,0.0,0.0
0.0;-4.840753886044464,1.0429885313996938,-1.1751948481293604,-2.143796191608878,-5.768457772495722,-0.7727909967503487,0.8650046247338875;-0.16824960708618164,0.1828799992799759,0.0;1.0,0.0,0.0,0.0
0.0;-4.83137051092512,1.0410881931278473,-1.1766502284458202,-2.153033467665014,-5.765237760769774,-0.7749393500104383,0.8639094397809332;-0.1719072014093399,0.1828799992799759,0.0;1.0,0.0,0.0,0.0
0.0;-4.822826706075341,1.0392184891859193,-1.1785700863432302,-2.1621618558277778,-5.761784934878187,-0.7768654672654254,0.8628021324045037;-0.17556479573249817,0.1828799992799759,0.0;1.0,0.0,0.0,0.0
0.0;-4.813331153109051,1.037381188240823,-1.1800352947552946,-2.171271609923255,-5.758400780690715,-0.7788875308465243,0.8616493163060837;-0.17922240495681763,0.1828799992799759,0.0;1.0,0.0,0.0,0.0
0.0;-4.804663636837428,1.0355801808994083,-1.181960623966823,-2.1803399723156254,-5.754771582624085,-0.7806749611687206,0.860479030803312;-0.1828799992799759,0.1828799992799759,0.0;1.0,0.0,0.0,0.0
0.0;-4.795049631133943,1.0338074603724368,-1.1834338650834118,-2.1893225387061634,-5.751217752332594,-0.7825673608930772,0.8592664485564313;-0.18653759360313416,0.1828799992799759,0.0;1.0,0.0,0.0,0.0
0.0;-4.786253760322095,1.0320767779056232,-1.1853632747253127,-2.198329626152981,-5.747405978426747,-0.784211578403702,0.8580306612543604;-0.19019518792629242,0.1828799992799759,0.0;1.0,0.0,0.0,0.0
0.0;-4.776514883062907,1.030370387693055,-1.1868427114170916,-2.2071854338250563,-5.743676437897391,-0.7859705722055426,0.8567558511315839;-0.19385278224945068,0.1828799992799759,0.0;1.0,0.0,0.0,0.0
0.0;-4.767585806014976,1.0287117817259988,-1.1887747728023006,-2.2161295512547,-5.7396754997421935,-0.7874669322381567,0.8554517903925318;-0.19751040637493134,0.1828799992799759,0.0;1.0,0.0,0.0,0.0
0.0;-4.757715527668579,1.0270736953717898,-1.1902585271193586,-2.2248591094229946,-5.735763712560944,-0.7890883973821597,0.8541119298608079;-0.2011680006980896,0.1828799992799759,0.0;1.0,0.0,0.0,0.0
0.0;-4.7486483740228085,1.0254890803833299,-1.1921917658383048,-2.2337378688460734,-5.731566692404298,-0.7904320838788335,0.8527365564905705;-0.20482559502124786,0.1828799992799759,0.0;1.0,0.0,0.0,0.0
0.0;-4.738640075418575,1.0239215196264884,-1.19367783466259,-2.2423417674079094,-5.727465629249056,-0.7919114481806598,0.8513284366445559;-0.20848320424556732,0.1828799992799759,0.0;1.0,0.0,0.0,0.0
0.0;-4.729429777212301,1.0224129264006396,-1.1956107532054105,-2.2511523321035667,-5.7230652052414985,-0.7930975884274808,0.8498784457121316;-0.21214079856872559,0.1828799992799759,0.0;1.0,0.0,0.0,0.0
0.0;-4.719276762119694,1.0209183434926927,-1.1970970682116027,-2.259631241847027,-5.718767320005111,-0.79442990523063,0.8483984528652329;-0.21579839289188385,0.1828799992799759,0.0;1.0,0.0,0.0,0.0
0.0;-4.709918086756672,1.0194879631770564,-1.1990281041919824,-2.2683703063905365,-5.71415579637499,-0.7954535301859197,0.8468702205625852;-0.2194560170173645,0.1828799992799759,0.0;1.0,0.0,0.0,0.0
0.0;-4.699613551899268,1.0180690152709309,-1.200512503788578,-2.2767249809943304,-5.7096529921259895,-0.7966334722003984,0.8453143280909622;-0.22311361134052277,0.1828799992799759,0.0;1.0,0.0,0.0,0.0
0.0;-4.690101243424017,1.016719229328138,-1.2024400664277894,-2.2853886477820864,-5.704822319997395,-0.7974895177481746,0.8437038754138843;-0.22677120566368103,0.1828799992799759,0.0;1.0,0.0,0.0,0.0
0.0;-4.679638344649275,1.0153788083827961,-1.203920240439287,-2.2936198472077245,-5.700105978811484,-0.7985113349551123,0.8420675992852916;-0.2304288148880005,0.1828799992799759,0.0;1.0,0.0,0.0,0.0
0.0;-4.669966936988304,1.0141121568418638,-1.205842704517795,-2.3022038946070826,-5.695047667697529,-0.7991947178555592,0.8403705751121333;-0.23408640921115875,0.1828799992799759,0.0;1.0,0.0,0.0,0.0
0.0;-4.659338818674066,1.012853366480788,-1.2073162659439067,-2.310312347231791,-5.690108617247046,-0.8000523219365664,0.8386489528083285;-0.23774400353431702,0.1828799992799759,0.0;1.0,0.0,0.0,0.0
0.0;-4.6495027153338375,1.0116726133143419,-1.2092319126857032,-2.3188122073765367,-5.684813778966279,-0.8005578706869406,0.8368605521524571;-0.24140162765979767,0.1828799992799759,0.0;1.0,0.0,0.0,0.0
0.0;-4.6387025019040244,1.0104987247637078,-1.2106963861752826,-2.326798561199887,-5.679642256443262,-0.8012448660924963,0.835048147369949;-0.24505922198295593,0.1828799992799759,0.0;1.0,0.0,0.0,0.0
0.0;-4.628696085939944,1.0094068925200004,-1.2126034312359069,-2.3352092646537645,-5.674101612887775,-0.8015673263698179,0.833163048172248;-0.2487168163061142,0.1828799992799759,0.0;1.0,0.0,0.0,0.0
0.0;-4.617717033617675,1.0083213745050907,-1.2140562348156994,-2.3430739192250405,-5.668687308759258,-0.8020769746084032,0.8312538908539606;-0.2523743808269501,0.1828799992799759,0.0;1.0,0.0,0.0,0.0
0.0;-4.607534510507755,1.0073217388909979,-1.2159527621228468,-2.3513903725179524,-5.662891128050931,-0.8022110364501335,0.8292662053308038;-0.25603199005126953,0.1828799992799759,0.0;1.0,0.0,0.0,0.0
0.0;-4.596369848629797,1.0063281790421175,-1.2173912776409013,-2.3591336325992796,-5.657223082419711,-0.8025364601352462,0.8272538142573269;-0.2596895694732666,0.1828799992799759,0.0;1.0,0.0,0.0,0.0
0.0;-4.586005299704623,1.0054243187426586,-1.219275249662869,-2.3673506137082745,-5.651161189611438,-0.8024767697223978,0.8251569827483298;-0.26334720849990845,0.1828799992799759,0.0;1.0,0.0,0.0,0.0
0.0;-4.574648527684762,1.0045264405766006,-1.2206968404138712,-2.3749723613294917,-5.645227843742763,-0.8026108683785949,0.8230343049007264;-0.2670047879219055,0.1828799992799759,0.0;1.0,0.0,0.0,0.0
0.0;-4.5640961095558685,1.0037222942011297,-1.222566029181447,-2.383084361054021,-5.638889684312761,-0.802351916015011,0.8208209834794027;-0.270662397146225,0.1828799992799759,0.0;1.0,0.0,0.0,0.0
0.0;-4.5525410600712926,1.0029239230135256,-1.2239680352607725,-2.3905840438347314,-5.6326788758948245,-0.8022874524564332,0.8185803943575021;-0.27431997656822205,0.1828799992799759,0.0;1.0,0.0,0.0,0.0
0.0;-4.541794772474968,1.002223784396787,-1.2258199744497478,-2.398585640487293,-5.6260534450461,-0.8018237217517944,0.8162423846469562;-0.2779775857925415,0.1828799992799759,0.0;1.0,0.0,0.0,0.0
0.0;-4.5300356533600885,1.0015287771292265,-1.2271998151332202,-2.4059623040442966,-5.619552360941776,-0.8015535350752727,0.8138757233995885;-0.28163519501686096,0.1828799992799759,0.0;1.0,0.0,0.0,0.0
0.0;-4.519089392505581,1.0009373571531028,-1.229031737049867,-2.4138481331977655,-5.61262824500559,-0.8008794606731667,0.8114037983066992;-0.2852928042411804,0.1828799992799759,0.0;1.0,0.0,0.0,0.0
0.0;-4.507121216332469,1.000349573429429,-1.2303869889643868,-2.4211000684596087,-5.605823488767794,-0.800396452547032,0.8089023526965603;-0.2889504134654999,0.1828799992799759,0.0;1.0,0.0,0.0,0.0
0.0;-4.495968734762429,0.9998720598500452,-1.2321956882887548,-2.4288648973802087,-5.598588895625256,-0.7995063718774171,0.806286058105137;-0.29260802268981934,0.1828799992799759,0.0;1.0,0.0,0.0,0.0
0.0;-4.483787545344002,0.9993952696664296,-1.2335241963449444,-2.435989603078574,-5.591466493294576,-0.7988037348786969,0.8036406525736656;-0.2962656319141388,0.1828799992799759,0.0;1.0,0.0,0.0,0.0
0.0;-4.4723841826485495,0.999036122463513,-1.235304221948937,-2.443662743980118,-5.583887966493138,-0.7976853120758369,0.8008598724695849;-0.29992321133613586,0.1828799992799759,0.0;1.0,0.0,0.0,0.0
0.0;-4.4600121514683595,0.9986721778308217,-1.236622965547051,-2.450623658905766,-5.576432226510715,-0.7967617427420113,0.7980648145969218;-0.3035808205604553,0.1828799992799759,0.0;1.0,0.0,0.0,0.0
0.0;-4.4482833735490885,0.9984453247035442,-1.238348351325597,-2.458259725357484,-5.568471318354858,-0.7953813333312809,0.7950783844598901;-0.3072384297847748,0.1828799992799759,0.0;1.0,0.0,0.0,0.0
0.0;-4.435577722738029,0.9981867317102061,-1.2396726630130415,-2.465104475156417,-5.560577874568462,-0.7942215139690039,0.7920998419234251;-0.31089603900909424,0.1828799992799759,0.0;1.0,0.0,0.0,0.0
0.0;-4.423524387984379,0.9980995608057556,-1.2413830154262182,-2.472662192911884,-5.55217196789244,-0.792547500303133,0.7888715162262664;-0.3145536184310913,0.1828799992799759,0.0;1.0,0.0,0.0,0.0
0.0;-4.410483871080961,0.9979730885640976,-1.2426896443326554,-2.4793561481236717,-5.543831020532412,-0.7910971233776138,0.7856569696392985;-0.31821122765541077,0.1828799992799759,0.0;1.0,0.0,0.0,0.0
0.0;-4.39814232735862,0.9980318807810418,-1.2443923989138939,-2.4867875047622037,-5.534962872440565,-0.7891108185508461,0.7821718273936455;-0.3218688368797302,0.1828799992799759,0.0;1.0,0.0,0.0,0.0
0.0;-4.3847989832060925,0.998051711034178,-1.2456749498331092,-2.4933041137768264,-5.526177819086785,-0.7873652081994225,0.7787055041972666;-0.3255264163017273,0.1828799992799759,0.0;1.0,0.0,0.0,0.0
0.0;-4.372177976024625,0.9982654151961864,-1.2473561368371344,-2.500603062342524,-5.516847347498432,-0.7850701042518852,0.7749519189520077;-0.32918402552604675,0.1828799992799759,0.0;1.0,0.0,0.0,0.0
0.0;-4.358527370343612,0.9984344328023004,-1.248611512305224,-2.5069457796128143,-5.507599933011806,-0.783035017253441,0.7712249624218055;-0.3328416347503662,0.1828799992799759,0.0;1.0,0.0,0.0,0.0
0.0;-4.345616085829826,0.9988089430153413,-1.2502666407980998,-2.5141143492990605,-5.497785521970641,-0.7804311534281096,0.7671841244629184;-0.33649924397468567,0.1828799992799759,0.0;1.0,0.0,0.0,0.0
0.0;-4.331653858563926,0.9991345189621368,-1.2514935903642936,-2.5202760881853306,-5.488052601980324,-0.7781010114981401,0.7631734470551166;-0.34015682339668274,0.1828799992799759,0.0;1.0,0.0,0.0,0.0
0.0;-4.3184474699709705,0.9996774295513341,-1.2531187185275128,-2.527306716026517,-5.477730303971289,-0.7751803078319872,0.7588182071758682;-0.3438144326210022,0.1828799992799759,0.0;1.0,0.0,0.0,0.0
0.0;-4.304170055263192,1.0001677469872872,-1.254316802817165,-2.533278593327899,-5.467485152027116,-0.7725481677485694,0.754495852719959;-0.34747201204299927,0.1828799992799759,0.0;1.0,0.0,0.0,0.0
0.0;-4.290660535686746,1.0008865586540392,-1.2559082711991423,-2.540166321189147,-5.4566264336472745,-0.7693042046846353,0.7497954932425247;-0.3511296212673187,0.1828799992799759,0.0;1.0,0.0,0.0,0.0
0.0;-4.276062813585565,1.0015499781417465,-1.2570774777084466,-2.5459402877245267,-5.445838495188947,-0.7663646294759016,0.7451295279796741;-0.3547872304916382,0.1828799992799759,0.0;1.0,0.0,0.0,0.0
0.0;-4.262242773623108,1.0024519218708356,-1.258631661157032,-2.5526794384586595,-5.434411610794792,-0.7627914319749345,0.7400489094019083;-0.35844483971595764,0.1828799992799759,0.0;1.0,0.0,0.0,0.0
0.0;-4.247321899736505,1.0032973341635332,-1.2597722785570724,-2.5582456376956144,-5.423047887836022,-0.7595395926785565,0.7350020810052513;-0.3621024191379547,0.1828799992799759,0.0;1.0,0.0,0.0,0.0
0.0;-4.233184951678323,1.0043892841474495,-1.2612855320596081,-2.56482960771362,-5.411017863064756,-0.7556324647236012,0.7295009904562264;-0.3657599985599518,0.1828799992799759,0.0;1.0,0.0,0.0,0.0
0.0;-4.2218453871045725,1.0048618827722149,-1.2643508778192492,-2.5699132987415005,-5.400246352616439,-0.7516839315335148,0.7242824562614617;-0.3657599985599518,0.17918545007705688,0.0;1.0,0.0,0.0,0.0
0.0;-4.216410171186206,1.0050147443944992,-1.2672518619827209,-2.575155002399313,-5.395328313558262,-0.7497337873544286,0.7209517432394794;-0.3657599985599518,0.17549090087413788,0.0;1.0,0.0,0.0,0.0
0.0;-4.214073573069858,1.004097069954296,-1.2693248430945374,-2.580311988952718,-5.394797827939072,-0.7500246449035848,0.7203926120117773;-0.3657599985599518,0.17179636657238007,0.0;1.0,0.0,0.0,0.0
0.0;-4.212807003966462,1.0022446716901077,-1.2710715491198383,-2.58603910350256,-5.39642657599333,-0.7520228363223067,0.7219147478004396;-0.3657599985599518,0.16810181736946106,0.0;1.0,0.0,0.0,0.0
0.0;-4.212062675054911,0.9998181289371878,-1.2727774900682534,-2.592554917287423,-5.399631624466802,-0.7554027230993885,0.7247459873380316;-0.3657599985599518,0.16440726816654205,0.0;1.0,0.0,0.0,0.0
0.0;-4.212126474102945,0.9969616466986548,-1.2744293064038974,-2.599491111634751,-5.404416346344896,-0.759833582529324,0.7285539872464785;-0.3657599985599518,0.16071271896362305,0.0;1.0,0.0,0.0,0.0
0.0;-4.2133361930413535,0.9937078369405637,-1.2759804598168367,-2.6064964212281625,-5.41079858567312,-0.7651318517678541,0.7332715124365775;-0.3657599985599518,0.15701818466186523,0.0;1.0,0.0,0.0,0.0
0.0;-4.215771103562109,0.9900275564517549,-1.2774016138538962,-2.613602538758454,-5.418962462574527,-0.7714880210826813,0.7390227441305987;-0.3657599985599518,0.15332363545894623,0.0;1.0,0.0,0.0,0.0
0.0;-4.2195228317160405,0.9859213273734357,-1.2786783814032818,-2.6208560706916595,-5.428955854445722,-0.7790178833968895,0.7458865279301876;-0.3657599985599518,0.14962908625602722,0.0;1.0,0.0,0.0,0.0
0.0;-4.2247040499868715,0.9814640033683265,-1.279781471439535,-2.628192984993022,-5.440701077489234,-0.7876996356818502,0.753815680400098;-0.3657599985599518,0.14593453705310822,0.0;1.0,0.0,0.0,0.0
0.0;-4.231380496234149,0.9767781135973828,-1.2806812278555226,-2.6354996759765283,-5.454007065421112,-0.797427599479956,0.762677115022101;-0.3657599985599518,0.1422399878501892,0.0;1.0,0.0,0.0,0.0
0.0;-4.239501094478967,0.9719967434511363,-1.2813581749520677,-2.6426924743057127,-5.468577905949107,-0.8080588460467968,0.7722998215474065;-0.3657599985599518,0.1385454535484314,0.0;1.0,0.0,0.0,0.0
0.0;-4.248881421397661,0.9672469703565074,-1.2818087884883258,-2.6497445158137305,-5.484043399979787,-0.8194300197270431,0.7824891892258669;-0.3657599985599518,0.1348509043455124,0.0;1.0,0.0,0.0,0.0
0.0;-4.259253102126388,0.9626380121364296,-1.2820516118706105,-2.6566613283877736,-5.500018311253366,-0.8313608471415451,0.7930356298794395;-0.3657599985599518,0.13115635514259338,0.0;1.0,0.0,0.0,0.0
0.0;-4.270343259466744,0.9582464156746578,-1.282126824706659,-2.6634473716948004,-5.516176989536401,-0.843670182210772,0.8037401165954595;-0.3657599985599518,0.12746180593967438,0.0;1.0,0.0,0.0,0.0
0.0;-4.28193798478772,0.9541072270383991,-1.2820874442007977,-2.6700971220737384,-5.532310112869182,-0.8562102661401515,0.8144491332898226;-0.3657599985599518,0.12376727163791656,0.0;1.0,0.0,0.0,0.0
0.0;-4.29390865397999,0.9502183745262467,-1.281987218852962,-2.676606562202351,-5.548337453451905,-0.8688968405085664,0.8250767141626033;-0.3657599985599518,0.12007272243499756,0.0;1.0,0.0,0.0,0.0
0.0;-4.3062073194924775,0.9465558966086258,-1.281870860440585,-2.6829812623997786,-5.564279215631305,-0.8817121210601817,0.83560024613527;-0.3657599985599518,0.11637817323207855,0.0;1.0,0.0,0.0,0.0
0.0;-4.318846146168999,0.9430917050169051,-1.281769655312663,-2.689231099477055,-5.580208794812862,-0.8946818234133058,0.8460363970297788;-0.3657599985599518,0.11268363147974014,0.0;1.0,0.0,0.0,0.0
0.0;-4.331871086520896,0.939805867154663,-1.2817019872118516,-2.6953604313448767,-5.596209604533953,-0.9078454228521677,0.8564143555202767;-0.3657599985599518,0.10898908227682114,0.0;1.0,0.0,0.0,0.0
0.0;-4.345335836440841,0.9366906723589622,-1.2816765151871803,-2.701364717159243,-5.6123471456289575,-0.921236007918184,0.8667585099542802;-0.3657599985599518,0.10529453307390213,0.0;1.0,0.0,0.0,0.0
0.0;-4.359281753435966,0.9337488630375759,-1.2816960097338184,-2.707234705188128,-5.628657254331328,-0.9348731496364345,0.8770819287575885;-0.3657599985599518,0.10159999132156372,0.0;1.0,0.0,0.0,0.0
0.0;-4.373728397707552,0.9309896857974118,-1.281760633007365,-2.7129619114018886,-5.64514694740987,-0.948763717576555,0.8873864391287164;-0.3657599985599518,0.09790544956922531,0.0;1.0,0.0,0.0,0.0
0.0;-4.38867535922247,0.9284250454983277,-1.281870125507204,-2.718540477394831,-5.661803268670536,-0.9629054487278945,0.8976656106019776;-0.3657599985599518,0.0942109003663063,0.0;1.0,0.0,0.0,0.0
0.0;-4.404111283353232,0.9260666002766156,-1.2820248871987239,-2.723965774762794,-5.678605338500798,-0.9772913853067573,0.9079089627408871;-0.3657599985599518,0.0905163586139679,0.0;1.0,0.0,0.0,0.0
0.0;-4.420024016292306,0.9239240357166342,-1.2822262692827695,-2.7292328482237083,-5.695535030519963,-0.9919148256249262,0.9181063626148825;-0.3657599985599518,0.08682180941104889,0.0;1.0,0.0,0.0,0.0
0.0;-4.436407424669271,0.9220046028244991,-1.282476363905847,-2.7343362143049705,-5.712583138613943,-1.006773625093736,0.9282512732466431;-0.3657599985599518,0.08312726020812988,0.0;1.0,0.0,0.0,0.0
0.0;-4.453263664193476,0.920313758309781,-1.2827775830670536,-2.739270452690168,-5.72975017319436,-1.0218720872402995,0.9383417634470391;-0.3657599985599518,0.07943272590637207,0.0;1.0,0.0,0.0,0.0
0.0;-4.470601853120357,0.9188563486234564,-1.2831321900174024,-2.7440304080536024,-5.747043182997113,-1.0372198664963526,0.9483793644503148;-0.3657599985599518,0.07573818415403366,0.0;1.0,0.0,0.0,0.0
0.0;-4.488434787765821,0.9176376677695018,-1.2835418619738312,-2.748610712176227,-5.7644710042396285,-1.0528289846332026,0.9583668639979582;-0.3657599985599518,0.07204362750053406,0.0;1.0,0.0,0.0,0.0
0.0;-4.506775141989582,0.9166639667958507,-1.2840074164494941,-2.753005364678271,-5.782039918826803,-1.0687107087046588,0.9683062420144293;-0.3657599985599518,0.06834909319877625,0.0;1.0,0.0,0.0,0.0
0.0;-4.525632228550078,0.9159423457922454,-1.284528784273997,-2.757207994708151,-5.799750873943187,-1.084873558427217,0.978197451852076;-0.3657599985599518,0.06465454399585724,0.0;1.0,0.0,0.0,0.0
0.0;-4.545010120664432,0.9154802842191163,-1.285105019456276,-2.7612122900681966,-5.8175987612222615,-1.1013226784282748,0.9880381127860765;-0.3657599985599518,0.060959991067647934,0.0;1.0,0.0,0.0,0.0
0.0;-4.564907590200463,0.9152851328488706,-1.2857342913543244,-2.7650123646233764,-5.835573377277112,-1.118060026811743,0.9978238237093772;-0.3657599985599518,0.057265449315309525,0.0;1.0,0.0,0.0,0.0
0.0;-4.585654497357055,0.9152228647698256,-1.2863368838340414,-2.7682136893968927,-5.853605452293356,-1.1348603008675833,1.007756497909353;-0.3657599985599518,0.05357090011239052,0.0;1.0,0.0,0.0,0.0
0.0;-4.606414609100643,0.9159158923694842,-1.2871067756986856,-2.771884653407197,-5.871909990199032,-1.1525311662581788,1.0171401312178276;-0.3657599985599518,0.04987635463476181,0.0;1.0,0.0,0.0,0.0
0.0;-4.627830126705918,0.9164936821610719,-1.2878241064878753,-2.7750565449354143,-5.8900813008509925,-1.1700583515796796,1.0268108544986092;-0.3657599985599518,0.046181820333004,0.0;1.0,0.0,0.0,0.0
0.0;-4.649799824607314,0.9174309451913514,-1.2884732969209236,-2.777832088065361,-5.90835602032318,-1.1876928001404023,1.0363301942118224;-0.3657599985599518,0.04248727113008499,0.0;1.0,0.0,0.0,0.0
0.0;-4.672196943234353,0.9186242878138127,-1.2890696485523914,-2.78058645899247,-5.9268196984663915,-1.205738378382379,1.045843932421038;-0.3657599985599518,0.038792721927165985,0.0;1.0,0.0,0.0,0.0
0.0;-4.694666843542737,0.9203920010154508,-1.2904521100546777,-2.7834582684140097,-5.945062109208122,-1.2249015237164373,1.0549032927283062;-0.3657599985599518,0.03509816899895668,0.0;1.0,0.0,0.0,0.0
0.0;-4.717471650771707,0.9220091898605292,-1.2916737546159118,-2.786159373163613,-5.9633573026086415,-1.243767880924049,1.06412307076871;-0.3657599985599518,0.031403619796037674,0.0;1.0,0.0,0.0,0.0
0.0;-4.740893468203862,0.9238557884297193,-1.2928280335424427,-2.7880521873688564,-5.981722768696055,-1.2622684498377612,1.0731664406997103;-0.3657599985599518,0.027709072455763817,0.0;1.0,0.0,0.0,0.0
0.0;-4.764899893696477,0.9262220399365624,-1.2941577965784385,-2.789414015263027,-6.000153231899209,-1.2810667586901234,1.081856628744555;-0.3657599985599518,0.024014540016651154,0.0;1.0,0.0,0.0,0.0
0.0;-4.789203909847021,0.9287393594318172,-1.295511541047053,-2.7909123493176335,-6.01859334406477,-1.3004165639587084,1.090586137568273;-0.3657599985599518,0.020319990813732147,0.0;1.0,0.0,0.0,0.0
0.0;-4.813746315531015,0.9314474037723169,-1.2969139844554936,-2.7924631546286602,-6.036942994847557,-1.320253069071183,1.0992728539266623;-0.3657599985599518,0.01662543974816799,0.0;1.0,0.0,0.0,0.0
0.0;-4.83873391447523,0.9345209919227615,-1.298390607646142,-2.793589642748977,-6.0551950493886775,-1.3402646106022882,1.1077215351479772;-0.3657599985599518,0.012930906377732754,0.0;1.0,0.0,0.0,0.0
0.0;-4.864204233851083,0.9378779097236072,-1.2998202709048683,-2.794192035240349,-6.073375905304073,-1.360218065019476,1.116003727481113;-0.3657599985599518,0.009236358106136322,0.0;1.0,0.0,0.0,0.0
0.0;-4.889931907406082,0.9414609899102956,-1.3012453520737615,-2.7945320469223143,-6.091399534770355,-1.3803005734368583,1.1241217286828555;-0.3657599985599518,0.005541808903217316,0.0;1.0,0.0,0.0,0.0
0.0;-4.915728610115039,0.9452653462090495,-1.302754247035604,-2.794822840235221,-6.109170900489498,-1.4007044915225357,1.1320207063368115;-0.3657599985599518,0.0018472744850441813,0.0;1.0,0.0,0.0,0.0
0.0;-4.941619377573011,0.9492622724177813,-1.3043002436621902,-2.794968792299364,-6.126688728126595,-1.4212747980861686,1.1397176846881565;-0.3657599985599518,-0.0018472744850441813,0.0;1.0,0.0,0.0,0.0
0.0;-4.9677088841380845,0.9534735263182352,-1.3058319706884647,-2.794731252401642,-6.143984450388038,-1.4417892787463467,1.147199639349888;-0.3657599985599518,-0.0055418238043785095,0.0;1.0,0.0,0.0,0.0
0.0;-4.993978286219724,0.957898940917889,-1.3073580812683516,-2.7940988999804173,-6.161051112319673,-1.4622423025993685,1.1544498315268534;-0.3657599985599518,-0.009236373007297516,0.0;1.0,0.0,0.0,0.0
0.0;-5.020304311417099,0.9624809658371901,-1.3089105101130567,-2.7932650190139947,-6.177849780541971,-1.4827727570609228,1.1614837349472855;-0.3657599985599518,-0.012930921278893948,0.0;1.0,0.0,0.0,0.0
0.0;-5.04662606968399,0.9671998489400893,-1.3104999226491287,-2.7923083440348804,-6.194366035947708,-1.503428583015092,1.1682957820683304;-0.3657599985599518,-0.01662547141313553,0.0;1.0,0.0,0.0,0.0
0.0;-5.072983836472029,0.9720701616700452,-1.3120984437605512,-2.7911119948145764,-6.210610023240227,-1.5240883511075394,1.17487670082295;-0.3657599985599518,-0.020320020616054535,0.0;1.0,0.0,0.0,0.0
0.0;-5.099388262063182,0.9770833698389447,-1.3136770513491411,-2.789576761212097,-6.2265684237316865,-1.5446204590494268,1.1812297846139748;-0.3657599985599518,-0.024014538154006004,0.0;1.0,0.0,0.0,0.0
0.0;-5.125749672104063,0.9822055632417098,-1.315242875103397,-2.787758736300657,-6.242194399799513,-1.5650171026376678,1.187346078938786;-0.3657599985599518,-0.02770908735692501,0.0;1.0,0.0,0.0,0.0
0.0;-5.1519662766375784,0.9874049019882181,-1.3168119324244665,-2.7857614341777035,-6.257453446359999,-1.5853206940739155,1.193212652141819;-0.3657599985599518,-0.031403638422489166,0.0;1.0,0.0,0.0,0.0
0.0;-5.178012793962752,0.992669752552603,-1.3183760316449757,-2.783587064194972,-6.272348248530898,-1.6055014482231584,1.1988317723372957;-0.3657599985599518,-0.03509818762540817,0.0;1.0,0.0,0.0,0.0
0.0;-5.203906829139733,0.9979978033026109,-1.319916847663576,-2.7811628075286223,-6.286890170847142,-1.6254709983023077,1.2042145342861947;-0.3657599985599518,-0.03879275172948837,0.0;1.0,0.0,0.0,0.0
0.0;-5.229630864577781,1.0033746478293513,-1.3214307347769423,-2.778466587492854,-6.301072561820763,-1.6451776732802996,1.2093669977303787;-0.3657599985599518,-0.04248729720711708,0.0;1.0,0.0,0.0,0.0
0.0;-5.2551313298578455,1.0087765010423808,-1.3229270726253495,-2.7755504831394786,-6.314882593063226,-1.6646328757215223,1.2142888773133977;-0.3657599985599518,-0.0461818166077137,0.0;1.0,0.0,0.0,0.0
0.0;-5.280373913383418,1.014188515014681,-1.324409532712946,-2.7724556827798508,-6.32832285069069,-1.683850188855492,1.2189829586168976;-0.3657599985599518,-0.049876365810632706,0.0;1.0,0.0,0.0,0.0
0.0;-5.305358684306721,1.019606345022383,-1.3258703728926224,-2.7691668861388457,-6.3414054610944985,-1.702799899040186,1.223460008758458;-0.3657599985599518,-0.05357091501355171,0.0;1.0,0.0,0.0,0.0
0.0;-5.330082120381253,1.0250227676321106,-1.3273016950919405,-2.765657385717617,-6.354132437909484,-1.72143302461315,1.2277314878493937;-0.3657599985599518,-0.05726546421647072,0.0;1.0,0.0,0.0,0.0
0.0;-5.354513658590098,1.030422755032264,-1.3287031273332777,-2.7619362755495462,-6.366494516937711,-1.7397222963265888,1.2318025273379074;-0.3657599985599518,-0.060960013419389725,0.0;1.0,0.0,0.0,0.0
0.0;-5.378617068835598,1.0357914981005587,-1.3300768908903784,-2.758032934349803,-6.378486619519887,-1.7576624444860267,1.2356761309866677;-0.3657599985599518,-0.06465454399585724,0.0;1.0,0.0,0.0,0.0
0.0;-5.402376005184792,1.04112071347005,-1.331421619542881,-2.753959265958394,-6.390114995128487,-1.77524464603837,1.2393604136943313;-0.3657599985599518,-0.06834909319877625,0.0;1.0,0.0,0.0,0.0
0.0;-5.425789092796308,1.0464055650375808,-1.3327339448144102,-2.749707443545694,-6.4013894327844705,-1.792448458108298,1.2428678372332873;-0.3657599985599518,-0.07204362750053406,0.0;1.0,0.0,0.0,0.0
0.0;-5.448851767780863,1.051639620859185,-1.3340128564191367,-2.745274146811999,-6.412315903558314,-1.8092559842759417,1.2462095782587976;-0.3657599985599518,-0.07573819160461426,0.0;1.0,0.0,0.0,0.0
0.0;-5.471552974618309,1.056815227252349,-1.3352596424814964,-2.740670274722406,-6.4228987840142855,-1.8256619763250554,1.2493938203579207;-0.3657599985599518,-0.07943272590637207,0.0;1.0,0.0,0.0,0.0
0.0;-5.493884980649775,1.061926636220989,-1.3364749931968778,-2.7359087018989023,-6.433145319757567,-1.8416674115685556,1.2524286697295626;-0.3657599985599518,-0.08312729746103287,0.0;1.0,0.0,0.0,0.0
0.0;-5.5158471131154325,1.0669704022927666,-1.3376578557469085,-2.7309943141896977,-6.443064736671636,-1.8572698860268206,1.2553239205351265;-0.3657599985599518,-0.08682183176279068,0.0;1.0,0.0,0.0,0.0
0.0;-5.537440198579906,1.071943288917448,-1.338806851858458,-2.7259280347975143,-6.452664631691089,-1.8724630213033335,1.2580896166252415;-0.3657599985599518,-0.09051636606454849,0.0;1.0,0.0,0.0,0.0
0.0;-5.558662086109036,1.0768413046349232,-1.3399213253006679,-2.7207140180879006,-6.461950516058908,-1.8872418606278265,1.2607344292406248;-0.3657599985599518,-0.09421093016862869,0.0;1.0,0.0,0.0,0.0
0.0;-5.579509748919434,1.081660647173399,-1.3410010249796747,-2.715359702130847,-6.470928101578386,-1.9016054670642375,1.263266020432815;-0.3657599985599518,-0.09790545701980591,0.0;1.0,0.0,0.0,0.0
0.0;-5.599983292795465,1.0863986540004607,-1.3420455926861978,-2.709871428594621,-6.479604698499663,-1.9155551038477796,1.2656922654043248;-0.3657599985599518,-0.10160002112388611,0.0;1.0,0.0,0.0,0.0
0.0;-5.620086124089315,1.0910536311817902,-1.343054541145076,-2.7042531321084597,-6.487988564477981,-1.9290925925054219,1.2680213889873795;-0.3657599985599518,-0.10529455542564392,0.0;1.0,0.0,0.0,0.0
0.0;-5.639920307285385,1.0956477242408635,-1.3440214249126095,-2.698453895686315,-6.4961456211168365,-1.9423123426856141,1.2702797867600273;-0.3657599985599518,-0.10898908972740173,0.0;1.0,0.0,0.0,0.0
0.0;-5.659651096495937,1.1002204246964353,-1.3449499219449847,-2.6924403563929045,-6.504152909518546,-1.955355026953373,1.27248681759004;-0.3657599985599518,-0.11268365383148193,0.0;1.0,0.0,0.0,0.0
0.0;-5.679238720076668,1.104764085690979,-1.3458536764935711,-2.6863185747802385,-6.511960441548645,-1.9681980346084047,1.2746118175908723;-0.3657599985599518,-0.11637818813323975,0.0;1.0,0.0,0.0,0.0
0.0;-5.698602177824315,1.1092602066981996,-1.3467036295454533,-2.680095572439689,-6.519543971466884,-1.9808179010006703,1.2766530007396903;-0.3657599985599518,-0.12007275223731995,0.0;1.0,0.0,0.0,0.0
0.0;-5.717685159990745,1.113693348065997,-1.3474869843990558,-2.6737670402119535,-6.526865969855194,-1.9931247767555564,1.2786124072834897;-0.3657599985599518,-0.12376728653907776,0.0;1.0,0.0,0.0,0.0
0.0;-5.73643131874637,1.1180462089527439,-1.3482009817842984,-2.6673284480281056,-6.533898585017784,-2.0050362613114654,1.2804952263822256;-0.3657599985599518,-0.12746185064315796,0.0;1.0,0.0,0.0,0.0
0.0;-5.754811304654756,1.1223080615783234,-1.348848798590981,-2.660776079035295,-6.540644601651013,-2.016527010938426,1.2823118381494965;-0.3657599985599518,-0.13115635514259338,0.0;1.0,0.0,0.0,0.0
0.0;-5.772814147352964,1.1264732639839408,-1.3494445137133906,-2.654126294392122,-6.547113523365385,-2.0275926588105637,1.2840682913255832;-0.3657599985599518,-0.13485091924667358,0.0;1.0,0.0,0.0,0.0
0.0;-5.790443178056351,1.1305408337627805,-1.34999819528268,-2.6473853514745076,-6.553324083636572,-2.038243153750116,1.285773617629878;-0.3657599985599518,-0.1385454535484314,0.0;1.0,0.0,0.0,0.0
0.0;-5.807711812209791,1.1345120338473926,-1.3505163306413435,-2.640551445763855,-6.55929432391501,-2.048488067616185,1.2874378055191185;-0.3657599985599518,-0.1422400176525116,0.0;1.0,0.0,0.0,0.0
0.0;-5.824628883405055,1.1383866072135778,-1.3510041197850364,-2.6336271207645794,-6.565034133580348,-2.058331270899956,1.2890673732511657;-0.3657599985599518,-0.1459345519542694,0.0;1.0,0.0,0.0,0.0
0.0;-5.841199333094198,1.1421640493818814,-1.3514634253967777,-2.6266162981042824,-6.570551493506133,-2.0677786476965245,1.2906673895698269;-0.3657599985599518,-0.1496291309595108,0.0;1.0,0.0,0.0,0.0
0.0;-5.857429886580223,1.145844727977732,-1.3518949395623678,-2.6195229973467913,-6.575854190249637,-2.076838096017457,1.29224220637976;-0.3657599985599518,-0.15332365036010742,0.0;1.0,0.0,0.0,0.0
0.0;-5.873329843348569,1.1494297107556422,-1.3522991307022112,-2.61235004150594,-6.5809500464526165,-2.0855183026796706,1.2937959699777517;-0.3657599985599518,-0.15701818466186523,0.0;1.0,0.0,0.0,0.0
0.0;-5.888910279407353,1.1529206372040801,-1.3526760754905414,-2.6050988501491377,-6.5858472871893365,-2.093829224813218,1.2953327768639051;-0.3657599985599518,-0.16071274876594543,0.0;1.0,0.0,0.0,0.0
0.0;-5.904182305938669,1.1563193361227535,-1.3530258701223057,-2.5977716539427527,-6.590553520676343,-2.101781406797256,1.2968559397272783;-0.3657599985599518,-0.16440728306770325,0.0;1.0,0.0,0.0,0.0
0.0;-5.919156540490371,1.1596277290800565,-1.353348363946388,-2.590371170231339,-6.595075783876271,-2.1093856604016885,1.2983681635921707;-0.3657599985599518,-0.16810184717178345,0.0;1.0,0.0,0.0,0.0
0.0;-5.933843641792529,1.162847949728836,-1.3536429999910147,-2.582899639855591,-6.599420900954707,-2.116652907036179,1.2998719210852714;-0.3657599985599518,-0.17179638147354126,0.0;1.0,0.0,0.0,0.0
0.0;-5.94825429321892,1.165982229495912,-1.3539091636003042,-2.575358984788707,-6.603595255729069,-2.123593626080926,1.3013694148570232;-0.3657599985599518,-0.17549091577529907,0.0;1.0,0.0,0.0,0.0
0.0;-5.962398826445735,1.1690328232379015,-1.3541462310093242,-2.567751022307242,-6.607604889672954,-2.130217985869517,1.302862590914861;-0.3657599985599518,-0.17918545007705688,0.0;1.0,0.0,0.0,0.0
0.0;-5.976287206559461,1.1720020137505183,-1.3543536266589695,-2.56007755635402,-6.611455622510793,-2.1365359860409674,1.3043531695593504;-0.3657599985599518,-0.1828799992799759,0.0;1.0,0.0,0.0,0.0
0.0;-5.98311105727236,1.173902028148113,-1.3539248552857817,-2.5526906376255716,-6.6121552798016525,-2.139555315046309,1.3039631447247337;-0.3621385991573334,-0.1828799992799759,0.0;1.0,0.0,0.0,0.0
0.0;-5.983316404545859,1.1743937712492725,-1.3515816442341064,-2.549371554434047,-6.611028834449807,-2.1370777951394824,1.3042066514896957;-0.35851722955703735,-0.1828799992799759,0.0;1.0,0.0,0.0,0.0
0.0;-5.9793984913665374,1.1731880995564514,-1.3476775098495002,-2.544267732372358,-6.606082810644287,-2.126407489648441,1.3048836936028714;-0.35489583015441895,-0.1828799992799759,0.0;1.0,0.0,0.0,0.0
0.0;-5.973177754723047,1.1720569394416545,-1.3437649691971911,-2.5367063127997307,-6.600593444757897,-2.1126719376191057,1.3054381712940804;-0.3512744605541229,-0.1828799992799759,0.0;1.0,0.0,0.0,0.0
0.0;-5.966278158405508,1.1703515183236657,-1.3407562419372447,-2.529735110712982,-6.595652468946425,-2.0994402239078043,1.3063084620577365;-0.3476530611515045,-0.1828799992799759,0.0;1.0,0.0,0.0,0.0
0.0;-5.95910163415815,1.168252547870785,-1.338595058863461,-2.523855344055592,-6.591177423688467,-2.086635097728885,1.3073898696082893;-0.3440316617488861,-0.1828799992799759,0.0;1.0,0.0,0.0,0.0
0.0;-5.951665038808171,1.1662220442031974,-1.3368218485181498,-2.5179710771273323,-6.5869330598011535,-2.073281751951497,1.3085321336454072;-0.3404102921485901,-0.1828799992799759,0.0;1.0,0.0,0.0,0.0
0.0;-5.944163895511302,1.1642306051544584,-1.335118180077698,-2.511572908543277,-6.5827319942127795,-2.0593187289737998,1.309797911158837;-0.3367888927459717,-0.1828799992799759,0.0;1.0,0.0,0.0,0.0
0.0;-5.936736379554971,1.162224692105352,-1.3334264473490385,-2.504957273276009,-6.578561461352777,-2.045296975336288,1.311127427881288;-0.33316752314567566,-0.1828799992799759,0.0;1.0,0.0,0.0,0.0
0.0;-5.929429418370841,1.1602985275880493,-1.33179493505609,-2.498432424144626,-6.574486645819316,-2.0315489624650884,1.3123862235445;-0.32954612374305725,-0.1828799992799759,0.0;1.0,0.0,0.0,0.0
0.0;-5.922307125218298,1.1584940709050213,-1.330228034576032,-2.4919569346744543,-6.570525993294382,-2.018032457030533,1.3135744942417942;-0.32592475414276123,-0.1828799992799759,0.0;1.0,0.0,0.0,0.0
0.0;-5.915430619469898,1.1567887247277366,-1.3286903993348214,-2.485369282533634,-6.5666638348251904,-2.0046290133932527,1.3147609843876074;-0.3223033547401428,-0.1828799992799759,0.0;1.0,0.0,0.0,0.0
0.0;-5.908803290642967,1.1551776610156737,-1.3271620026099555,-2.478635192849539,-6.562892507700072,-1.9913381498840281,1.3159526426293904;-0.3186819553375244,-0.1828799992799759,0.0;1.0,0.0,0.0,0.0
0.0;-5.902398151071981,1.153668639653225,-1.3256430568306978,-2.4718236738319765,-6.559207925376351,-1.9782235485790536,1.3171149830891489;-0.3150605857372284,-0.1828799992799759,0.0;1.0,0.0,0.0,0.0
0.0;-5.896204770098346,1.1522590218522972,-1.3241319770570443,-2.4649753195487323,-6.555599779641079,-1.9653022624184393,1.3182359428584853;-0.31143918633461,-0.1828799992799759,0.0;1.0,0.0,0.0,0.0
0.0;-5.890229491800908,1.1509438998073558,-1.3226211071911524,-2.458069956080533,-6.552059874804582,-1.9525430544092963,1.3193267298236384;-0.30781781673431396,-0.1828799992799759,0.0;1.0,0.0,0.0,0.0
0.0;-5.884475852844741,1.1497224053854935,-1.3211058601048424,-2.4510829703825263,-6.54858813056495,-1.9399269533659746,1.320395585781551;-0.30419641733169556,-0.1828799992799759,0.0;1.0,0.0,0.0,0.0
0.0;-5.8789398283784715,1.1485931812456913,-1.3195874385244482,-2.444018825189417,-6.545187156895278,-1.9274634449646157,1.3214414288895455;-0.30057501792907715,-0.1828799992799759,0.0;1.0,0.0,0.0,0.0
0.0;-5.873615799386927,1.1475530580085902,-1.3180677759375286,-2.4368921627029487,-6.541856441863096,-1.9151620078357827,1.3224620060876693;-0.29695364832878113,-0.1828799992799759,0.0;1.0,0.0,0.0,0.0
0.0;-5.868499695876273,1.146599213015066,-1.31654617335456,-2.4297059826506535,-6.538592723385628,-1.903016440005086,1.3234584592573038;-0.2933322489261627,-0.1828799992799759,0.0;1.0,0.0,0.0,0.0
0.0;-5.863587780800979,1.145729414740357,-1.3150207693001876,-2.4224555003841846,-6.535392979552712,-1.8910157550837763,1.3244334488572975;-0.2897108793258667,-0.1828799992799759,0.0;1.0,0.0,0.0,0.0
0.0;-5.858875555083411,1.144941287975988,-1.313490796593746,-2.4151394877507513,-6.5322556796153295,-1.8791553546629796,1.3253885698096908;-0.2860894799232483,-0.1828799992799759,0.0;1.0,0.0,0.0,0.0
0.0;-5.854358412905128,1.1442323699177404,-1.311956680543159,-2.4077614158649028,-6.5291799366911025,-1.8674348609903801,1.326324363991854;-0.28246811032295227,-0.1828799992799759,0.0;1.0,0.0,0.0,0.0
0.0;-5.850032308113398,1.143600432429514,-1.310418819191945,-2.400324013012015,-6.5261645778869894,-1.8558521994589503,1.3272415845971892;-0.27884671092033386,-0.1828799992799759,0.0;1.0,0.0,0.0,0.0
0.0;-5.845893527640726,1.1430434157336278,-1.3088771066940632,-2.3928276161825366,-6.523208076360615,-1.844402875901469,1.328141552135668;-0.27522534132003784,-0.1828799992799759,0.0;1.0,0.0,0.0,0.0
0.0;-5.841938122829008,1.1425592983939497,-1.3073313130428317,-2.3852721455379693,-6.520308932899773,-1.8330825487439137,1.3290255661727668;-0.27160394191741943,-0.1828799992799759,0.0;1.0,0.0,0.0,0.0
0.0;-5.838161925537536,1.1421460779605197,-1.3057814600933593,-2.377658608321572,-6.517465792221626,-1.8218880286817905,1.3298945736019605;-0.267982542514801,-0.1828799992799759,0.0;1.0,0.0,0.0,0.0
0.0;-5.834560844569709,1.1418018180435232,-1.3042277391611448,-2.369988479038583,-6.514677369525424,-1.810816508286259,1.3307493758369944;-0.264361172914505,-0.1828799992799759,0.0;1.0,0.0,0.0,0.0
0.0;-5.831131036495029,1.141524703523542,-1.3026703014707823,-2.3622626835057723,-6.511942374059731,-1.7998647467116653,1.3315908668357135;-0.2607397735118866,-0.1828799992799759,0.0;1.0,0.0,0.0,0.0
0.0;-5.827868791653401,1.141312997566294,-1.3011092514015985,-2.3544818279576556,-6.509259524143687,-1.7890292852017842,1.332420000645679;-0.2571184039115906,-0.1828799992799759,0.0;1.0,0.0,0.0,0.0
0.0;-5.824770370419718,1.1411650234434907,-1.299544717038303,-2.346646540296508,-6.506627598435044,-1.778306920882033,1.3332376449844683;-0.25349700450897217,-0.1828799992799759,0.0;1.0,0.0,0.0,0.0
0.0;-5.821832074882019,1.141079150961415,-1.2979768982940612,-2.338757692810752,-6.504045407145179,-1.7676946807844134,1.3340445734630766;-0.24987563490867615,-0.1828799992799759,0.0;1.0,0.0,0.0,0.0
0.0;-5.819050289458131,1.1410538215229784,-1.2964060039244274,-2.330816041973185,-6.50151178083195,-1.7571896013921646,1.334841526331428;-0.24625423550605774,-0.1828799992799759,0.0;1.0,0.0,0.0,0.0
0.0;-5.816421517078275,1.1410875394577416,-1.2948322412447975,-2.3228222533264566,-6.499025564442665,-1.7467886650064854,1.335629242634993;-0.24263285100460052,-0.1828799992799759,0.0;1.0,0.0,0.0,0.0
0.0;-5.813942313743737,1.1411788640323295,-1.2932558251759225,-2.3147769366640985,-6.496585648206441,-1.7364889558924943,1.3364084256800628;-0.2390114665031433,-0.1828799992799759,0.0;1.0,0.0,0.0,0.0
0.0;-5.811609311286534,1.1413264095558906,-1.2916769933123897,-2.306680703471109,-6.494190956291377,-1.7262876522347494,1.3371797337579647;-0.2353900820016861,-0.1828799992799759,0.0;1.0,0.0,0.0,0.0
0.0;-5.809419221200931,1.1415288401974126,-1.2900959924906008,-2.298534142082868,-6.491840436846559,-1.7161819852117726,1.3379437945956778;-0.23176869750022888,-0.1828799992799759,0.0;1.0,0.0,0.0,0.0
0.0;-5.807368831092237,1.141784869333277,-1.2885130730890713,-2.2903377988793796,-6.489533064171437,-1.7061692350380089,1.338701208533705;-0.22814731299877167,-0.1828799992799759,0.0;1.0,0.0,0.0,0.0
0.0;-5.805455005541318,1.1420932589370723,-1.2869284915964252,-2.2820921841038446,-6.487267840895833,-1.6962467379486939,1.3394525461566522;-0.22452592849731445,-0.1828799992799759,0.0;1.0,0.0,0.0,0.0
0.0;-5.803674685529353,1.1424528155671727,-1.285342510474991,-2.273797780993542,-6.485043798265917,-1.686411892892564,1.340198349484471;-0.22090454399585724,-0.1828799992799759,0.0;1.0,0.0,0.0,0.0
0.0;-5.802024889843302,1.1428623910792022,-1.283755393484832,-2.265455024273361,-6.482859992619219,-1.6766621443007974,1.340939134766106;-0.21728314459323883,-0.1828799992799759,0.0;1.0,0.0,0.0,0.0
0.0;-5.800502710187672,1.143320869064448,-1.2821674150762374,-2.2570643907406143,-6.4807155119231625,-1.6669950329027623,1.3416753909702133;-0.2136617749929428,-0.1828799992799759,0.0;1.0,0.0,0.0,0.0
0.0;-5.7991053087117,1.1438271813769116,-1.2805788493863268,-2.248626268698559,-6.478609473329713,-1.6574081501858744,1.3424075764961638;-0.2100403904914856,-0.1828799992799759,0.0;1.0,0.0,0.0,0.0
0.0;-5.797829946697725,1.144380301868699,-1.2789899646658176,-2.240141002514345,-6.476541006220397,-1.6478990836347571,1.3431361382053495;-0.20641900599002838,-0.1828799992799759,0.0;1.0,0.0,0.0,0.0
0.0;-5.796673938603793,1.1449792331097368,-1.2774010267712792,-2.231608928422055,-6.474509268364405,-1.6384655027518589,1.343861499244229;-0.20279762148857117,-0.1828799992799759,0.0;1.0,0.0,0.0,0.0
0.0;-5.795634664782822,1.1456230115316373,-1.2758123104137244,-2.223030381585321,-6.472513447231059,-1.629105159757338,1.344584051248563;-0.19917623698711395,-0.1828799992799759,0.0;1.0,0.0,0.0,0.0
0.0;-5.794709587770113,1.1463107092958928,-1.2742240896114752,-2.214405663094912,-6.470552751900681,-1.6198158451549196,1.3453041674136568;-0.19555485248565674,-0.1828799992799759,0.0;1.0,0.0,0.0,0.0
0.0;-5.7938962450503055,1.1470414313901123,-1.2726366309937673,-2.205735032244008,-6.468626412321026,-1.6105953853786377,1.3460222070067138;-0.19193346798419952,-0.1828799992799759,0.0;1.0,0.0,0.0,0.0
0.0;-5.793192240565906,1.1478143136728287,-1.2710501982704845,-2.1970187238223713,-6.466733681080224,-1.6014416585628586,1.3467385094903772;-0.1883120834827423,-0.1828799992799759,0.0;1.0,0.0,0.0,0.0
0.0;-5.792595243879509,1.1486285208015172,-1.2694650543783286,-2.1882569562190683,-6.464873832719368,-1.5923525974236372,1.3474533938576227;-0.1846906989812851,-0.1828799992799759,0.0;1.0,0.0,0.0,0.0
0.0;-5.7921029943976166,1.149483248680984,-1.2678814563816465,-2.179449902583872,-6.463046159804516,-1.5833261654498578,1.3481671632084749;-0.1810692995786667,-0.1828799992799759,0.0;1.0,0.0,0.0,0.0
0.0;-5.7917132965386475,1.1503777139514093,-1.2662996608608403,-2.1705977573811834,-6.461249977635494,-1.574360392914636,1.3488801057759898;-0.17744791507720947,-0.1828799992799759,0.0;1.0,0.0,0.0,0.0
0.0;-5.791424010061094,1.1513111604742965,-1.264719923591254,-2.1617006823659697,-6.459484626974531,-1.5654533731283393,1.3495924878914858;-0.17382653057575226,-0.1828799992799759,0.0;1.0,0.0,0.0,0.0
0.0;-5.7912330762221025,1.1522828638861131,-1.2631424925230865,-2.152758790250358,-6.457749461160542,-1.5566032055914494,1.350304566429299;-0.17020514607429504,-0.1828799992799759,0.0;1.0,0.0,0.0,0.0
0.0;-5.791138496646508,1.1532921233491757,-1.261567604936588,-2.1437721631330144,-6.45604384947658,-1.547808022040139,1.3510165890215122;-0.16658376157283783,-0.1828799992799759,0.0;1.0,0.0,0.0,0.0
0.0;-5.791138326679988,1.1543382625617795,-1.2599954940377136,-2.1347408549804023,-6.454367179941962,-1.5390659977444934,1.3517287860936997;-0.16296236217021942,-0.1828799992799759,0.0;1.0,0.0,0.0,0.0
0.0;-5.791230679102967,1.1554206202057178,-1.2584263956039472,-2.1256649552282623,-6.4527188618231985,-1.5303753788461973,1.3524413735432164;-0.1593409776687622,-0.1828799992799759,0.0;1.0,0.0,0.0,0.0
0.0;-5.791413718959235,1.1565385577275211,-1.2568605424587784,-2.1165445186886305,-6.451098325950105,-1.5217344626374518,1.3531545511475558;-0.155719593167305,-0.1828799992799759,0.0;1.0,0.0,0.0,0.0
0.0;-5.791685689632231,1.1576914662212663,-1.255298156635341,-2.107379543788935,-6.449505012550117,-1.5131415400061807,1.3538685140875557;-0.15209820866584778,-0.1828799992799759,0.0;1.0,0.0,0.0,0.0
0.0;-5.792044888239519,1.1588787571252055,-1.2537394487619855,-2.0981699988234843,-6.447938375614297,-1.5045949288404756,1.3545834509384118;-0.14847682416439056,-0.1828799992799759,0.0;1.0,0.0,0.0,0.0
0.0;-5.792489655356771,1.1600998581435682,-1.25218462839062,-2.088915852885062,-6.446397888266565,-1.4960930045658853,1.3552995347563235;-0.14485543966293335,-0.1828799992799759,0.0;1.0,0.0,0.0,0.0
0.0;-5.79301838567206,1.1613542154561767,-1.2506339036707872,-2.0796170649450696,-6.444883039793619,-1.4876341834428786,1.356016926433511;-0.14123405516147614,-0.1828799992799759,0.0;1.0,0.0,0.0,0.0
0.0;-5.793629532318742,1.1626412956119236,-1.2490874751795231,-2.0702735640068135,-6.443393332865108,-1.479216904742789,1.3567357807080234;-0.13761267066001892,-0.1828799992799759,0.0;1.0,0.0,0.0,0.0
0.0;-5.794321605122136,1.1639605889494171,-1.2475455331662253,-2.060885226643805,-6.441928281734361,-1.4708396167344149,1.357456246080369;-0.1339912712574005,-0.1828799992799759,0.0;1.0,0.0,0.0,0.0
0.0;-5.795093160232558,1.165311596104206,-1.246008265967238,-2.051451957711485,-6.44048741736165,-1.462500824219398,1.3581784632843403;-0.1303698867559433,-0.1828799992799759,0.0;1.0,0.0,0.0,0.0
0.0;-5.795942788835122,1.1666938330409442,-1.2444758613594695,-2.0419736430014654,-6.439070289944116,-1.4541990855119584,1.358902557702847;-0.12674850225448608,-0.1828799992799759,0.0;1.0,0.0,0.0,0.0
0.0;-5.796869148825951,1.16810683666383,-1.2429485006703207,-2.032450141835265,-6.4376764578791414,-1.4459329634598643,1.3596286520518361;-0.12312713265419006,-0.1828799992799759,0.0;1.0,0.0,0.0,0.0
0.0;-5.7978709491637055,1.1695501688237877,-1.2414263497333997,-2.022881231825044,-6.436305487319953,-1.4377010105254762,1.360356866472774;-0.11950574815273285,-0.1828799992799759,0.0;1.0,0.0,0.0,0.0
0.0;-5.798946948793366,1.171023405849607,-1.2399095682425718,-2.013266689347652,-6.434956955078372,-1.4295018029512414,1.361087317640717;-0.11588436365127563,-0.1828799992799759,0.0;1.0,0.0,0.0,0.0
0.0;-5.800095930104824,1.1725261301124856,-1.2383983180794458,-2.003606312129795,-6.433630458395889,-1.421333989428062,1.3618201088521447;-0.11226297914981842,-0.1828799992799759,0.0;1.0,0.0,0.0,0.0
0.0;-5.801316728145461,1.1740579438610363,-1.236892758313283,-1.9938998599716435,-6.432325605367207,-1.413196231006819,1.3625553358485136;-0.10864157974720001,-0.1828799992799759,0.0;1.0,0.0,0.0,0.0
0.0;-5.802608229489257,1.1756184585645142,-1.235393042273496,-1.9841471132782806,-6.431042015181759,-1.4050872228867226,1.3632930959729403;-0.10502021014690399,-0.1828799992799759,0.0;1.0,0.0,0.0,0.0
0.0;-5.803969355694859,1.1772073135873053,-1.2338993121554385,-1.9743477394693791,-6.429779317829005,-1.39700565031442,1.3640334758107713;-0.10139880329370499,-0.1828799992799759,0.0;1.0,0.0,0.0,0.0
0.0;-5.805399095159964,1.1788241562591246,-1.232411706552512,-1.9645014561049297,-6.428537148244191,-1.388950217678603,1.3647765686136604;-0.09777743369340897,-0.1828799992799759,0.0;1.0,0.0,0.0,0.0
0.0;-5.806896436367636,1.180468646489545,-1.2309303591581193,-1.9546079183218963,-6.427315161781561,-1.3809196786465052,1.3655224507892667;-0.09415603429079056,-0.1828799992799759,0.0;1.0,0.0,0.0,0.0
0.0;-5.808460442917945,1.1821404581483819,-1.2294554043400594,-1.9446668101383973,-6.426113017859272,-1.3729127905750313,1.3662712019427872;-0.09053466469049454,-0.1828799992799759,0.0;1.0,0.0,0.0,0.0
0.0;-5.810090198313945,1.183839283732219,-1.227986963642184,-1.934677725127741,-6.424930388084386,-1.3649283197120528,1.3670228952224264;-0.08691326528787613,-0.1828799992799759,0.0;1.0,0.0,0.0,0.0
0.0;-5.811784844744738,1.1855648236241798,-1.2265251587203383,-1.9246403039210198,-6.423766951967991,-1.3569650581207837,1.3677776066869323;-0.0832919031381607,-0.1828799992799759,0.0;1.0,0.0,0.0,0.0
0.0;-5.813543536403759,1.1873167967145615,-1.22507010414411,-1.9145540961835439,-6.422622403499132,-1.3490218129964435,1.3685353996116336;-0.0796705037355423,-0.1828799992799759,0.0;1.0,0.0,0.0,0.0
0.0;-5.815365501384049,1.1890949337179426,-1.2236219113398548,-1.9044186805953849,-6.4214964380801955,-1.3410973889038045,1.369296346273578;-0.07604913413524628,-0.1828799992799759,0.0;1.0,0.0,0.0,0.0
0.0;-5.817249975504092,1.1908989854678038,-1.2221806801328605,-1.8942335263620704,-6.420388764779776,-1.3331905961189932,1.3700605085745794;-0.07242770493030548,-0.1828799992799759,0.0;1.0,0.0,0.0,0.0
0.0;-5.8191962547213745,1.1927286989385428,-1.2207465174955632,-1.8839982226660796,-6.419299101624876,-1.3253002985655153,1.370827955023187;-0.06880633533000946,-0.1828799992799759,0.0;1.0,0.0,0.0,0.0
0.0;-5.821203611338826,1.194583829738926,-1.21931952969814,-1.873712285979416,-6.41822719050069,-1.317425419461659,1.371598732177908;-0.06518493592739105,-0.1828799992799759,0.0;1.0,0.0,0.0,0.0
0.0;-5.82327143061277,1.1964641646418719,-1.2178998146304356,-1.8633751844532331,-6.417172761757352,-1.3095648005800284,1.3723729021434394;-0.06156356260180473,-0.1828799992799759,0.0;1.0,0.0,0.0,0.0
0.0;-5.825399105973145,1.198369506160968,-1.2164874509888828,-1.8529862927943082,-6.4161355556302,-1.3017172840848368,1.3731505277289051;-0.057942163199186325,-0.1828799992799759,0.0;1.0,0.0,0.0,0.0
0.0;-5.827586064907077,1.2002996563864694,-1.2150825265137957,-1.842545058302865,-6.415115326764573,-1.2938817663529871,1.373931667907993;-0.0543207973241806,-0.1828799992799759,0.0;1.0,0.0,0.0,0.0
0.0;-5.829831742659311,1.2022544292477007,-1.2136851283452854,-1.8320508645905929,-6.414111843880177,-1.2860571658070186,1.3747163697152545;-0.050699397921562195,-0.1828799992799759,0.0;1.0,0.0,0.0,0.0
0.0;-5.832135653639616,1.2042336545837984,-1.2122953372442147,-1.8215030950926867,-6.41312487310472,-1.2782423747596823,1.375504694073585;-0.047078028321266174,-0.1828799992799759,0.0;1.0,0.0,0.0,0.0
0.0;-5.834497310325715,1.2062371761063457,-1.2109132252065629,-1.8109010555193517,-6.412154195840431,-1.2704363036993265,1.3762966933698437;-0.043456628918647766,-0.1828799992799759,0.0;1.0,0.0,0.0,0.0
0.0;-5.836916286729224,1.208264847291469,-1.2095388675349446,-1.8002440771667079,-6.411199597699372,-1.2626378655433617,1.377092424752556;-0.039835259318351746,-0.1828799992799759,0.0;1.0,0.0,0.0,0.0
0.0;-5.839392157897821,1.210316532066816,-1.2081723329675125,-1.7895314232369444,-6.410260877314486,-1.2548459912368681,1.377891938716533;-0.03621385991573334,-0.1828799992799759,0.0;1.0,0.0,0.0,0.0
0.0;-5.841924573467868,1.212392116108112,-1.206813685916952,-1.7787623226635094,-6.40933783221851,-1.2470595722120623,1.3786952945306028;-0.03259246051311493,-0.1828799992799759,0.0;1.0,0.0,0.0,0.0
0.0;-5.8445131752793635,1.214491476353849,-1.2054629917295538,-1.7679360512852709,-6.408430279113649,-1.2392775766277344,1.3795025483156393;-0.02897109091281891,-0.1828799992799759,0.0;1.0,0.0,0.0,0.0
0.0;-5.847157632555262,1.2166145109490283,-1.2041203171273465,-1.7570517989608636,-6.407538043885646,-1.231498956696495,1.3803137455820929;-0.0253496915102005,-0.1828799992799759,0.0;1.0,0.0,0.0,0.0
0.0;-5.849857703464491,1.218761140295481,-1.202785717590769,-1.746108715044757,-6.406660944599695,-1.2237226062495896,1.3811289515892737;-0.02172832190990448,-0.1828799992799759,0.0;1.0,0.0,0.0,0.0
0.0;-5.852613126818992,1.2209312918467097,-1.2014592413683935,-1.735105889238926,-6.405798817911078,-1.2159474532562398,1.3819482233425353;-0.018106922507286072,-0.1828799992799759,0.0;1.0,0.0,0.0,0.0
0.0;-5.8554237106656,1.223124910095151,-1.2001409415763369,-1.7240423977799333,-6.404951503584185,-1.2081724019602345,1.382771621825756;-0.014485523104667664,-0.1828799992799759,0.0;1.0,0.0,0.0,0.0
0.0;-5.858289255317509,1.2253419282411337,-1.1988308715968392,-1.7129173641311581,-6.404118858296925,-1.2003964292751468,1.3835992085254063;-0.010864153504371643,-0.1828799992799759,0.0;1.0,0.0,0.0,0.0
0.0;-5.861209589546606,1.2275823031389521,-1.1975290845587823,-1.70172981608584,-6.403300747119391,-1.192618485511419,1.3844310361412835;-0.007242754101753235,-0.1828799992799759,0.0;1.0,0.0,0.0,0.0
0.0;-5.864184637825818,1.229846018952245,-1.196235623024559,-1.6904787191652946,-6.402497026737889,-1.184837447309249,1.3852671773534089;-0.0036213845014572144,-0.1828799992799759,0.0;1.0,0.0,0.0,0.0
0.0;-5.867214295746989,1.232133059558101,-1.1949505242255378,-1.6791630043172932,-6.401707574224313,-1.1770522415228695,1.386107698235696;0.0,-0.1828799992799759,0.0;1.0,0.0,0.0,0.0
0.0;-5.863703830706709,1.2323673054668356,-1.193647033929325,-1.676067021017565,-6.400502323382072,-1.1717941575724407,1.3859107810545541;0.0,-0.17922239005565643,0.0;1.0,0.0,0.0,0.0
0.0;-5.85565829498835,1.2308234089158567,-1.1935805891045639,-1.6798997315980828,-6.398483209429184,-1.167581246986996,1.383947367086897;0.0,-0.17556479573249817,0.0;1.0,0.0,0.0,0.0
0.0;-5.8461393226265645,1.2287727243313695,-1.1939288783038045,-1.6857782116530802,-6.395739133098219,-1.1635357733871354,1.381162528833831;0.0,-0.1719071865081787,0.0;1.0,0.0,0.0,0.0
0.0;-5.837472009486861,1.227149014759196,-1.1938671407112467,-1.6904335073769232,-6.3928116619433135,-1.1597739671954006,1.3786157816151774;0.0,-0.16824959218502045,0.0;1.0,0.0,0.0,0.0
0.0;-5.829769203491802,1.2259862755609594,-1.1935982844543913,-1.6938572771774552,-6.390003046394984,-1.1560727075830495,1.3762797061950705;0.0,-0.164591982960701,0.0;1.0,0.0,0.0,0.0
0.0;-5.822123601957266,1.2248645206653441,-1.1933614619660031,-1.6971009448477736,-6.387196778513743,-1.1521250344687026,1.373938570381009;0.0,-0.16093438863754272,0.0;1.0,0.0,0.0,0.0
0.0;-5.81407550431668,1.2235817719254583,-1.1931977697658802,-1.700686514042023,-6.3842634442380675,-1.147901000719787,1.3715084034389866;0.0,-0.15727677941322327,0.0;1.0,0.0,0.0,0.0
0.0;-5.805794953593134,1.2222294987028792,-1.1930849744560312,-1.7044600077838157,-6.381242220560514,-1.1436040944237116,1.3689910765535553;0.0,-0.153619185090065,0.0;1.0,0.0,0.0,0.0
0.0;-5.79758010037276,1.2209221559443006,-1.1929635696538459,-1.7081327242932443,-6.378195864951809,-1.1393803900015984,1.366465018077129;0.0,-0.14996159076690674,0.0;1.0,0.0,0.0,0.0
0.0;-5.789504118011205,1.21968098467873,-1.1928081502439907,-1.7116211418315852,-6.375133249027721,-1.1351913907188749,1.3639695562049776;0.0,-0.14630398154258728,0.0;1.0,0.0,0.0,0.0
0.0;-5.781473907858926,1.2184763950329718,-1.192644478782729,-1.714986836782812,-6.37203764733164,-1.1309371409779003,1.3614747992628071;0.0,-0.14264638721942902,0.0;1.0,0.0,0.0,0.0
0.0;-5.77341681548041,1.217282049107159,-1.1924907713629482,-1.7182889403740427,-6.368893276868812,-1.1265796497234357,1.3589575871884696;0.0,-0.13898879289627075,0.0;1.0,0.0,0.0,0.0
0.0;-5.765338602765778,1.216097393686797,-1.19234285873332,-1.7215320360803996,-6.365699675883892,-1.1221456129463265,1.3564223220347833;0.0,-0.1353311836719513,0.0;1.0,0.0,0.0,0.0
0.0;-5.757273145423034,1.2149352987850326,-1.1921943243736683,-1.7246945765783808,-6.362466457036773,-1.1176688357189475,1.3538774127784188;0.0,-0.13167358934879303,0.0;1.0,0.0,0.0,0.0
0.0;-5.749234762487281,1.2138016896358064,-1.1920433675082873,-1.7277653111910192,-6.359197699039775,-1.1131557865997186,1.3513259800031479;0.0,-0.12801599502563477,0.0;1.0,0.0,0.0,0.0
0.0;-5.741215983242666,1.2126939710814175,-1.191891368519244,-1.7307480392633086,-6.355890266111482,-1.1085945878293806,1.3487664206835337;0.0,-0.12435838580131531,0.0;1.0,0.0,0.0,0.0
0.0;-5.733207287785521,1.2116092969534895,-1.1917406904549166,-1.733648563319238,-6.352541039164929,-1.103976465766932,1.346195525188876;0.0,-0.12070079147815704,0.0;1.0,0.0,0.0,0.0
0.0;-5.725207789530079,1.2105477750849472,-1.191592014659295,-1.7364676923995461,-6.349149594984889,-1.0993025795701887,1.3436124658680517;0.0,-0.11704318970441818,0.0;1.0,0.0,0.0,0.0
0.0;-5.717221620052552,1.2095109901262515,-1.1914446702000967,-1.739203405489577,-6.345716795472242,-1.0945778196313707,1.3410183804884512;0.0,-0.11338558793067932,0.0;1.0,0.0,0.0,0.0
0.0;-5.7092514973777035,1.208500172523973,-1.191298445050217,-1.7418544024517741,-6.342243214807926,-1.0898046830710666,1.3384138560980885;0.0,-0.10972798615694046,0.0;1.0,0.0,0.0,0.0
0.0;-5.7012973529819595,1.2075156530803486,-1.1911538241151065,-1.7444208941243007,-6.338728598595869,-1.0849828085282285,1.3357985397831387;0.0,-0.10607039928436279,0.0;1.0,0.0,0.0,0.0
0.0;-5.693358343573445,1.206557469188675,-1.1910113527509425,-1.746903489597596,-6.335172350407781,-1.080111371837134,1.3331719318164843;0.0,-0.10241279751062393,0.0;1.0,0.0,0.0,0.0
0.0;-5.685434494349682,1.2056259722029208,-1.1908714106945923,-1.7493023153148315,-6.331574132760136,-1.0751905707993294,1.3305337672570097;0.0,-0.09875519573688507,0.0;1.0,0.0,0.0,0.0
0.0;-5.677526588100653,1.204721782514838,-1.1907342476139144,-1.751617092233278,-6.3279338864496415,-1.0702213445517164,1.3278840013935507;0.0,-0.09509759396314621,0.0;1.0,0.0,0.0,0.0
0.0;-5.669635426391458,1.203845509169856,-1.1906001148660654,-1.7538475774515279,-6.324251570245926,-1.0652045660252538,1.325222627769305;0.0,-0.09143999963998795,0.0;1.0,0.0,0.0,0.0
0.0;-5.661761476725268,1.2029976555480766,-1.1904693469062446,-1.7559937179586083,-6.320527049147468,-1.0601407560747904,1.322549542185924;0.0,-0.08778240531682968,0.0;1.0,0.0,0.0,0.0
0.0;-5.653905038332276,1.2021786811699264,-1.190342331055288,-1.7580555401206461,-6.316760133145662,-1.055030283893759,1.3198645795880781;0.0,-0.08412480354309082,0.0;1.0,0.0,0.0,0.0
0.0;-5.646066490728611,1.2013890748447666,-1.1902194490895324,-1.7600330274284133,-6.312950646902776,-1.049873600635083,1.3171676018641651;0.0,-0.08046720176935196,0.0;1.0,0.0,0.0,0.0
0.0;-5.638246324416894,1.2006293683670255,-1.190101064703885,-1.7619261053207416,-6.309098456057366,-1.044671269328443,1.3144585138217266;0.0,-0.0768095999956131,0.0;1.0,0.0,0.0,0.0
0.0;-5.630445067532682,1.1999001085234366,-1.1899875498736279,-1.763734692862681,-6.30520344757342,-1.0394238790093164,1.31173723549854;0.0,-0.07315200567245483,0.0;1.0,0.0,0.0,0.0
0.0;-5.6226632078688885,1.1992018339079251,-1.189879292650391,-1.7654587331102818,-6.301265504906894,-1.0341319813050087,1.3090036830417122;0.0,-0.06949441134929657,0.0;1.0,0.0,0.0,0.0
0.0;-5.614901181646134,1.198535075024599,-1.1897766971516859,-1.767098192354745,-6.297284498678738,-1.0287960836821264,1.3062577631239396;0.0,-0.06583679467439651,0.0;1.0,0.0,0.0,0.0
0.0;-5.607159489120016,1.1979003749719583,-1.1896801932521257,-1.7686530380504133,-6.293260309233314,-1.0234167158617002,1.3034993919936768;0.0,-0.06217920035123825,0.0;1.0,0.0,0.0,0.0
0.0;-5.599438623377921,1.1972982884019259,-1.1895901974690735,-1.7701232167937038,-6.2891928356208755,-1.017994434898035,1.3007285061702993;0.0,-0.05852160602807999,0.0;1.0,0.0,0.0,0.0
0.0;-5.591739079255892,1.1967293731661288,-1.1895071429198243,-1.7715086877880186,-6.2850819788881696,-1.0125297861354714,1.2979450445465288;0.0,-0.05486401170492172,0.0;1.0,0.0,0.0,0.0
0.0;-5.584061330440034,1.1961941869572306,-1.1894314772913974,-1.7728094208298215,-6.280927636995801,-1.0070232950991147,1.2951489441561703;0.0,-0.051206402480602264,0.0;1.0,0.0,0.0,0.0
0.0;-5.57640588652734,1.1956932951912236,-1.1893636671697798,-1.7740253907893089,-6.276729714959993,-1.001475496845149,1.2923401517066766;0.0,-0.0475488044321537,0.0;1.0,0.0,0.0,0.0
0.0;-5.568773256031154,1.1952272705152154,-1.1893041779839537,-1.7751565644308693,-6.272488131730132,-0.9958869404546546,1.289518628974824;0.0,-0.04389121010899544,0.0;1.0,0.0,0.0,0.0
0.0;-5.5611639296230155,1.194796686586307,-1.1892534860075936,-1.7762029171547995,-6.268202807601702,-0.9902581590261842,1.2866843401493213;0.0,-0.04023360460996628,0.0;1.0,0.0,0.0,0.0
0.0;-5.55357842344773,1.1944021216427119,-1.1892120909534978,-1.7771644352968872,-6.263873666512934,-0.9845896833725205,1.2838372539934184;0.0,-0.036576010286808014,0.0;1.0,0.0,0.0,0.0
0.0;-5.546017225386825,1.1940441558249768,-1.1891804907743657,-1.7780411017831552,-6.2595006369874175,-0.9788820387108175,1.2809773483887705;0.0,-0.032918401062488556,0.0;1.0,0.0,0.0,0.0
0.0;-5.538480859493604,1.1937233759044963,-1.1891592068026926,-1.7788329105754428,-6.255083653723948,-0.9731357527876896,1.2781046084862904;0.0,-0.029260804876685143,0.0;1.0,0.0,0.0,0.0
0.0;-5.530969823411505,1.1934403703887841,-1.189148759850293,-1.7795398514714575,-6.250622658337059,-0.9673513494076363,1.2752190286921103;0.0,-0.025603197515010834,0.0;1.0,0.0,0.0,0.0
0.0;-5.523484641680279,1.1931957319776263,-1.1891496930054009,-1.7801619272229892,-6.246117596802669,-0.9615293488381789,1.2723206101150708;0.0,-0.02194560319185257,0.0;1.0,0.0,0.0,0.0
0.0;-5.516025805285222,1.1929900531531004,-1.1891625502571102,-1.7806991388173683,-6.2415684182442055,-0.9556702591839363,1.2694093605390004;0.0,-0.01828799396753311,0.0;1.0,0.0,0.0,0.0
0.0;-5.508593839737486,1.192823931568012,-1.1891879004426773,-1.7811515007443206,-6.2369750758288545,-0.9497745867230791,1.266485294376194;0.0,-0.014630399644374847,0.0;1.0,0.0,0.0,0.0
0.0;-5.501189237074982,1.1926979650277385,-1.189226310051654,-1.7815190222456905,-6.232337527712688,-0.9438428295451686,1.2635484354080941;0.0,-0.01097279042005539,0.0;1.0,0.0,0.0,0.0
0.0;-5.493812523198351,1.1926127559930082,-1.1892783707122832,-1.7818017273235083,-6.227655735936499,-0.9378754822003329,1.2605988140682087;0.0,-0.007315196096897125,0.0;1.0,0.0,0.0,0.0
0.0;-5.486464204848375,1.1925689077296617,-1.189344675275808,-1.7819996362017059,-6.222929670219108,-0.9318730365825393,1.2576364720051263;0.0,-0.003657601773738861,0.0;1.0,0.0,0.0,0.0
0.0;-5.479144776512099,1.192567022662448,-1.1894258308140202,-1.7821127792689593,-6.218159298321337,-0.9258359626893516,1.254661454021793;0.0,0.0,0.0;1.0,0.0,0.0,0.0
