0.0;-5.852443618150361,1.552784293281349,-1.8755202995395335,1.5773976578914233,-1.5998217538841737,0.8251946412076288,-1.5520030428286875;0.0,0.0,0.0;1.0,0.0,0.0,0.0
0.0;-5.857812659621374,1.5507445816198016,-1.8749159965892945,1.5764901750323583,-1.5999043247220897,0.8382211621977829,-1.5548744737190894;0.0,0.003732245182618499,0.0;1.0,0.0,0.0,0.0
0.0;-5.857961749763695,1.548000175412789,-1.8783359983326422,1.5757898161270216,-1.6041186435300314,0.8391287119426518,-1.5554752128220997;0.0,0.007464490365236998,0.0;1.0,0.0,0.0,0.0
0.0;-5.854351959021798,1.5465151497408403,-1.881783153528524,1.5759529373565908,-1.6072529017347847,0.8323290381874919,-1.5534233578971193;0.0,0.011196735315024853,0.0;1.0,0.0,0.0,0.0
0.0;-5.848415347999394,1.5472220395349705,-1.8845937544365556,1.5771609716107982,-1.6085849806380033,0.8236520846818571,-1.5508866944766477;0.0,0.014928980730473995,0.0;1.0,0.0,0.0,0.0
0.0;-5.841982569289814,1.5487029824036254,-1.8871168425937064,1.578749566257261,-1.6089808222765447,0.8151283033196405,-1.5488073670408857;0.0,0.018661227077245712,0.0;1.0,0.0,0.0,0.0
0.0;-5.83586462547713,1.5497812356990706,-1.889897137467996,1.579926569369308,-1.60935948274923,0.8065912744692406,-1.547080745035838;0.0,0.022393470630049706,0.0;1.0,0.0,0.0,0.0
0.0;-5.829940400468909,1.5504460532931217,-1.8930293351616312,1.5807341435251763,-1.6099955141264588,0.7976167945048781,-1.5455868961619967;0.0,0.026125717908143997,0.0;1.0,0.0,0.0,0.0
0.0;-5.8239581402234375,1.5510696348386466,-1.8963087391184756,1.581448394071814,-1.6106333171603844,0.7883096304143312,-1.5442419352474295;0.0,0.02985796332359314,0.0;1.0,0.0,0.0,0.0
0.0;-5.817898691019725,1.551792607739989,-1.8995875852441038,1.5821567191358366,-1.6110715564635756,0.7789682230318923,-1.54298998627769;0.0,0.03359020873904228,0.0;1.0,0.0,0.0,0.0
0.0;-5.811866718060403,1.5525272069658105,-1.9028781238568948,1.5828193381556543,-1.611388197679105,0.7696841375814967,-1.5418366999031963;0.0,0.037322454154491425,0.0;1.0,0.0,0.0,0.0
0.0;-5.805923975887153,1.553171371158445,-1.9062417389240847,1.5833908146049434,-1.61172233142042,0.7603961674665253,-1.5407881755456687;0.0,0.04105469956994057,0.0;1.0,0.0,0.0,0.0
0.0;-5.800067623384242,1.5537101721556679,-1.909692489552169,1.5838653926109263,-1.612110543631876,0.7510747000767005,-1.5398246120797143;0.0,0.04478694498538971,0.0;1.0,0.0,0.0,0.0
0.0;-5.794280764387261,1.5541763880700794,-1.9132038791592516,1.5842670870507283,-1.61252349393255,0.7417551131719919,-1.5389260503565054;0.0,0.04851919040083885,0.0;1.0,0.0,0.0,0.0
0.0;-5.788559810270865,1.5545897035570118,-1.916754769757325,1.584614506341338,-1.612944867247251,0.7324712439075961,-1.5380830081167025;0.0,0.052251435816287994,0.0;1.0,0.0,0.0,0.0
0.0;-5.782909176119774,1.5549446867924686,-1.9203448335665747,1.5849081591572325,-1.6133866929910043,0.7232231086923193,-1.5372893651499733;0.0,0.05598367378115654,0.0;1.0,0.0,0.0,0.0
0.0;-5.777331309591997,1.5552311307122069,-1.9239801660153706,1.585143546856999,-1.6138648139464002,0.7139983148636803,-1.5365392157505733;0.0,0.05971592292189598,0.0;1.0,0.0,0.0,0.0
0.0;-5.771825494493599,1.5554475369914094,-1.9276609118576924,1.5853212107200216,-1.614383845415819,0.7047950112738013,-1.535828100329837;0.0,0.06344816833734512,0.0;1.0,0.0,0.0,0.0
0.0;-5.76639089901749,1.5555975945453224,-1.9313825879748376,1.5854447007514667,-1.6149413382528002,0.6956208985538894,-1.53515307855148;0.0,0.06718041747808456,0.0;1.0,0.0,0.0,0.0
0.0;-5.761027786913153,1.5556832933428701,-1.9351417292418507,1.5855161607700152,-1.615535966578212,0.6864821581577158,-1.5345119406453116;0.0,0.070912666618824,0.0;1.0,0.0,0.0,0.0
0.0;-5.755736552286194,1.5557039398410002,-1.9389375133900284,1.5855357245978754,-1.6161692793538731,0.6773793761000022,-1.5339028279636675;0.0,0.07464490830898285,0.0;1.0,0.0,0.0,0.0
0.0;-5.750516978671733,1.5556586161787134,-1.9427699459811532,1.5855030976967772,-1.6168429673901132,0.6683110764901276,-1.5333241942374853;0.0,0.0783771499991417,0.0;1.0,0.0,0.0,0.0
0.0;-5.745368547997751,1.5555474824947264,-1.9466383621636396,1.585418479214249,-1.6175571235480926,0.6592772260641223,-1.5327748653564808;0.0,0.08210939168930054,0.0;1.0,0.0,0.0,0.0
0.0;-5.740290916853364,1.5553712297846407,-1.950541594088352,1.585282313071298,-1.6183108650676006,0.6502791871639227,-1.5322540444033115;0.0,0.08584164083003998,0.0;1.0,0.0,0.0,0.0
0.0;-5.735283963062304,1.5551303165410433,-1.9544786553442148,1.585094807968153,-1.6191033849269318,0.6413181414672798,-1.5317611930426924;0.0,0.08957388252019882,0.0;1.0,0.0,0.0,0.0
0.0;-5.730347543361303,1.5548248947498402,-1.9584489650112888,1.5848558854399495,-1.6199341486575136,0.6323944482219319,-1.5312958954569014;0.0,0.09330613166093826,0.0;1.0,0.0,0.0,0.0
0.0;-5.725481406075581,1.554455138124316,-1.9624520822200766,1.5845653998676434,-1.6208025346044035,0.6235080774362478,-1.530857814069031;0.0,0.0970383733510971,0.0;1.0,0.0,0.0,0.0
0.0;-5.720685231548314,1.5540213920043437,-1.966487536657827,1.584223274201576,-1.6217076519616427,0.6146591017188128,-1.5304467012373038;0.0,0.10077062249183655,0.0;1.0,0.0,0.0,0.0
0.0;-5.715958736454261,1.5535241027481344,-1.9705548211897554,1.583829460757173,-1.6226484277963744,0.6058477238813307,-1.530062398407123;0.0,0.10450286418199539,0.0;1.0,0.0,0.0,0.0
0.0;-5.7113016649284445,1.552963704281812,-1.9746535049978151,1.5833838793174275,-1.6236237585746043,0.597074092412356,-1.5297048095955532;0.0,0.10823511332273483,0.0;1.0,0.0,0.0,0.0
0.0;-5.70671377583345,1.5523406180617303,-1.9787832374550565,1.5828864126985498,-1.624632533925175,0.5883382077517165,-1.529373874386602;0.0,0.11196736246347427,0.0;1.0,0.0,0.0,0.0
0.0;-5.702194818203445,1.5516552949379123,-1.9829437252453535,1.5823369447457654,-1.625673599126572,0.5796399843460806,-1.5290695547189288;0.0,0.11569961160421371,0.0;1.0,0.0,0.0,0.0
0.0;-5.69774454448639,1.5509082380765484,-1.9871347015267382,1.581735380639181,-1.626745734491035,0.5709793162313603,-1.5287918298555485;0.0,0.11943185329437256,0.0;1.0,0.0,0.0,0.0
0.0;-5.693362713962646,1.5500999869398477,-1.9913559400948364,1.581081643334012,-1.6278476798031714,0.5623560774055091,-1.52854068972105;0.0,0.1231640949845314,0.0;1.0,0.0,0.0,0.0
0.0;-5.689049102906467,1.5492311063039927,-1.9956072584066846,1.5803756653425336,-1.6289781540160584,0.5537700932282693,-1.5283161266660743;0.0,0.12689633667469025,0.0;1.0,0.0,0.0,0.0
0.0;-5.6848034977901,1.548302184676385,-1.999888525372209,1.5796173918887984,-1.6301358630169438,0.5452211366752323,-1.528118128380803;0.0,0.1306285858154297,0.0;1.0,0.0,0.0,0.0
0.0;-5.680625713624779,1.547313849657289,-2.0041996344984114,1.5788067894599018,-1.6313194848247339,0.536708955704146,-1.5279466753380977;0.0,0.13436082005500793,0.0;1.0,0.0,0.0,0.0
0.0;-5.676515563298563,1.5462667520281834,-2.0085405448864053,1.5779438483773285,-1.6325276949690157,0.528233272415968,-1.5278017338332488;0.0,0.13809306919574738,0.0;1.0,0.0,0.0,0.0
0.0;-5.672472893923673,1.5451615779536636,-2.012911241890647,1.57702857915545,-1.6337591570571144,0.5197937671206594,-1.5276832507233247;0.0,0.14182531833648682,0.0;1.0,0.0,0.0,0.0
0.0;-5.66849756404121,1.5439990410495588,-2.017311765330715,1.5760610186350301,-1.6350125341768054,0.5113900947403033,-1.5275911501337265;0.0,0.14555758237838745,0.0;1.0,0.0,0.0,0.0
0.0;-5.66458948366896,1.5427799013112125,-2.021742163547733,1.5750412345500198,-1.6362864688796714,0.5030219104800494,-1.5275253339301436;0.0,0.1492898166179657,0.0;1.0,0.0,0.0,0.0
0.0;-5.660748556643339,1.5415049326498627,-2.02620257101394,1.5739693226732736,-1.6375796285301027,0.49468885207195706,-1.5274856727955686;0.0,0.15302206575870514,0.0;1.0,0.0,0.0,0.0
0.0;-5.656974729685937,1.540174940795816,-2.0306931527973533,1.5728453999734824,-1.6388906904521277,0.48639050162448483,-1.527471999220098;0.0,0.15675431489944458,0.0;1.0,0.0,0.0,0.0
0.0;-5.6532679818419505,1.5387907712617572,-2.035214109753785,1.5716696197100517,-1.6402183314833174,0.47812643569538366,-1.5274841086128148;0.0,0.16048654913902283,0.0;1.0,0.0,0.0,0.0
0.0;-5.64962830388251,1.5373532936457563,-2.0397657121552095,1.5704421682789402,-1.6415612542402416,0.46989621945276094,-1.527521753873496;0.0,0.16421879827976227,0.0;1.0,0.0,0.0,0.0
0.0;-5.6460557355758665,1.535863413142947,-2.0443482608446044,1.5691632614805102,-1.642918176367618,0.46169939046494735,-1.527584640608557;0.0,0.1679510474205017,0.0;1.0,0.0,0.0,0.0
0.0;-5.642550348641077,1.5343220685782681,-2.048962106034602,1.5678331521667528,-1.6442878350954133,0.45353548385196857,-1.5276724251750342;0.0,0.17168329656124115,0.0;1.0,0.0,0.0,0.0
0.0;-5.639112250966671,1.5327302315346696,-2.053607647170394,1.5664521293733724,-1.645668994641067,0.4454040299601587,-1.527784710289649;0.0,0.1754155457019806,0.0;1.0,0.0,0.0,0.0
0.0;-5.635741596300076,1.5310889099669225,-2.058285323928295,1.565020519277833,-1.6470604453073496,0.4373045550970259,-1.5279210406634216;0.0,0.17914777994155884,0.0;1.0,0.0,0.0,0.0
0.0;-5.632438572690828,1.5293991426857165,-2.0629956324628655,1.5635386855684548,-1.6484610151551353,0.4292365810321349,-1.528080897876328;0.0,0.1828799992799759,0.0;1.0,0.0,0.0,0.0
0.0;-5.628349299766437,1.5326659225694008,-2.0632969773702063,1.5657016157658465,-1.6460912242869732,0.4240798993660769,-1.527733140645368;-0.003657599911093712,0.1828799992799759,0.0;1.0,0.0,0.0,0.0
0.0;-5.620770403320937,1.5416259163122616,-2.06095592173346,1.5716074662722643,-1.6400918592458966,0.42031509277110074,-1.526571205769066;-0.007315199822187424,0.1828799992799759,0.0;1.0,0.0,0.0,0.0
0.0;-5.614466567198491,1.5494940696065571,-2.0576110907026757,1.577179156821475,-1.6337893964287362,0.41610496367182387,-1.5243558508237178;-0.010972799733281136,0.1828799992799759,0.0;1.0,0.0,0.0,0.0
0.0;-5.609250866381632,1.554809449120841,-2.0560861111289173,1.5810491408771403,-1.6301620331755924,0.4127100390292852,-1.5226858813744117;-0.014630400575697422,0.1828799992799759,0.0;1.0,0.0,0.0,0.0
0.0;-5.604122875417895,1.5602285215903078,-2.0544472190719274,1.5849279194109778,-1.6271344709763031,0.40936090431001365,-1.5210534344635593;-0.01828799955546856,0.1828799992799759,0.0;1.0,0.0,0.0,0.0
0.0;-5.595633301159254,1.5694198930986325,-2.0518760708603274,1.590982056829161,-1.6224784258423846,0.40497155719031286,-1.5183814344772935;-0.02194559946656227,0.1828799992799759,0.0;1.0,0.0,0.0,0.0
0.0;-5.588539034502799,1.5780668738647188,-2.047342592619788,1.5972138169020524,-1.6168057086637584,0.3990143171850343,-1.5142852295158322;-0.025603199377655983,0.1828799992799759,0.0;1.0,0.0,0.0,0.0
0.0;-5.582603373682972,1.5835151350624985,-2.045926272305854,1.601133987030993,-1.6142272232813495,0.3955721312136253,-1.5116490623353578;-0.029260801151394844,0.1828799992799759,0.0;1.0,0.0,0.0,0.0
0.0;-5.577509773511601,1.5886759127746293,-2.0442484962976555,1.6047981742637214,-1.6121637548690264,0.3925175995090107,-1.5093287390164423;-0.032918401062488556,0.1828799992799759,0.0;1.0,0.0,0.0,0.0
0.0;-5.5692574714692125,1.597500795030717,-2.0414766705487435,1.610635880889136,-1.6085513516888206,0.3883839708528436,-1.5057552875973002;-0.03657599911093712,0.1828799992799759,0.0;1.0,0.0,0.0,0.0
0.0;-5.562108324375148,1.6058948561788173,-2.037263997619367,1.6163141948219144,-1.6043290802484533,0.3828613730017933,-1.5009307343147626;-0.04023360088467598,0.1828799992799759,0.0;1.0,0.0,0.0,0.0
0.0;-5.555955781961656,1.611610429891186,-2.0352857698611566,1.6205425091831982,-1.6020856066639062,0.37900793376743264,-1.497209831934522;-0.04389120265841484,0.1828799992799759,0.0;1.0,0.0,0.0,0.0
0.0;-5.550322053092023,1.6173578141141232,-2.0332274381507145,1.6246481706094584,-1.60026963034994,0.3755576240322884,-1.4940386521710018;-0.0475488007068634,0.1828799992799759,0.0;1.0,0.0,0.0,0.0
0.0;-5.541422057099697,1.62687501081011,-2.030316736805293,1.6307387251517775,-1.5972308554742458,0.37104151061164053,-1.4895745807461869;-0.051206402480602264,0.1828799992799759,0.0;1.0,0.0,0.0,0.0
0.0;-5.533953650953044,1.6358289199287972,-2.025534890754745,1.6366636466089037,-1.5932976979039482,0.36472365682206837,-1.483472512829072;-0.05486400052905083,0.1828799992799759,0.0;1.0,0.0,0.0,0.0
0.0;-5.527481098508338,1.6416640342658686,-2.0237497351251243,1.6408583802556636,-1.591740663556995,0.3606839927701773,-1.4790788355737472;-0.05852160230278969,0.1828799992799759,0.0;1.0,0.0,0.0,0.0
0.0;-5.521843811492922,1.6473472503243383,-2.021834832021895,1.6447656330142233,-1.5905642390365213,0.3571014724912301,-1.475378066503166;-0.06217920035123825,0.1828799992799759,0.0;1.0,0.0,0.0,0.0
0.0;-5.5130626994290735,1.6567579006854982,-2.01904651579158,1.6506277424414917,-1.588162998333344,0.3524144715024854,-1.4702350922802094;-0.06583680212497711,0.1828799992799759,0.0;1.0,0.0,0.0,0.0
0.0;-5.505635130634851,1.6657045325380542,-2.014656358651141,1.656143903438244,-1.5850712543923458,0.34610334801807763,-1.4636441346613571;-0.06949440389871597,0.1828799992799759,0.0;1.0,0.0,0.0,0.0
0.0;-5.499063396568248,1.6718315261107966,-2.0127164284277392,1.6603924022801262,-1.5837304886456078,0.3416326412947345,-1.4584040052312544;-0.07315199822187424,0.1828799992799759,0.0;1.0,0.0,0.0,0.0
0.0;-5.493128350512797,1.6779825736466336,-2.0107133312488847,1.6645652123143886,-1.582731819922372,0.3376337147183434,-1.4540569296294135;-0.0768095999956131,0.1828799992799759,0.0;1.0,0.0,0.0,0.0
0.0;-5.48396334690683,1.6880111614431677,-2.008070974183643,1.670613860726488,-1.5807310535598351,0.33248833269251654,-1.4482760550514902;-0.08046720921993256,0.1828799992799759,0.0;1.0,0.0,0.0,0.0
0.0;-5.476408658461082,1.6975987190787118,-2.003478692786433,1.6761643656330751,-1.5777630126037039,0.3253094798513852,-1.4406305468747984;-0.08412480354309082,0.1828799992799759,0.0;1.0,0.0,0.0,0.0
0.0;-5.469651671636215,1.7039469182887088,-2.0019037687660477,1.6804132479782676,-1.5768542968264672,0.32053249837456027,-1.4348648497090148;-0.08778240531682968,0.1828799992799759,0.0;1.0,0.0,0.0,0.0
0.0;-5.463797512178995,1.7101522642236413,-2.0002101269286428,1.6844132945259531,-1.5762909460299346,0.3163064933291988,-1.4301168497276506;-0.09144000709056854,0.1828799992799759,0.0;1.0,0.0,0.0,0.0
0.0;-5.454840940715829,1.720224839428095,-1.997934374409344,1.690241500835295,-1.5746998306926665,0.31087505405912125,-1.4238046275209855;-0.0950976014137268,0.1828799992799759,0.0;1.0,0.0,0.0,0.0
0.0;-5.447486767521753,1.729954855201737,-1.99387432156855,1.695499366417012,-1.5722360301856984,0.3035198191485015,-1.4158059027567675;-0.09875520318746567,0.1828799992799759,0.0;1.0,0.0,0.0,0.0
0.0;-5.4408102718490765,1.7366865068450277,-1.992455415239219,1.699725368413702,-1.5714377040996597,0.298305860563226,-1.4094269662927237;-0.10241280496120453,0.1828799992799759,0.0;1.0,0.0,0.0,0.0
0.0;-5.434887078113648,1.743343893486812,-1.990945653767745,1.7038740829515144,-1.5709530051859186,0.29362924569559473,-1.4041534702363596;-0.10607039928436279,0.1828799992799759,0.0;1.0,0.0,0.0,0.0
0.0;-5.425823304346704,1.7539973505337205,-1.9891200449624749,1.7098654396517712,-1.5696080617403088,0.2876561015229565,-1.3973099720413362;-0.10972799360752106,0.1828799992799759,0.0;1.0,0.0,0.0,0.0
0.0;-5.418621725561537,1.7644957304017157,-1.9852248259808138,1.7150797498477193,-1.5671996546167692,0.27936543649572465,-1.3884296956442759;-0.11338560283184052,0.1828799992799759,0.0;1.0,0.0,0.0,0.0
0.0;-5.411978693989122,1.7715617138191968,-1.9843960199323354,1.719360863842038,-1.5666507014105395,0.2737966709871186,-1.3816132097817881;-0.11704319715499878,0.1828799992799759,0.0;1.0,0.0,0.0,0.0
0.0;-5.406329590155525,1.7783751324342951,-1.9833986295087092,1.7234091552259085,-1.5664306081595676,0.2688745956089501,-1.376040247147224;-0.12070079892873764,0.1828799992799759,0.0;1.0,0.0,0.0,0.0
0.0;-5.397700138333384,1.78923942180845,-1.9822306078331404,1.729280846607762,-1.565318762619384,0.2625787483041596,-1.3688007925291232;-0.1243584007024765,0.1828799992799759,0.0;1.0,0.0,0.0,0.0
0.0;-5.391006923406579,1.8000915137178777,-1.9790636005554212,1.7343589027212927,-1.5631130282677521,0.25396223365154086,-1.3596182953710958;-0.12801600992679596,0.1828799992799759,0.0;1.0,0.0,0.0,0.0
0.0;-5.384738580088083,1.8076375918964633,-1.9787527375873961,1.7386910508774314,-1.562550338303372,0.24800804688559738,-1.3524295869840983;-0.13167360424995422,0.1828799992799759,0.0;1.0,0.0,0.0,0.0
0.0;-5.3793886249930525,1.814912050015381,-1.9782865392745783,1.7428426615122767,-1.562303340411816,0.24268959855318734,-1.3465158580787264;-0.13533121347427368,0.1828799992799759,0.0;1.0,0.0,0.0,0.0
0.0;-5.3711437957222214,1.8263564415268803,-1.9779824017963197,1.7488818508527761,-1.5612409166122592,0.23587430414186816,-1.338895213595538;-0.13898880779743195,0.1828799992799759,0.0;1.0,0.0,0.0,0.0
0.0;-5.365154977880054,1.8380616804276624,-1.9754881913038471,1.7540116176481784,-1.5589276104459695,0.2263901088242606,-1.3291248627940695;-0.1426464021205902,0.1828799992799759,0.0;1.0,0.0,0.0,0.0
0.0;-5.357320632272485,1.8510661486341833,-1.975093802685723,1.7605302738185646,-1.5580672569016656,0.21602157851112877,-1.3180348684088914;-0.14630401134490967,0.1828799992799759,0.0;1.0,0.0,0.0,0.0
0.0;-5.3509958695829205,1.8612462559490146,-1.9761054898052384,1.7661096848293951,-1.5586453783877612,0.20813864052143602,-1.3085215436644673;-0.14996159076690674,0.1828799992799759,0.0;1.0,0.0,0.0,0.0
0.0;-5.346143178071812,1.8720195210086172,-1.976332238464163,1.7716319234764877,-1.5592848161046142,0.20054796148224313,-1.29846008374502;-0.153619185090065,0.1828799992799759,0.0;1.0,0.0,0.0,0.0
0.0;-5.341694532519317,1.8823168486070274,-1.9769651375963115,1.777304788865282,-1.5594537542302733,0.19443322593052279,-1.2887323231654604;-0.15727679431438446,0.1828799992799759,0.0;1.0,0.0,0.0,0.0
0.0;-5.337673433322724,1.8936286848423898,-1.9775247301598944,1.783414084808214,-1.5594279162638196,0.18804691850345875,-1.2790343685704049;-0.16093440353870392,0.1828799992799759,0.0;1.0,0.0,0.0,0.0
0.0;-5.333987243768016,1.904833041309361,-1.9789216812834605,1.7894658529780123,-1.5592300534036878,0.18137119811424665,-1.2692781375641888;-0.16459199786186218,0.1828799992799759,0.0;1.0,0.0,0.0,0.0
0.0;-5.330862305637981,1.9162869731238255,-1.9809223847501014,1.7956464854398582,-1.5590797501986502,0.17416369777347585,-1.2595478565524196;-0.16824960708618164,0.1828799992799759,0.0;1.0,0.0,0.0,0.0
0.0;-5.328291074508257,1.9280129554471612,-1.98343468408926,1.802078618382336,-1.558760126896149,0.16690435586691005,-1.2498964986081997;-0.1719072014093399,0.1828799992799759,0.0;1.0,0.0,0.0,0.0
0.0;-5.326358858153521,1.9399889808659911,-1.9863610818298143,1.808726312758924,-1.558105647231583,0.1598931790348769,-1.240379494846008;-0.17556479573249817,0.1828799992799759,0.0;1.0,0.0,0.0,0.0
0.0;-5.325145346134228,1.9523290931111446,-1.989738897724369,1.8156818721492922,-1.5571756935755188,0.15297138306944283,-1.2309876507876087;-0.17922240495681763,0.1828799992799759,0.0;1.0,0.0,0.0,0.0
0.0;-5.324684055182263,1.9648978001438084,-1.9937494640015385,1.8229171838520208,-1.55604795597412,0.146047206123615,-1.2217458572446507;-0.1828799992799759,0.1828799992799759,0.0;1.0,0.0,0.0,0.0
0.0;-5.325057317960287,1.9778216413760736,-1.998434252491981,1.830487171567582,-1.5547119362974675,0.1390022432761445,-1.2126139632369317;-0.18653759360313416,0.1828799992799759,0.0;1.0,0.0,0.0,0.0
0.0;-5.326301940422723,1.9911312821541134,-2.003801057761271,1.8384622254475298,-1.5530975877750641,0.13193045687415006,-1.2036135046108438;-0.19019518792629242,0.1828799992799759,0.0;1.0,0.0,0.0,0.0
0.0;-5.3284975495199856,2.0048546779634466,-2.009826782276157,1.8468934611483137,-1.5511653600543598,0.12492767062433686,-1.194797425956364;-0.19385278224945068,0.1828799992799759,0.0;1.0,0.0,0.0,0.0
0.0;-5.331727230844583,2.0189837241584807,-2.016536552494007,1.8558138826506163,-1.5489103060088116,0.11803717990479923,-1.1862057431180897;-0.19751040637493134,0.1828799992799759,0.0;1.0,0.0,0.0,0.0
0.0;-5.336065181571329,2.0335182500465274,-2.023972502635425,1.8652586326862453,-1.5463413684016627,0.11125486092443944,-1.1778660842897837;-0.2011680006980896,0.1828799992799759,0.0;1.0,0.0,0.0,0.0
0.0;-5.341568628595313,2.048489911719283,-2.0321567836412617,1.8752771332286797,-1.5434522196592524,0.10457409478440859,-1.169799534629158;-0.20482559502124786,0.1828799992799759,0.0;1.0,0.0,0.0,0.0
0.0;-5.348263769200387,2.0639089141599194,-2.0410769486619422,1.8859060802769367,-1.5402267675168968,0.09802858790354184,-1.1620395042292837;-0.20848320424556732,0.1828799992799759,0.0;1.0,0.0,0.0,0.0
0.0;-5.356159147277513,2.079769894928568,-2.050690965144271,1.8971649557665775,-1.5366589902190666,0.0916604128184603,-1.1546285785332628;-0.21214079856872559,0.1828799992799759,0.0;1.0,0.0,0.0,0.0
0.0;-5.365394276743001,2.096302545472991,-2.0610535341385385,1.9092008239966536,-1.5327078896473691,0.08538733500908577,-1.1475149643567981;-0.21579839289188385,0.1828799992799759,0.0;1.0,0.0,0.0,0.0
0.0;-5.376126953165624,2.11362920741226,-2.0723017651649416,1.9221725390008368,-1.528354640543057,0.07920861363280703,-1.1406532380122523;-0.2194560170173645,0.1828799992799759,0.0;1.0,0.0,0.0,0.0
0.0;-5.38849472832429,2.1316591049139304,-2.0844557765025824,1.9361214257835213,-1.5236656484402324,0.07325824705513341,-1.134115424336543;-0.22311361134052277,0.1828799992799759,0.0;1.0,0.0,0.0,0.0
0.0;-5.402492100594679,2.1501843629440507,-2.0973669490449276,1.9509665793942967,-1.518727310203759,0.06775236065571114,-1.1280346313585523;-0.22677120566368103,0.1828799992799759,0.0;1.0,0.0,0.0,0.0
0.0;-5.417830072722222,2.1689430524114424,-2.1107227885442277,1.9665046840616625,-1.5135943558187543,0.06286790623307437,-1.122516898497465;-0.2304288148880005,0.1828799992799759,0.0;1.0,0.0,0.0,0.0
0.0;-5.433874325890509,2.1876217685279205,-2.124066894275748,1.9823840867410467,-1.5083353985718138,0.05861331216727348,-1.1176191778867721;-0.23408640921115875,0.1828799992799759,0.0;1.0,0.0,0.0,0.0
0.0;-5.449669422104592,2.205809909754366,-2.1368649236664767,1.9980760621230775,-1.5030769174099439,0.05480505375515623,-1.1133463523615703;-0.23774400353431702,0.1828799992799759,0.0;1.0,0.0,0.0,0.0
0.0;-5.464128321288512,2.223041927081003,-2.1485887478380836,2.01294679072516,-1.4979799940936742,0.051138134586122666,-1.1096535286878704;-0.24140162765979767,0.1828799992799759,0.0;1.0,0.0,0.0,0.0
0.0;-5.47635649791486,2.2389654383166118,-2.1588409640149018,2.026458557063098,-1.4931711602829145,0.04730065431029822,-1.1064558038979728;-0.24505922198295593,0.1828799992799759,0.0;1.0,0.0,0.0,0.0
0.0;-5.486192909406727,2.2538350270550036,-2.167620583840796,2.0385765324472764,-1.4886027989624762,0.04294231289283543,-1.1035933022685542;-0.2487168163061142,0.1828799992799759,0.0;1.0,0.0,0.0,0.0
0.0;-5.494297616274865,2.2686186957610404,-2.1754520047715116,2.0499388069773694,-1.4840095786248304,0.037643106136600296,-1.1008228418867414;-0.2523743808269501,0.1828799992799759,0.0;1.0,0.0,0.0,0.0
0.0;-5.500889318847279,2.282971183970955,-2.182701335238249,2.0606911438108853,-1.479467922110089,0.03174768062942301,-1.098118629274072;-0.25603199005126953,0.1828799992799759,0.0;1.0,0.0,0.0,0.0
0.0;-5.506442112048812,2.296924121962277,-2.1894130030773638,2.0708404985375344,-1.475084294392326,0.02540192897935176,-1.0955871249254587;-0.2596895694732666,0.1828799992799759,0.0;1.0,0.0,0.0,0.0
0.0;-5.51100605760501,2.3103017323429564,-2.1956197558413484,2.080376568467935,-1.4708678891778875,0.018871409913014517,-1.093229068307786;-0.26334720849990845,0.1828799992799759,0.0;1.0,0.0,0.0,0.0
0.0;-5.51461271312837,2.3231973911100883,-2.2012803929562295,2.089316166160954,-1.4667695002547263,0.012154278490405403,-1.091003190194646;-0.2670047879219055,0.1828799992799759,0.0;1.0,0.0,0.0,0.0
0.0;-5.517268162094907,2.3357494270730794,-2.206435881663262,2.097735413529143,-1.4627527919192125,0.005147375212059436,-1.0888443342782357;-0.270662397146225,0.1828799992799759,0.0;1.0,0.0,0.0,0.0
0.0;-5.518994962579365,2.347958363760701,-2.211174534076102,2.1056610067988966,-1.4588459955951663,-0.0021804792293976688,-1.0867103575584178;-0.27431997656822205,0.1828799992799759,0.0;1.0,0.0,0.0,0.0
0.0;-5.519876232818499,2.359830581770319,-2.215564722090098,2.1131085303780344,-1.4550864392930065,-0.009841530909423713,-1.0845856235115838;-0.2779775857925415,0.1828799992799759,0.0;1.0,0.0,0.0,0.0
0.0;-5.519988852667845,2.3713786029157604,-2.2196570264341684,2.120112442259662,-1.4514837489952148,-0.017809778482966797,-1.082455894986831;-0.28163519501686096,0.1828799992799759,0.0;1.0,0.0,0.0,0.0
0.0;-5.519400924925083,2.3826369728548853,-2.2234828058981577,2.1267133272580865,-1.4480273179641798,-0.026056744153908976,-1.08030587356604;-0.2852928042411804,0.1828799992799759,0.0;1.0,0.0,0.0,0.0
0.0;-5.518174355860833,2.3936468004251275,-2.2270735671843367,2.1329528062073875,-1.44470674618241,-0.03456807401868572,-1.078120846155813;-0.2889504134654999,0.1828799992799759,0.0;1.0,0.0,0.0,0.0
0.0;-5.5163678855443266,2.404430403900819,-2.2304692683938177,2.138864614269522,-1.4415238618609256,-0.043330196383523534,-1.0758898675890103;-0.29260802268981934,0.1828799992799759,0.0;1.0,0.0,0.0,0.0
0.0;-5.514040316706825,2.4150021474186842,-2.233709542607079,2.144474957546932,-1.4384866811666661,-0.05233085387459701,-1.0736063063389503;-0.2962656319141388,0.1828799992799759,0.0;1.0,0.0,0.0,0.0
0.0;-5.511246045901849,2.425377094595601,-2.2368282037152003,2.149808985356075,-1.4355999466730311,-0.06155640669765208,-1.0712653282644777;-0.29992321133613586,0.1828799992799759,0.0;1.0,0.0,0.0,0.0
0.0;-5.50803421115643,2.435572100548661,-2.239852281875106,2.15489203677612,-1.432863137402531,-0.07099044073300204,-1.0688632341439117;-0.3035808205604553,0.1828799992799759,0.0;1.0,0.0,0.0,0.0
0.0;-5.5044507369714735,2.4456041863535973,-2.242804821840834,2.1597484847939796,-1.4302734408714595,-0.08061606917788203,-1.066397897416708;-0.3072384297847748,0.1828799992799759,0.0;1.0,0.0,0.0,0.0
0.0;-5.50053961196753,2.4554877947923988,-2.245708116302587,2.1644009280638783,-1.4278286044324695,-0.09041676286843689,-1.0638690405602422;-0.31089603900909424,0.1828799992799759,0.0;1.0,0.0,0.0,0.0
0.0;-5.496343097376011,2.4652350682845987,-2.248584019197849,2.168870055818988,-1.4255271999297854,-0.10037708442263747,-1.061278080785045;-0.3145536184310913,0.1828799992799759,0.0;1.0,0.0,0.0,0.0
0.0;-5.491900816396496,2.4748573862858274,-2.251452853842577,2.173175250316081,-1.4233673827088533,-0.11048284861249193,-1.0586276125565748;-0.31821122765541077,0.1828799992799759,0.0;1.0,0.0,0.0,0.0
0.0;-5.4872491566467625,2.4843655690822914,-2.2543325451832654,2.177334757244859,-1.4213461814725066,-0.12072042126992319,-1.055921053150916;-0.3218688368797302,0.1828799992799759,0.0;1.0,0.0,0.0,0.0
0.0;-5.482421261003879,2.4937694235918375,-2.2572385513530344,2.1813653903023895,-1.4194598190023953,-0.13107640762234468,-1.0531625533348417;-0.3255264163017273,0.1828799992799759,0.0;1.0,0.0,0.0,0.0
0.0;-5.4774471140340975,2.503077533106278,-2.2601843637689503,2.18528232731408,-1.417704297833872,-0.14153808822963856,-1.0503568341417546;-0.32918402552604675,0.1828799992799759,0.0;1.0,0.0,0.0,0.0
0.0;-5.472353618939513,2.5122971477026654,-2.2631819041738304,2.189099028125067,-1.4160757547531608,-0.1520938228917587,-1.047508931388003;-0.3328416347503662,0.1828799992799759,0.0;1.0,0.0,0.0,0.0
0.0;-5.467164550745847,2.5214342862859733,-2.266241624576295,2.192827289232853,-1.414570576358294,-0.16273311682798808,-1.0446239904682633;-0.33649924397468567,0.1828799992799759,0.0;1.0,0.0,0.0,0.0
0.0;-5.461900595741872,2.5304938482931516,-2.269372437051455,2.1964772884113977,-1.4131853740552514,-0.17344651442267756,-1.041707083864974;-0.34015682339668274,0.1828799992799759,0.0;1.0,0.0,0.0,0.0
0.0;-5.456579437693329,2.5394797796520656,-2.2725817771693677,2.2000576998647827,-1.4119169834463405,-0.18422553185207247,-1.0387630641684615;-0.3438144326210022,0.1828799992799759,0.0;1.0,0.0,0.0,0.0
0.0;-5.4512160714110784,2.548394998750482,-2.2758757210290215,2.2035757222405317,-1.4107625448654475,-0.19506253403937865,-1.0357964766698473;-0.34747201204299927,0.1828799992799759,0.0;1.0,0.0,0.0,0.0
0.0;-5.445823036604876,2.557241534979915,-2.2792592396271916,2.207037237528973,-1.4097196048853158,-0.20595069344978492,-1.032811529548914;-0.3511296212673187,0.1828799992799759,0.0;1.0,0.0,0.0,0.0
0.0;-5.4404107590832025,2.5660206168705213,-2.282736356377723,2.210446916312538,-1.4087861198847618,-0.21688398726524244,-1.0298120442428478;-0.3547872304916382,0.1828799992799759,0.0;1.0,0.0,0.0,0.0
0.0;-5.434987813164571,2.5747327652766163,-2.2863103052235374,2.213808391217906,-1.4079604434876611,-0.22785704898401968,-1.0268014599223392;-0.35844483971595764,0.1828799992799759,0.0;1.0,0.0,0.0,0.0
0.0;-5.429561213790626,2.5833779029474764,-2.2899836239471694,2.2171243871832944,-1.4072412817856348,-0.23886506477802769,-1.023782852765269;-0.3621024191379547,0.1828799992799759,0.0;1.0,0.0,0.0,0.0
0.0;-5.424136635573072,2.5919555409539448,-2.2937582996102583,2.220396900058315,-1.4066276373058682,-0.24990374815175362,-1.0207589510504895;-0.3657599985599518,0.1828799992799759,0.0;1.0,0.0,0.0,0.0
0.0;-5.4204785708882826,2.596668988692878,-2.2919300982742903,2.220557888874965,-1.403824758120125,-0.2544393038562043,-1.0180499147428046;-0.3657599985599518,0.17918545007705688,0.0;1.0,0.0,0.0,0.0
0.0;-5.415063674883473,2.6009255109347666,-2.2840816829126056,2.2190485368944857,-1.3977841575071668,-0.2541016065843332,-1.0146576842126789;-0.3657599985599518,0.17549090087413788,0.0;1.0,0.0,0.0,0.0
0.0;-5.408228594824671,2.6059181476570443,-2.2735475330002686,2.2171667750633985,-1.3909135186680284,-0.2523332808747504,-1.0113049368873877;-0.3657599985599518,0.17179636657238007,0.0;1.0,0.0,0.0,0.0
0.0;-5.401533513586246,2.611011838926554,-2.2637038020678224,2.2151370020204504,-1.3844959899791645,-0.2512904994002893,-1.0079455073944885;-0.3657599985599518,0.16810181736946106,0.0;1.0,0.0,0.0,0.0
0.0;-5.395427032564035,2.6158355973492053,-2.2552506454778674,2.2130121897150166,-1.378820465450539,-0.2511544831589261,-1.004633251891166;-0.3657599985599518,0.16440726816654205,0.0;1.0,0.0,0.0,0.0
0.0;-5.389437311122419,2.620546899784032,-2.2472758322723303,2.2108644143390968,-1.3734611198157496,-0.2512955754966047,-1.0013414295545604;-0.3657599985599518,0.16071271896362305,0.0;1.0,0.0,0.0,0.0
0.0;-5.383115553655388,2.6253833141153247,-2.239013446381321,2.208652213906355,-1.3679146115990903,-0.25129104561763416,-0.9979100393527831;-0.3657599985599518,0.15701818466186523,0.0;1.0,0.0,0.0,0.0
0.0;-5.376470399770489,2.6303758235960712,-2.230438760562045,2.2063104398216375,-1.3621697399043433,-0.2511586265009284,-0.9943303434253798;-0.3657599985599518,0.15332363545894623,0.0;1.0,0.0,0.0,0.0
0.0;-5.369764878273643,2.6353960560132146,-2.2219295809871626,2.203832887836855,-1.356508220880855,-0.25109988081203255,-0.9907119709482749;-0.3657599985599518,0.14962908625602722,0.0;1.0,0.0,0.0,0.0
0.0;-5.36312413458887,2.6403703161168983,-2.2137143553994374,2.2012596626984906,-1.3510578234266652,-0.2512196643592747,-0.987093717500361;-0.3657599985599518,0.14593453705310822,0.0;1.0,0.0,0.0,0.0
0.0;-5.356479794673405,2.6453480069753263,-2.205732303625119,2.1986201533643848,-1.3457434719277224,-0.25149699151724836,-0.9834368342878541;-0.3657599985599518,0.1422399878501892,0.0;1.0,0.0,0.0,0.0
0.0;-5.3497373044401195,2.650401188821663,-2.1978502377607403,2.1959153326319716,-1.3404705042728504,-0.25188477322733416,-0.9797033293556422;-0.3657599985599518,0.1385454535484314,0.0;1.0,0.0,0.0,0.0
0.0;-5.342880314475986,2.655544727210009,-2.190034303673809,2.193133891414157,-1.335225764646013,-0.252371257485569,-0.9758890200650139;-0.3657599985599518,0.1348509043455124,0.0;1.0,0.0,0.0,0.0
0.0;-5.335946294327009,2.660751796474138,-2.1823320533533956,2.190270148281535,-1.330047983706496,-0.25297239797630316,-0.9720086895878814;-0.3657599985599518,0.13115635514259338,0.0;1.0,0.0,0.0,0.0
0.0;-5.328962757584378,2.6660027244294824,-2.1747848804888195,2.1873279487231656,-1.3249641170868873,-0.25370188289123086,-0.9680712204638514;-0.3657599985599518,0.12746180593967438,0.0;1.0,0.0,0.0,0.0
0.0;-5.321925549763433,2.6713030985533748,-2.167393275676979,2.1843135222438006,-1.319969247114652,-0.25456014591022613,-0.9640720195087853;-0.3657599985599518,0.12376727163791656,0.0;1.0,0.0,0.0,0.0
0.0;-5.314819188799952,2.6766687882174667,-2.160140457401719,2.181229858798854,-1.3150477363996655,-0.25554302224369363,-0.9600020707919923;-0.3657599985599518,0.12007272243499756,0.0;1.0,0.0,0.0,0.0
0.0;-5.307637971900124,2.682108608998702,-2.153020553084078,2.1780775058455477,-1.3101940869378024,-0.2566506315762127,-0.9558567977141458;-0.3657599985599518,0.11637817323207855,0.0;1.0,0.0,0.0,0.0
0.0;-5.300386773720341,2.687622523769892,-2.146041335436229,2.1748573410094205,-1.3054130525359406,-0.2578871493308735,-0.9516360030373973;-0.3657599985599518,0.11268363147974014,0.0;1.0,0.0,0.0,0.0
0.0;-5.2930710889520025,2.6932093192873747,-2.139212045393706,2.171571439242576,-1.3007095918423464,-0.259256371992753,-0.947339414776296;-0.3657599985599518,0.10898908227682114,0.0;1.0,0.0,0.0,0.0
0.0;-5.285691708290598,2.698871477584976,-2.132536151253434,2.168222254563407,-1.2960838941978008,-0.2607598386327102,-0.9429644988407462;-0.3657599985599518,0.10529453307390213,0.0;1.0,0.0,0.0,0.0
0.0;-5.27824696402232,2.7046139435514633,-2.1260136914217,2.164811891366611,-1.2915337132633449,-0.2623981753163315,-0.9385075261046436;-0.3657599985599518,0.10159999132156372,0.0;1.0,0.0,0.0,0.0
0.0;-5.270736389343182,2.7104411614916977,-2.119645849768694,2.161342197508251,-1.287057855930361,-0.26417265056887274,-0.9339651534747158;-0.3657599985599518,0.09790544956922531,0.0;1.0,0.0,0.0,0.0
0.0;-5.263161415154475,2.7163561755865167,-2.1134360247322928,2.1578151398819285,-1.282656792920586,-0.26608523411031315,-0.9293346975037486;-0.3657599985599518,0.0942109003663063,0.0;1.0,0.0,0.0,0.0
0.0;-5.255523961738841,2.722361569431886,-2.1073881794042557,2.1542328993348248,-1.278331329326664,-0.26813783700811805,-0.9246135098548491;-0.3657599985599518,0.0905163586139679,0.0;1.0,0.0,0.0,0.0
0.0;-5.247825436278562,2.7284603598256534,-2.1015055188002454,2.1505976917518277,-1.2740816561064165,-0.2703318899262168,-0.9197985327953041;-0.3657599985599518,0.08682180941104889,0.0;1.0,0.0,0.0,0.0
0.0;-5.240066904747999,2.7346559526251917,-2.095790659630845,2.1469116876499155,-1.2699075505436628,-0.27266850366991524,-0.9148863842214563;-0.3657599985599518,0.08312726020812988,0.0;1.0,0.0,0.0,0.0
0.0;-5.232249693980284,2.7409516857962872,-2.0902463327353447,2.143177043057077,-1.2658089324015815,-0.27514875333306005,-0.9098736293725921;-0.3657599985599518,0.07943272590637207,0.0;1.0,0.0,0.0,0.0
0.0;-5.224375584245176,2.7473506409505397,-2.0848755999666966,2.139395935566552,-1.2617860058980472,-0.27777370618250247,-0.9047568600527408;-0.3657599985599518,0.07573818415403366,0.0;1.0,0.0,0.0,0.0
0.0;-5.216446580655876,2.753855746427393,-2.079681630090127,2.1355705906090385,-1.257839087100526,-0.2805442864416796,-0.8995325982280021;-0.3657599985599518,0.07204362750053406,0.0;1.0,0.0,0.0,0.0
0.0;-5.208464755227587,2.760469872856583,-2.0746675186945045,2.1317032649860863,-1.2539685012099568,-0.28346120477743525,-0.894197238781984;-0.3657599985599518,0.06834909319877625,0.0;1.0,0.0,0.0,0.0
0.0;-5.200432295244528,2.7671958570053703,-2.0698362438054803,2.127796160642542,-1.2501745602587897,-0.28652494652363486,-0.8887470644953487;-0.3657599985599518,0.06465454399585724,0.0;1.0,0.0,0.0,0.0
0.0;-5.192351528090503,2.7740364128931723,-2.065190763760343,2.123851482759011,-1.2464576480237828,-0.2897357942604762,-0.8831782738920722;-0.3657599985599518,0.060959991067647934,0.0;1.0,0.0,0.0,0.0
0.0;-5.184224985403593,2.780994069967944,-2.0607340639981704,2.1198714336859124,-1.2428182811261337,-0.29309384802762173,-0.8774870249630632;-0.3657599985599518,0.057265449315309525,0.0;1.0,0.0,0.0,0.0
0.0;-5.176055392813849,2.788071178377083,-2.0564691064684686,2.115858178935069,-1.239257070894314,-0.29659898259776885,-0.8716694354860207;-0.3657599985599518,0.05357090011239052,0.0;1.0,0.0,0.0,0.0
0.0;-5.167845602570305,2.7952699055060872,-2.052398791989934,2.1118138670415605,-1.2357747073430008,-0.3002508170423969,-0.8657215710314043;-0.3657599985599518,0.04987635463476181,0.0;1.0,0.0,0.0,0.0
0.0;-5.159598608940452,2.8025922166370445,-2.048525946888484,2.107740606615516,-1.2323719722413278,-0.30404871269516937,-0.8596394710422686;-0.3657599985599518,0.046181820333004,0.0;1.0,0.0,0.0,0.0
0.0;-5.151317559610087,2.8100398607133745,-2.0448533045403408,2.1036404370896578,-1.2290497278347055,-0.30799175272287627,-0.8534191679898515;-0.3657599985599518,0.04248727113008499,0.0;1.0,0.0,0.0,0.0
0.0;-5.1430057281820565,2.8176143271360345,-2.0413835209238034,2.0995153633534476,-1.2258089427695376,-0.31207874194083945,-0.8470567025391168;-0.3657599985599518,0.038792721927165985,0.0;1.0,0.0,0.0,0.0
0.0;-5.134666539353914,2.8253168242729414,-2.038119156175959,2.095367322679755,-1.2226506951308789,-0.316308200746881,-0.8405481601287593;-0.3657599985599518,0.03509816899895668,0.0;1.0,0.0,0.0,0.0
0.0;-5.126303550779436,2.8331482542871704,-2.035062659233313,2.0911981859509945,-1.2195761636443119,-0.32067834363948,-0.8338896901512474;-0.3657599985599518,0.031403619796037674,0.0;1.0,0.0,0.0,0.0
0.0;-5.117920439824607,2.841109201915456,-2.032216336703775,2.0870097415679774,-1.2165866126084173,-0.3251870624455202,-0.8270775301203137;-0.3657599985599518,0.027709072455763817,0.0;1.0,0.0,0.0,0.0
0.0;-5.10952095565651,2.8491999277205022,-2.0295822989066568,2.0828036555069924,-1.2136833853397033,-0.32983193363530994,-0.820108014740725;-0.3657599985599518,0.024014540016651154,0.0;1.0,0.0,0.0,0.0
0.0;-5.101108965551322,2.8574203235637174,-2.027162575090538,2.0785815687060847,-1.210867893613478,-0.3346101769142385,-0.8129776248982655;-0.3657599985599518,0.020319990813732147,0.0;1.0,0.0,0.0,0.0
0.0;-5.092688521376442,2.865769867723345,-2.0249589649471833,2.0743449997621104,-1.208141653475121,-0.3395186945053188,-0.805683093556392;-0.3657599985599518,0.01662543974816799,0.0;1.0,0.0,0.0,0.0
0.0;-5.084263717048985,2.8742476172729905,-2.0229730693757833,2.0700953717438786,-1.2055062233254463,-0.3445540178894325,-0.7982213508977877;-0.3657599985599518,0.012930906377732754,0.0;1.0,0.0,0.0,0.0
0.0;-5.075838682366373,2.8828522433238075,-2.0212062321550883,2.0658339563677717,-1.2029631681041564,-0.3497123124708062,-0.790589560207166;-0.3657599985599518,0.009236358106136322,0.0;1.0,0.0,0.0,0.0
0.0;-5.067417590795158,2.8915819732608017,-2.0196595651101976,2.0615619296312286,-1.200514093784901,-0.35498941070572376,-0.7827851759539064;-0.3657599985599518,0.005541808903217316,0.0;1.0,0.0,0.0,0.0
0.0;-5.059004695608303,2.9004345467021704,-2.0183339563853226,2.0572803639739687,-1.1981606483376968,-0.36038082352160816,-0.7748060082829804;-0.3657599985599518,0.0018472744850441813,0.0;1.0,0.0,0.0,0.0
0.0;-5.050604307854252,2.909407229647372,-2.0172300085844324,2.0529901849473458,-1.1959044558940495,-0.36588170155072636,-0.7666502567332002;-0.3657599985599518,-0.0018472744850441813,0.0;1.0,0.0,0.0,0.0
0.0;-5.042220722489615,2.9184968062465533,-2.016348027026924,2.048692213582045,-1.1937471028309223,-0.371486847408206,-0.7583165205027073;-0.3657599985599518,-0.0055418238043785095,0.0;1.0,0.0,0.0,0.0
0.0;-5.0338582448420635,2.9276995640927193,-2.015688006664,2.044387141843461,-1.191690131912511,-0.3771907428352881,-0.7498038614141318;-0.3657599985599518,-0.009236373007297516,0.0;1.0,0.0,0.0,0.0
0.0;-5.025491537490529,2.9370337012670458,-2.015253149207343,2.0400707093180728,-1.1897268045388312,-0.38299857573531876,-0.741082896210363;-0.3657599985599518,-0.012930921278893948,0.0;1.0,0.0,0.0,0.0
0.0;-5.017108801842441,2.9465124307379797,-2.0150473676323273,2.0357395310085615,-1.1878639167551628,-0.38892582099539874,-0.7321359707471823;-0.3657599985599518,-0.01662547141313553,0.0;1.0,0.0,0.0,0.0
0.0;-5.008722243268887,2.9561274640678215,-2.015079862351977,2.0313953017236743,-1.1861148332488511,-0.3949797584513229,-0.7229652710882118;-0.3657599985599518,-0.020320020616054535,0.0;1.0,0.0,0.0,0.0
0.0;-5.0003525404725595,2.9658591407136323,-2.0153545881754464,2.027041786589565,-1.1844871553547451,-0.4011501284658374,-0.713583997649169;-0.3657599985599518,-0.024014538154006004,0.0;1.0,0.0,0.0,0.0
0.0;-4.992018040576909,2.975687810024149,-2.015864076477236,2.0226817043171925,-1.1829799319058039,-0.40741331491410404,-0.7040092982977175;-0.3657599985599518,-0.02770908735692501,0.0;1.0,0.0,0.0,0.0
0.0;-4.983733144319705,2.985596840883669,-2.0165961426537162,2.0183165447967593,-1.1815875361921262,-0.4137423561750391,-0.694257633829754;-0.3657599985599518,-0.031403638422489166,0.0;1.0,0.0,0.0,0.0
0.0;-4.975509204328213,2.9955724237683183,-2.0175409962161064,2.013947408963796,-1.180304729384731,-0.420115460171179,-0.6843423490463689;-0.3657599985599518,-0.03509818762540817,0.0;1.0,0.0,0.0,0.0
0.0;-4.967354077082789,3.0056035582207126,-2.018692576978415,2.009575212265798,-1.1791288199612242,-0.4265186113597061,-0.6742727273411351;-0.3657599985599518,-0.03879275172948837,0.0;1.0,0.0,0.0,0.0
0.0;-4.959271835768864,3.01568167757943,-2.0200468334966732,2.0052002222556213,-1.1780589917725544,-0.43294331079881204,-0.6640545122130687;-0.3657599985599518,-0.04248729720711708,0.0;1.0,0.0,0.0,0.0
0.0;-4.9512641140803355,3.025799396408457,-2.0216001250594293,2.000821802958387,-1.1770950587443827,-0.4393832920176187,-0.6536917469329171;-0.3657599985599518,-0.0461818166077137,0.0;1.0,0.0,0.0,0.0
0.0;-4.94333206705793,3.035949098302151,-2.02334856820462,1.9964388020936357,-1.176236863847588,-0.4458325341947671,-0.6431887650487996;-0.3657599985599518,-0.049876365810632706,0.0;1.0,0.0,0.0,0.0
0.0;-4.935477487208437,3.0461221691883718,-2.02528791835222,1.9920501812025189,-1.1754841586294165,-0.4522846211373607,-0.6325512649350239;-0.3657599985599518,-0.05357091501355171,0.0;1.0,0.0,0.0,0.0
0.0;-4.927702779159158,3.0563091606118085,-2.0274134425159107,1.9876551074837796,-1.1748363852864852,-0.45873262692367717,-0.6217863148064793;-0.3657599985599518,-0.05726546421647072,0.0;1.0,0.0,0.0,0.0
0.0;-4.920010374770057,3.06650029020451,-2.0297198490980657,1.9832528123524946,-1.1742925066176713,-0.46516923402105775,-0.6109018360593003;-0.3657599985599518,-0.060960013419389725,0.0;1.0,0.0,0.0,0.0
0.0;-4.912402314600322,3.0766858262185113,-2.0322014526610888,1.9788424746897137,-1.173851070781356,-0.4715871006013176,-0.5999060942949823;-0.3657599985599518,-0.06465454399585724,0.0;1.0,0.0,0.0,0.0
0.0;-4.904880120137555,3.086856330721778,-2.0348524442460683,1.9744231421750387,-1.1735103810555607,-0.47797928162841447,-0.5888073472021258;-0.3657599985599518,-0.06834909319877625,0.0;1.0,0.0,0.0,0.0
0.0;-4.897444797978642,3.097002713158725,-2.037667118400704,1.9699938530126007,-1.173268711740555,-0.4843395352532818,-0.5776136753449809;-0.3657599985599518,-0.07204362750053406,0.0;1.0,0.0,0.0,0.0
0.0;-4.890096890761909,3.1071163196925986,-2.0406398975581554,1.9655535671523472,-1.1731243098300081,-0.49066233609062504,-0.566332916923272;-0.3657599985599518,-0.07573819160461426,0.0;1.0,0.0,0.0,0.0
0.0;-4.882836536704643,3.1171888523633338,-2.0437653051232516,1.96110128764106,-1.1730754191010446,-0.4969427775735511,-0.5549727256640632;-0.3657599985599518,-0.07943272590637207,0.0;1.0,0.0,0.0,0.0
0.0;-4.87566357280334,3.1272123979907875,-2.047037884705768,1.9566359262218362,-1.1731201671724594,-0.5031763988094325,-0.5435406262759471;-0.3657599985599518,-0.08312729746103287,0.0;1.0,0.0,0.0,0.0
0.0;-4.868577597492206,3.1371793031551323,-2.050452214641654,1.952156491066102,-1.1732566347523168,-0.5093591454267391,-0.5320440802521728;-0.3657599985599518,-0.08682183176279068,0.0;1.0,0.0,0.0,0.0
0.0;-4.861578042614214,3.1470822419502817,-2.0540029017038646,1.9476619589386115,-1.173482799593415,-0.5154873230718879,-0.5204904693041296;-0.3657599985599518,-0.09051636606454849,0.0;1.0,0.0,0.0,0.0
0.0;-4.854664120211663,3.1569142563618184,-2.0576845946203006,1.9431513103017484,-1.1737965468002476,-0.521557582567484,-0.5088870095955393;-0.3657599985599518,-0.09421093016862869,0.0;1.0,0.0,0.0,0.0
0.0;-4.847834849459037,3.166668729018695,-2.061492049615369,1.9386236353678843,-1.1741957593304686,-0.527566990060833,-0.4972407175971501;-0.3657599985599518,-0.09790545701980591,0.0;1.0,0.0,0.0,0.0
0.0;-4.841089084744127,3.1763394929221374,-2.0654201339391447,1.9340779588103143,-1.1746782530266324,-0.533512987943612,-0.48555834287170285;-0.3657599985599518,-0.10160002112388611,0.0;1.0,0.0,0.0,0.0
0.0;-4.8344255009555726,3.1859207543350503,-2.069463850256853,1.9295134182357796,-1.1752418663406472,-0.5393934095794833,-0.4738463593609954;-0.3657599985599518,-0.10529455542564392,0.0;1.0,0.0,0.0,0.0
0.0;-4.827842660243019,3.195407139874745,-2.0736183358792504,1.924929140704674,-1.1758844187409205,-0.545206439714853,-0.4621109605272956;-0.3657599985599518,-0.10898908972740173,0.0;1.0,0.0,0.0,0.0
0.0;-4.821338996554844,3.2047936902582363,-2.0778788568788666,1.9203242631068431,-1.1766037117680934,-0.5509505689112921,-0.4503580355106047;-0.3657599985599518,-0.11268365383148193,0.0;1.0,0.0,0.0,0.0
0.0;-4.814912863703409,3.214075788630065,-2.0822408294071972,1.9156980382840727,-1.1773975956909761,-0.5566246138520857,-0.4385932021505799;-0.3657599985599518,-0.11637818813323975,0.0;1.0,0.0,0.0,0.0
0.0;-4.808562571865897,3.2232492188851376,-2.0866998077864527,1.911049684049549,-1.1782639030017619,-0.5622276543315216,-0.4268217922491096;-0.3657599985599518,-0.12007275223731995,0.0;1.0,0.0,0.0,0.0
0.0;-4.802286372002067,3.23231008640514,-2.091251481371746,1.9063785279308643,-1.1792005089972124,-0.5677590251490409,-0.41504886771121174;-0.3657599985599518,-0.12376728653907776,0.0;1.0,0.0,0.0,0.0
0.0;-4.796082487112708,3.2412548759490543,-2.095891673894474,1.901683865203988,-1.180205277431538,-0.5732182731673059,-0.4032792001364962;-0.3657599985599518,-0.12746185064315796,0.0;1.0,0.0,0.0,0.0
0.0;-4.789949122812108,3.250080351990468,-2.100616350461176,1.8969651285051587,-1.1812761404355994,-0.5786051773170414,-0.3915173082972345;-0.3657599985599518,-0.13115635514259338,0.0;1.0,0.0,0.0,0.0
0.0;-4.783884476937674,3.258783669172009,-2.1054216132372527,1.8922216481650294,-1.1824109980142794,-0.5839196789518538,-0.3797674056157066;-0.3657599985599518,-0.13485091924667358,0.0;1.0,0.0,0.0,0.0
0.0;-4.777886715449346,3.2673622417734824,-2.1103037077938516,1.8874529117103946,-1.1836078368646497,-0.5891619227770964,-0.36803343154515544;-0.3657599985599518,-0.1385454535484314,0.0;1.0,0.0,0.0,0.0
0.0;-4.771954043182688,3.2758138071839955,-2.1152590299539575,1.8826583728721515,-1.1848646621119228,-0.5943322236178384,-0.3563190567213089;-0.3657599985599518,-0.1422400176525116,0.0;1.0,0.0,0.0,0.0
0.0;-4.766084683362518,3.2841363422720717,-2.120284103081826,1.87783758470685,-1.1861795407471507,-0.5994310478491754,-0.344627718355035;-0.3657599985599518,-0.1459345519542694,0.0;1.0,0.0,0.0,0.0
0.0;-4.760276882002145,3.2923281222858214,-2.1253755739700804,1.872990045846283,-1.187550536450922,-0.6044589603268109,-0.33296259656208466;-0.3657599985599518,-0.1496291309595108,0.0;1.0,0.0,0.0,0.0
0.0;-4.754528917789072,3.300387605037774,-2.130530205328331,1.8681154050948152,-1.1889757979773452,-0.6094166580546074,-0.32132667378259144;-0.3657599985599518,-0.15332365036010742,0.0;1.0,0.0,0.0,0.0
0.0;-4.748839134367821,3.3083135153833356,-2.135744882482348,1.8632132389375027,-1.1904534695049287,-0.6143049190581323,-0.3097227116532387;-0.3657599985599518,-0.15701818466186523,0.0;1.0,0.0,0.0,0.0
0.0;-4.743205866639414,3.316104807378492,-2.1410166093487524,1.8582831466075995,-1.1919817302040847,-0.6191245957903467,-0.2981532191593312;-0.3657599985599518,-0.16071274876594543,0.0;1.0,0.0,0.0,0.0
0.0;-4.737606160049238,3.323776162262204,-2.146361319680352,1.8533191272410443,-1.19356188951135,-0.6238869423714223,-0.28658057778289725;-0.3657599985599518,-0.16440728306770325,0.0;1.0,0.0,0.0,0.0
0.0;-4.732041669400934,3.331333346381924,-2.151776255844554,1.8483195039745342,-1.1952003850217208,-0.6286031326530477,-0.27500937602994285;-0.3657599985599518,-0.16810184717178345,0.0;1.0,0.0,0.0,0.0
0.0;-4.726523763463329,3.3387659659044653,-2.157253491340421,1.843289650132535,-1.1968949218526503,-0.6332715805912196,-0.2634587582191399;-0.3657599985599518,-0.17179638147354126,0.0;1.0,0.0,0.0,0.0
0.0;-4.721055831703231,3.346064817696438,-2.162783653273547,1.83823125548467,-1.1986378759878695,-0.6378831538330073,-0.25194248751867104;-0.3657599985599518,-0.17549091577529907,0.0;1.0,0.0,0.0,0.0
0.0;-4.715636355223173,3.353226054209275,-2.1683582968810415,1.8331427075953661,-1.2004230918449614,-0.6424305257330715,-0.24046930006558143;-0.3657599985599518,-0.17918545007705688,0.0;1.0,0.0,0.0,0.0
0.0;-4.710264626300365,3.360247772826214,-2.173973006832245,1.8280234168109302,-1.2022477586601086,-0.6469123921774917,-0.22904395157732574;-0.3657599985599518,-0.1828799992799759,0.0;1.0,0.0,0.0,0.0
0.0;-4.704538829665605,3.3630008261446447,-2.1749479319368934,1.8235108917433218,-1.2029542286906258,-0.6482210116221188,-0.2227149468988138;-0.3621385991573334,-0.1828799992799759,0.0;1.0,0.0,0.0,0.0
0.0;-4.69944681548944,3.3622634994358847,-2.1728239472655075,1.8190766810855818,-1.202232256489441,-0.6466641197591971,-0.22069477749825206;-0.35851722955703735,-0.1828799992799759,0.0;1.0,0.0,0.0,0.0
0.0;-4.694493477405687,3.359914191603854,-2.169625184250541,1.8139461380948736,-1.2007397743436483,-0.6433196539536143,-0.22072702602010846;-0.35489583015441895,-0.1828799992799759,0.0;1.0,0.0,0.0,0.0
0.0;-4.68944903183919,3.3566509440746644,-2.165858657799948,1.8082893103339555,-1.1989293134805532,-0.6390536423701022,-0.2218588446958746;-0.3512744605541229,-0.1828799992799759,0.0;1.0,0.0,0.0,0.0
0.0;-4.684495838421084,3.3526434524641964,-2.16160347180424,1.802426837127649,-1.1969386765907426,-0.6342855094330425,-0.22392428435274442;-0.3476530611515045,-0.1828799992799759,0.0;1.0,0.0,0.0,0.0
0.0;-4.679773708729526,3.3480049163699706,-2.156929466088511,1.796509137448964,-1.1947809342148512,-0.6291278813238227,-0.22688934261495844;-0.3440316617488861,-0.1828799992799759,0.0;1.0,0.0,0.0,0.0
0.0;-4.675283033679203,3.342877743318336,-2.1519074203648727,1.7905879855693942,-1.1924579907018042,-0.6236357767947911,-0.2306304595894236;-0.3404102921485901,-0.1828799992799759,0.0;1.0,0.0,0.0,0.0
0.0;-4.670970671543456,3.337402348191012,-2.146615296625199,1.7846797097505822,-1.1899942104380676,-0.6178895146829388,-0.2349709833381654;-0.3367888927459717,-0.1828799992799759,0.0;1.0,0.0,0.0,0.0
0.0;-4.666781427294976,3.331686585157337,-2.1411340938590397,1.7787829539168585,-1.1874285212722873,-0.6119745096604532,-0.23974769099625334;-0.33316752314567566,-0.1828799992799759,0.0;1.0,0.0,0.0,0.0
0.0;-4.6626665576110735,3.3258026400453335,-2.135530313685266,1.7728847288225633,-1.1847977684148134,-0.6059577822148179,-0.24483559066623686;-0.32954612374305725,-0.1828799992799759,0.0;1.0,0.0,0.0,0.0
0.0;-4.656142776035261,3.3177428320786273,-2.1253254386407954,1.764252884748298,-1.1807447557244612,-0.5984652645618677,-0.2517949910153261;-0.32592475414276123,-0.1828799992799759,0.0;1.0,0.0,0.0,0.0
0.0;-4.652387972847794,3.3091139899506534,-2.120805178923314,1.7584250264415546,-1.1779412015989137,-0.5900785684003123,-0.2592901431684714;-0.3223033547401428,-0.1828799992799759,0.0;1.0,0.0,0.0,0.0
0.0;-4.649625965359527,3.3020180810265707,-2.113468774984806,1.7508744942126984,-1.174961409576793,-0.5835302665176083,-0.26805095829808834;-0.3186819553375244,-0.1828799992799759,0.0;1.0,0.0,0.0,0.0
0.0;-4.646781002165158,3.295595447607962,-2.108886301493521,1.7471885962931382,-1.1724956460969769,-0.5776935042302452,-0.2737371743453101;-0.3150605857372284,-0.1828799992799759,0.0;1.0,0.0,0.0,0.0
0.0;-4.643663676393233,3.2909133351534017,-2.1040986572539224,1.742725012423852,-1.170168523818703,-0.5728073223063267,-0.2783577074603204;-0.31143918633461,-0.1828799992799759,0.0;1.0,0.0,0.0,0.0
0.0;-4.639564036774562,3.286198775069413,-2.099062118578199,1.73722731740014,-1.1676612904972261,-0.5675808263157822,-0.2825816487771642;-0.30781781673431396,-0.1828799992799759,0.0;1.0,0.0,0.0,0.0
0.0;-4.634922963028408,3.2808971211170563,-2.093869059522637,1.731074723615431,-1.1651932423699174,-0.5620187573820437,-0.2871408439637652;-0.30419641733169556,-0.1828799992799759,0.0;1.0,0.0,0.0,0.0
0.0;-4.627576450182635,3.273211337825188,-2.0842290410698228,1.72176417437512,-1.1615687126518301,-0.5550786011686683,-0.2937894215989018;-0.30057501792907715,-0.1828799992799759,0.0;1.0,0.0,0.0,0.0
0.0;-4.622891856224182,3.264291998482648,-2.0798813398404463,1.7152066327068032,-1.1590758691016734,-0.5472025976271406,-0.3012598980569404;-0.29695364832878113,-0.1828799992799759,0.0;1.0,0.0,0.0,0.0
0.0;-4.619583513032355,3.2568962962786583,-2.072460754272695,1.7068260307239604,-1.1563094862226666,-0.5412100129201248,-0.31032409004816874;-0.2933322489261627,-0.1828799992799759,0.0;1.0,0.0,0.0,0.0
0.0;-4.616358543513704,3.2502126130830216,-2.068053904584088,1.702901430613345,-1.153984804080005,-0.535554128569372,-0.31633627942276915;-0.2897108793258667,-0.1828799992799759,0.0;1.0,0.0,0.0,0.0
0.0;-4.61098856776735,3.243838719418188,-2.059755845648953,1.6965511817925174,-1.1506324486190904,-0.5297725859162963,-0.32263603439892513;-0.2860894799232483,-0.1828799992799759,0.0;1.0,0.0,0.0,0.0
0.0;-4.607232431430961,3.237394925537193,-2.0553769052263458,1.690191863781872,-1.1482413318268885,-0.5235478813724092,-0.3292512632339699;-0.28246811032295227,-0.1828799992799759,0.0;1.0,0.0,0.0,0.0
0.0;-4.603293186238353,3.2313032810331004,-2.05074716128947,1.6840940095146881,-1.1460510926558405,-0.5181498738420317,-0.3352113449261633;-0.27884671092033386,-0.1828799992799759,0.0;1.0,0.0,0.0,0.0
0.0;-4.596685674931464,3.224373753458622,-2.0422865965448294,1.6761751449849016,-1.142827797025212,-0.5123621131858094,-0.34144005310200126;-0.27522534132003784,-0.1828799992799759,0.0;1.0,0.0,0.0,0.0
0.0;-4.592204885182662,3.217241772226478,-2.0382512958583923,1.6700897382086917,-1.1407170250392424,-0.5062534391370429,-0.347844031526329;-0.27160394191741943,-0.1828799992799759,0.0;1.0,0.0,0.0,0.0
0.0;-4.587748335128781,3.2108913553788128,-2.0321222183722822,1.6615972136225554,-1.138189649014696,-0.5005989426371882,-0.3552988977166492;-0.267982542514801,-0.1828799992799759,0.0;1.0,0.0,0.0,0.0
0.0;-4.580398622629666,3.2019505024871764,-2.025154188833737,1.6557995606998392,-1.1350779487400993,-0.49363182677938117,-0.3617567368494888;-0.264361172914505,-0.1828799992799759,0.0;1.0,0.0,0.0,0.0
0.0;-4.5758129252129915,3.192814274681744,-2.0191973382328703,1.647890784680587,-1.1324460786302724,-0.48674992780994314,-0.37134487140674866;-0.2607397735118866,-0.1828799992799759,0.0;1.0,0.0,0.0,0.0
0.0;-4.571943621653141,3.1856011092799843,-2.0130626046162536,1.6406448565937695,-1.1297161392670316,-0.48094241739363297,-0.37974958331753467;-0.2571184039115906,-0.1828799992799759,0.0;1.0,0.0,0.0,0.0
0.0;-4.5688352026522026,3.181459266169961,-2.0083428979664792,1.6354437499216776,-1.1276085520794352,-0.4771003475264938,-0.38486846420183957;-0.25349700450897217,-0.1828799992799759,0.0;1.0,0.0,0.0,0.0
0.0;-4.564729205603426,3.1778989452215627,-2.004193460704167,1.63036878110545,-1.1257279551651982,-0.4734350005747345,-0.388473835533117;-0.24987563490867615,-0.1828799992799759,0.0;1.0,0.0,0.0,0.0
0.0;-4.559417109698928,3.1737126030590432,-1.9998728711992715,1.6240948491849136,-1.1238677121040797,-0.46932584767974367,-0.39215519901940415;-0.24625423550605774,-0.1828799992799759,0.0;1.0,0.0,0.0,0.0
0.0;-4.550512352105965,3.1674290016492512,-1.9914592770969426,1.6137212268836798,-1.1210684347702333,-0.46398846142070294,-0.39778241429475736;-0.24263285100460052,-0.1828799992799759,0.0;1.0,0.0,0.0,0.0
0.0;-4.543134294773997,3.1585498186247585,-1.9875479291672558,1.6054446053016622,-1.1191609988161422,-0.4573561402794048,-0.4046007568085076;-0.2390114665031433,-0.1828799992799759,0.0;1.0,0.0,0.0,0.0
0.0;-4.539292191945121,3.1527082582722854,-1.9831936567632398,1.5990135412115039,-1.1176779425951813,-0.4537817851478595,-0.41077865379341616;-0.2353900820016861,-0.1828799992799759,0.0;1.0,0.0,0.0,0.0
0.0;-4.535032104317528,3.148043172830997,-1.9783240343603823,1.5933392877860184,-1.1157679270294276,-0.45023361831127967,-0.4158036726615393;-0.23176869750022888,-0.1828799992799759,0.0;1.0,0.0,0.0,0.0
0.0;-4.5296153461383675,3.1433809789096894,-1.973524270849753,1.5868261592550148,-1.1136342583246692,-0.4459166000773432,-0.42049995723761496;-0.22814731299877167,-0.1828799992799759,0.0;1.0,0.0,0.0,0.0
0.0;-4.520772209812867,3.1370233066013062,-1.965144743795844,1.576585844216914,-1.1106444505514868,-0.44049188899878705,-0.4268960760478684;-0.22452592849731445,-0.1828799992799759,0.0;1.0,0.0,0.0,0.0
0.0;-4.513808486789997,3.128660149389216,-1.9606982221233786,1.5686290096780295,-1.1087360378756135,-0.43484581447165566,-0.4340781249406068;-0.22090454399585724,-0.1828799992799759,0.0;1.0,0.0,0.0,0.0
0.0;-4.508350284334829,3.121356036588638,-1.9541705929834496,1.558793687533538,-1.1064985310324555,-0.43049379321661796,-0.44273270507011786;-0.21728314459323883,-0.1828799992799759,0.0;1.0,0.0,0.0,0.0
0.0;-4.503180159378717,3.114987055115636,-1.9497330018627619,1.5534184132375977,-1.104463104041609,-0.4260343234295157,-0.4488493062901009;-0.2136617749929428,-0.1828799992799759,0.0;1.0,0.0,0.0,0.0
0.0;-4.495993870567901,3.1092765430870313,-1.9419012727138396,1.5458415720717145,-1.101468528562906,-0.4213665851569786,-0.45534197416426136;-0.2100403904914856,-0.1828799992799759,0.0;1.0,0.0,0.0,0.0
0.0;-4.491222656984994,3.102235555155481,-1.9372504959171903,1.5381509061078642,-1.0993641386872592,-0.41691992820819057,-0.4632037013094243;-0.20641900599002838,-0.1828799992799759,0.0;1.0,0.0,0.0,0.0
0.0;-4.485234543467882,3.0956852329789433,-1.932705130740126,1.5314832690375595,-1.0972302514757988,-0.4121860919193415,-0.46973677527728297;-0.20279762148857117,-0.1828799992799759,0.0;1.0,0.0,0.0,0.0
0.0;-4.479522232719003,3.091176045294216,-1.9278827060491321,1.5245772344140012,-1.0951245941520953,-0.40833829460665483,-0.474752062728867;-0.19917623698711395,-0.1828799992799759,0.0;1.0,0.0,0.0,0.0
0.0;-4.473367372891466,3.086842837800187,-1.9232224610021482,1.5174729686045507,-1.093198918063117,-0.40470025433184426,-0.4792627835851572;-0.19555485248565674,-0.1828799992799759,0.0;1.0,0.0,0.0,0.0
0.0;-4.463839842614996,3.0810702515472186,-1.9151891819395752,1.506913410074971,-1.0906012783650132,-0.4004377020707865,-0.48542310320957077;-0.19193346798419952,-0.1828799992799759,0.0;1.0,0.0,0.0,0.0
0.0;-4.455479857863653,3.0729202861972187,-1.910931499713337,1.4980867550824462,-1.0887603084393906,-0.39536426561058996,-0.4924124367508486;-0.1883120834827423,-0.1828799992799759,0.0;1.0,0.0,0.0,0.0
0.0;-4.450475612515392,3.067359706015824,-1.9066238799924786,1.4909527735948955,-1.0871922593129004,-0.39244389505588834,-0.4986092543540941;-0.1846906989812851,-0.1828799992799759,0.0;1.0,0.0,0.0,0.0
0.0;-4.4450521787263515,3.0630312549146863,-1.9018219504449425,1.4845506467897205,-1.085280773841964,-0.3894344743526106,-0.5036746310821488;-0.1810692995786667,-0.1828799992799759,0.0;1.0,0.0,0.0,0.0
0.0;-4.43563722184505,3.0579893698077454,-1.8934211597120807,1.4743994326105683,-1.0822665630277493,-0.38519759420936567,-0.5100156434899561;-0.17744791507720947,-0.1828799992799759,0.0;1.0,0.0,0.0,0.0
0.0;-4.426226645735056,3.049448714047196,-1.8897254107477632,1.46468638467205,-1.080031861772554,-0.37922736543657415,-0.5173674949371307;-0.17382653057575226,-0.1828799992799759,0.0;1.0,0.0,0.0,0.0
0.0;-4.420997274531281,3.044238949530428,-1.8847991652845852,1.4573757333652244,-1.0784961359948688,-0.3770754880261519,-0.5235763205022966;-0.17020514607429504,-0.1828799992799759,0.0;1.0,0.0,0.0,0.0
0.0;-4.415795513051221,3.04011955616783,-1.880034705654221,1.4512923227259604,-1.0767891404590713,-0.37479830568027916,-0.5286303846104682;-0.16658376157283783,-0.1828799992799759,0.0;1.0,0.0,0.0,0.0
0.0;-4.406687454587243,3.0355216481135128,-1.8722449545359172,1.4415297797968922,-1.0739184305957268,-0.3709999892521705,-0.5348314488816418;-0.16296236217021942,-0.1828799992799759,0.0;1.0,0.0,0.0,0.0
0.0;-4.397388681008651,3.0280020305572886,-1.8682159043347981,1.4321604277669986,-1.0716461173742384,-0.3658522796781996,-0.5416973106143336;-0.1593409776687622,-0.1828799992799759,0.0;1.0,0.0,0.0,0.0
0.0;-4.391709792456794,3.023071852219592,-1.8636679665710394,1.4246528949999913,-1.0700452295699279,-0.36367756125775297,-0.5475750006634728;-0.155719593167305,-0.1828799992799759,0.0;1.0,0.0,0.0,0.0
0.0;-4.385917257728178,3.0191298541331677,-1.8590351929800384,1.418149770904311,-1.0683438847060016,-0.36149856601398,-0.5524294647128554;-0.15209820866584778,-0.1828799992799759,0.0;1.0,0.0,0.0,0.0
0.0;-4.376171648420688,3.0148111722509783,-1.8512715867266563,1.4079654719722194,-1.0655677046278809,-0.3581001359206698,-0.5584616614434526;-0.14847682416439056,-0.1828799992799759,0.0;1.0,0.0,0.0,0.0
0.0;-4.3662075195617716,3.00736928599764,-1.8474036183316944,1.3980923357835084,-1.0633275823775727,-0.3532614112487325,-0.565205860943236;-0.14485543966293335,-0.1828799992799759,0.0;1.0,0.0,0.0,0.0
0.0;-4.360261430432778,3.002790487877432,-1.8427780623359875,1.3904851155910927,-1.0617284699686653,-0.3514940118717125,-0.5708937059084431;-0.14123405516147614,-0.1828799992799759,0.0;1.0,0.0,0.0,0.0
0.0;-4.354362086464503,2.9991870850990745,-1.8382426628802961,1.3840181340616224,-1.0600433115595231,-0.3496168597036188,-0.5755753681707411;-0.13761267066001892,-0.1828799992799759,0.0;1.0,0.0,0.0,0.0
0.0;-4.34447415409347,2.995351894167629,-1.8307808848598779,1.3738413934122546,-1.0573055727566592,-0.34653497368946334,-0.5813724969924485;-0.1339912712574005,-0.1828799992799759,0.0;1.0,0.0,0.0,0.0
0.0;-4.334232050060749,2.9884351151461757,-1.8269245885186967,1.3638560862831486,-1.0550629634708504,-0.34218424376996254,-0.5877811544653707;-0.1303698867559433,-0.1828799992799759,0.0;1.0,0.0,0.0,0.0
0.0;-4.327955618886853,2.9841967487285292,-1.8224232852331355,1.3561173840174026,-1.053460361301671,-0.3406766474917954,-0.5931703425181304;-0.12674850225448608,-0.1828799992799759,0.0;1.0,0.0,0.0,0.0
0.0;-4.3217594251981195,2.980893907814794,-1.81801778030889,1.349496586706032,-1.0517977547472865,-0.33902927507657,-0.5976171141489723;-0.12312713265419006,-0.1828799992799759,0.0;1.0,0.0,0.0,0.0
0.0;-4.311538641589036,2.9775151562704707,-1.8107644548552602,1.3391430649451541,-1.0491144720958887,-0.33628112463351284,-0.6031393780214377;-0.11950574815273285,-0.1828799992799759,0.0;1.0,0.0,0.0,0.0
0.0;-4.300861215086569,2.9709636248202393,-1.8070338930065062,1.3288701042653646,-1.0468720356456618,-0.3322962699457402,-0.6092321501880867;-0.11588436365127563,-0.1828799992799759,0.0;1.0,0.0,0.0,0.0
0.0;-4.2943240967676735,2.9671322923047088,-1.8025848118345198,1.3210415539696048,-1.0452758059789764,-0.3311101666338702,-0.6143095956457055;-0.11226297914981842,-0.1828799992799759,0.0;1.0,0.0,0.0,0.0
0.0;-4.28796493443806,2.9641852026608273,-1.7983242100170647,1.3143813019776702,-1.0436444160399594,-0.3297213589317059,-0.6184908684462885;-0.10864157974720001,-0.1828799992799759,0.0;1.0,0.0,0.0,0.0
0.0;-4.277538165998212,2.961313450801549,-1.7913476045556964,1.30394290728323,-1.0410114909894956,-0.32727757733336343,-0.6236864527839316;-0.10502021014690399,-0.1828799992799759,0.0;1.0,0.0,0.0,0.0
0.0;-4.266521256306925,2.955215198783549,-1.787754844828229,1.2934488657401735,-1.0387662429647726,-0.3236489044872712,-0.6293851493036473;-0.10139880329370499,-0.1828799992799759,0.0;1.0,0.0,0.0,0.0
0.0;-4.259740967033404,2.951815067990317,-1.7834043538879596,1.2855373457555876,-1.0371840462402697,-0.3227437107083749,-0.6340979707610039;-0.09777743369340897,-0.1828799992799759,0.0;1.0,0.0,0.0,0.0
0.0;-4.253217827365787,2.9492321822168392,-1.779310049898796,1.2788186506503652,-1.0355945553994563,-0.3215903706457654,-0.6379718373234441;-0.09415603429079056,-0.1828799992799759,0.0;1.0,0.0,0.0,0.0
0.0;-4.242581795426999,2.9468774174586456,-1.77261063976979,1.2682654833658527,-1.033021851011614,-0.3194337911058781,-0.6427950301029748;-0.09053466469049454,-0.1828799992799759,0.0;1.0,0.0,0.0,0.0
0.0;-4.23121346115124,2.941200555494567,-1.7692110200476743,1.2575063715234378,-1.0307799892414564,-0.3160997908076227,-0.6480622932830218;-0.08691326528787613,-0.1828799992799759,0.0;1.0,0.0,0.0,0.0
0.0;-4.224238543345568,2.93826759116399,-1.7649583449118387,1.2495310437934664,-1.0292261757758596,-0.31546926609683384,-0.6523789628015595;-0.0832919031381607,-0.1828799992799759,0.0;1.0,0.0,0.0,0.0
0.0;-4.217614204402303,2.9360692968001083,-1.7610483433147472,1.2427929614473905,-1.0276926013397898,-0.31453999447896025,-0.6559104442842829;-0.0796705037355423,-0.1828799992799759,0.0;1.0,0.0,0.0,0.0
0.0;-4.206826676557252,2.934247072772941,-1.7546547531726326,1.2321470482687724,-1.0251898305728335,-0.31263711407996114,-0.6603129949708332;-0.07604913413524628,-0.1828799992799759,0.0;1.0,0.0,0.0,0.0
0.0;-4.195152523913784,2.9290003282267105,-1.751487472256574,1.22112299826206,-1.0229626951057391,-0.3095511386858694,-0.6650942783703352;-0.07242770493030548,-0.1828799992799759,0.0;1.0,0.0,0.0,0.0
0.0;-4.188021270413373,2.9265548424686685,-1.7473545375387698,1.2130941382047085,-1.021454424417692,-0.309165577276979,-0.6689778440965436;-0.06880633533000946,-0.1828799992799759,0.0;1.0,0.0,0.0,0.0
0.0;-4.1813308183300295,2.9247469710867264,-1.7436460957838769,1.2063470725698493,-1.0199930623593405,-0.30843625555512133,-0.6721329364924539;-0.06518493592739105,-0.1828799992799759,0.0;1.0,0.0,0.0,0.0
0.0;-4.170424270484911,2.9234599839108983,-1.737573829248144,1.1956046898742694,-1.0175759121546077,-0.30675309723941807,-0.6760695843025603;-0.06156356260180473,-0.1828799992799759,0.0;1.0,0.0,0.0,0.0
0.0;-4.158470588428629,2.9186232421738225,-1.73468427883758,1.18429338211036,-1.0153815468292648,-0.30385954269425136,-0.6803182970529021;-0.057942163199186325,-0.1828799992799759,0.0;1.0,0.0,0.0,0.0
0.0;-4.1512264044894795,2.9166831280536374,-1.730685632513548,1.1762197472881357,-1.0139389933253575,-0.30369216272245225,-0.6837376893040233;-0.0543207973241806,-0.1828799992799759,0.0;1.0,0.0,0.0,0.0
0.0;-4.14451445787449,2.9152693256895312,-1.7271943286532467,1.1694823762125097,-1.0125679143013642,-0.3031373317948813,-0.6864859756119404;-0.050699397921562195,-0.1828799992799759,0.0;1.0,0.0,0.0,0.0
0.0;-4.133531210257372,2.9145155392945163,-1.721463601161965,1.1586485018534658,-1.0102551105455715,-0.30163447466095944,-0.6899124845913311;-0.047078028321266174,-0.1828799992799759,0.0;1.0,0.0,0.0,0.0
0.0;-4.121338530193221,2.910072254790855,-1.7188930551796617,1.1470356456380275,-1.0081176760979265,-0.29888150778818606,-0.693579509656272;-0.043456628918647766,-0.1828799992799759,0.0;1.0,0.0,0.0,0.0
0.0;-4.114018357667363,2.9086469783995126,-1.7150488357124918,1.1389201349142082,-1.006762438613235,-0.2988988921952274,-0.6965035386471844;-0.039835259318351746,-0.1828799992799759,0.0;1.0,0.0,0.0,0.0
0.0;-4.107318912454103,2.9076239592537574,-1.7117895162011523,1.132200854496805,-1.0055002591344837,-0.29848939697668436,-0.6988172906039928;-0.03621385991573334,-0.1828799992799759,0.0;1.0,0.0,0.0,0.0
0.0;-4.096292868419435,2.907394677818629,-1.7064185216419931,1.1212736730663038,-1.003313754334197,-0.2971276805637003,-0.7016917823615545;-0.03259246051311493,-0.1828799992799759,0.0;1.0,0.0,0.0,0.0
0.0;-4.083899484920551,2.903320553712614,-1.7042085147286279,1.109340725505392,-1.0012625047887802,-0.29446523044542766,-0.7047292211262364;-0.02897109091281891,-0.1828799992799759,0.0;1.0,0.0,0.0,0.0
0.0;-4.0765347788408715,2.9024151412161854,-1.7005392271330622,1.1011817171911877,-1.000016383990692,-0.2946338523344915,-0.7071280239655615;-0.0253496915102005,-0.1828799992799759,0.0;1.0,0.0,0.0,0.0
0.0;-4.069876821606014,2.9017758848319533,-1.6975266351127654,1.094485285250834,-0.9988811418756018,-0.29434036771719424,-0.7089823181595472;-0.02172832190990448,-0.1828799992799759,0.0;1.0,0.0,0.0,0.0
0.0;-4.0588393828610325,2.902058154151454,-1.6925359065793677,1.0834632530585258,-0.9968443731288337,-0.2930817207104202,-0.7112648322017617;-0.018106922507286072,-0.1828799992799759,0.0;1.0,0.0,0.0,0.0
0.0;-4.046286375452541,2.8983289978887963,-1.6907268959437032,1.0711940993332945,-0.9949119260926066,-0.2904648268062673,-0.7136237382842949;-0.014485523104667664,-0.1828799992799759,0.0;1.0,0.0,0.0,0.0
0.0;-4.038899636344792,2.897943517440016,-1.68725680366203,1.062984644114654,-0.9937955428930008,-0.29075089597845094,-0.715467227518708;-0.010864153504371643,-0.1828799992799759,0.0;1.0,0.0,0.0,0.0
0.0;-4.032302476181133,2.8976774398173384,-1.684506781297368,1.056308381607626,-0.9928034125212198,-0.2905452089483507,-0.7168391635192259;-0.007242754101753235,-0.1828799992799759,0.0;1.0,0.0,0.0,0.0
0.0;-4.021278804473838,2.8984550008065395,-1.6799195506530624,1.0451877220501378,-0.990939771144089,-0.28935536752231017,-0.7184913171473727;-0.0036213845014572144,-0.1828799992799759,0.0;1.0,0.0,0.0,0.0
0.0;-4.008605747997889,2.8950462434281428,-1.6785531418965878,1.0325674478327083,-0.9891599766967525,-0.28674485338235345,-0.7201216050047449;0.0,-0.1828799992799759,0.0;1.0,0.0,0.0,0.0
0.0;-4.002650237939369,2.892708876210707,-1.6757512769181557,1.0298081679816395,-0.9899112297113017,-0.28993520174617415,-0.7221191605034695;0.0,-0.17922239005565643,0.0;1.0,0.0,0.0,0.0
0.0;-4.000283546735254,2.889430250234223,-1.6739057871301501,1.0323385802421678,-0.9915222351572314,-0.2942656418434669,-0.7245050765190316;0.0,-0.17556479573249817,0.0;1.0,0.0,0.0,0.0
0.0;-3.997803779428203,2.8848329711527536,-1.6706998461328413,1.0353286353737305,-0.9930128313678018,-0.300103391019211,-0.7289949082187632;0.0,-0.1719071865081787,0.0;1.0,0.0,0.0,0.0
0.0;-3.9942921705650507,2.8796085707366967,-1.6680272097604025,1.036330019459824,-0.9929658766411178,-0.30302373847007835,-0.734646531789931;0.0,-0.16824959218502045,0.0;1.0,0.0,0.0,0.0
0.0;-3.9897789348351362,2.874516439351929,-1.6636819141374128,1.0365177060879303,-0.9916763127580943,-0.30525258389989657,-0.7421442714980769;0.0,-0.164591982960701,0.0;1.0,0.0,0.0,0.0
0.0;-3.985631087633411,2.8685880100127417,-1.6589432704663258,1.0372237743712336,-0.9901053494340435,-0.3078863425153691,-0.751012911398668;0.0,-0.16093438863754272,0.0;1.0,0.0,0.0,0.0
0.0;-3.9821207439453037,2.8621222057372626,-1.6540121970321724,1.038775484893407,-0.9884005079941113,-0.31097410773312995,-0.7607967344083373;0.0,-0.15727677941322327,0.0;1.0,0.0,0.0,0.0
0.0;-3.9787226966335716,2.855413022921039,-1.6486791204185767,1.0406246816159705,-0.9862196859425296,-0.31401162002529714,-0.7715231100727831;0.0,-0.153619185090065,0.0;1.0,0.0,0.0,0.0
0.0;-3.9750290579746808,2.8484211585091623,-1.6429158566421656,1.0422970651281849,-0.9834087400431631,-0.3167959501624712,-0.7833127955324183;0.0,-0.14996159076690674,0.0;1.0,0.0,0.0,0.0
0.0;-3.970967796830404,2.840948913033844,-1.6365757454391514,1.043830961992536,-0.9800103331876753,-0.3197064796547276,-0.7963832752009349;0.0,-0.14630398154258728,0.0;1.0,0.0,0.0,0.0
0.0;-3.9666727042704335,2.832853899818901,-1.6296965006286344,1.0454507154765784,-0.9760565437281011,-0.32295955960174444,-0.8108404520759612;0.0,-0.14264638721942902,0.0;1.0,0.0,0.0,0.0
0.0;-3.962241455262786,2.824213473982956,-1.6223373460050847,1.047275937253671,-0.971434355400572,-0.32643845042555963,-0.8267205193783983;0.0,-0.13898879289627075,0.0;1.0,0.0,0.0,0.0
0.0;-3.95766158927271,2.8151530583784736,-1.6145349913784728,1.0492974601198644,-0.9659997022807907,-0.3299872202265719,-0.8440296039223851;0.0,-0.1353311836719513,0.0;1.0,0.0,0.0,0.0
0.0;-3.9528714424483016,2.8057146650501283,-1.6063453515259143,1.0514879159136004,-0.9597228517892678,-0.3336592152011246,-0.8627206714322503;0.0,-0.13167358934879303,0.0;1.0,0.0,0.0,0.0
0.0;-3.9478200060833775,2.795927437109725,-1.5978705252588714,1.0538572984526913,-0.9526807428077467,-0.33762952623936865,-0.8826326932950641;0.0,-0.12801599502563477,0.0;1.0,0.0,0.0,0.0
0.0;-3.9424806559078642,2.785914254429992,-1.5892559187908837,1.0564154249389546,-0.9449667270556051,-0.3419817289130063,-0.903483600791566;0.0,-0.12435838580131531,0.0;1.0,0.0,0.0,0.0
0.0;-3.936844922747588,2.7758666378907852,-1.5806635370089095,1.0591386401483533,-0.936660342887056,-0.3466846630204603,-0.9249367074033713;0.0,-0.12070079147815704,0.0;1.0,0.0,0.0,0.0
0.0;-3.9309159219676153,2.765946507983066,-1.5722386345968042,1.0619930768941737,-0.9278673600252599,-0.3517265446087016,-0.9466641686744329;0.0,-0.11704318970441818,0.0;1.0,0.0,0.0,0.0
0.0;-3.9247001780478454,2.756254148302064,-1.5640920722443383,1.0649580980072704,-0.9187363263474532,-0.3571627676627586,-0.9683702485607617;0.0,-0.11338558793067932,0.0;1.0,0.0,0.0,0.0
0.0;-3.918201372837374,2.746862630757535,-1.556297147231347,1.0680101033936134,-0.9094115683469453,-0.36303382949390667,-0.9898083233979268;0.0,-0.10972798615694046,0.0;1.0,0.0,0.0,0.0
0.0;-3.911422628435967,2.737834310744523,-1.5488885889383504,1.0711100920249987,-0.8999873531202808,-0.36931493627495204,-1.0108092783711675;0.0,-0.10607039928436279,0.0;1.0,0.0,0.0,0.0
0.0;-3.9043739599840337,2.7292004439387996,-1.5418663690933199,1.0742251880835467,-0.8905157994806095,-0.3759627960279724,-1.0312924388098585;0.0,-0.10241279751062393,0.0;1.0,0.0,0.0,0.0
0.0;-3.8970743339190177,2.720952900102974,-1.535208278169682,1.0773483070010075,-0.8810359492112465,-0.3829619713792317,-1.0512404912423061;0.0,-0.09875519573688507,0.0;1.0,0.0,0.0,0.0
0.0;-3.889544862910315,2.7130680964935325,-1.5288842192752432,1.0804859871474377,-0.8715812382495048,-0.39030731762764753,-1.070661316612614;0.0,-0.09509759396314621,0.0;1.0,0.0,0.0,0.0
0.0;-3.881802533425628,2.705530917579954,-1.5228650861390771,1.0836362835795594,-0.8621747996093695,-0.3979726109435201,-1.0895634935020406;0.0,-0.09143999963998795,0.0;1.0,0.0,0.0,0.0
0.0;-3.8738623889098407,2.6983350439461975,-1.5171263475014,1.086786601790734,-0.8528377037023512,-0.40591574178210504,-1.1079455605872668;0.0,-0.08778240531682968,0.0;1.0,0.0,0.0,0.0
0.0;-3.865743905432837,2.6914735821502807,-1.5116493034340748,1.0899248848904557,-0.8436050261986162,-0.41409933784787245,-1.125789575548372;0.0,-0.08412480354309082,0.0;1.0,0.0,0.0,0.0
0.0;-3.85747233848791,2.6849378969377518,-1.506420421405924,1.0930422281837793,-0.834529359228512,-0.4224919172034346,-1.1430597597596424;0.0,-0.08046720176935196,0.0;1.0,0.0,0.0,0.0
0.0;-3.8490735761035655,2.678721297390781,-1.501428197538459,1.096125451705714,-0.8256697917373936,-0.4310565342606957,-1.1597105425103722;0.0,-0.0768095999956131,0.0;1.0,0.0,0.0,0.0
0.0;-3.840568804152323,2.672817598197586,-1.496659232825023,1.099153804642163,-0.8170806202692322,-0.4397502429214789,-1.1757000303116565;0.0,-0.07315200567245483,0.0;1.0,0.0,0.0,0.0
0.0;-3.831973411505572,2.6672158555097494,-1.4920962432992098,1.1021045323709884,-0.8088072664809297,-0.4485343263000192,-1.1910002702161568;0.0,-0.06949441134929657,0.0;1.0,0.0,0.0,0.0
0.0;-3.8232985830895796,2.6618986772928155,-1.4877186746854876,1.1049589839233396,-0.8008849772105028,-0.4573798637834978,-1.2056007802965152;0.0,-0.06583679467439651,0.0;1.0,0.0,0.0,0.0
0.0;-3.814552479282571,2.6568453417121383,-1.4835044678606812,1.1077033160647682,-0.7933365297538701,-0.4662644427407831,-1.2195075172004732;0.0,-0.06217920035123825,0.0;1.0,0.0,0.0,0.0
0.0;-3.8057403894837014,2.652035086646977,-1.4794316420236395,1.11032664397369,-0.7861715819372054,-0.4751682935019616,-1.232739568721023;0.0,-0.05852160602807999,0.0;1.0,0.0,0.0,0.0
0.0;-3.796865357992084,2.647448120227901,-1.4754794772088602,1.112820365548321,-0.7793897363859457,-0.48407444962475965,-1.2453245426736692;0.0,-0.05486401170492172,0.0;1.0,0.0,0.0,0.0
0.0;-3.7879293473613496,2.6430656711095653,-1.4716294169492037,1.1151785506433882,-0.7729851673560151,-0.4929698439120084,-1.2572935969842367;0.0,-0.051206402480602264,0.0;1.0,0.0,0.0,0.0
0.0;-3.7789341340482903,2.638870526598687,-1.4678655532133547,1.1173974938765994,-0.7669496347974617,-0.5018444534601182,-1.2686777758790388;0.0,-0.0475488044321537,0.0;1.0,0.0,0.0,0.0
0.0;-3.7698813262138198,2.634847616976674,-1.4641745440374605,1.1194745649865168,-0.7612734954668283,-0.5106897378489238,-1.2795063980792905;0.0,-0.04389121010899544,0.0;1.0,0.0,0.0,0.0
0.0;-3.7607720250880403,2.630983951154204,-1.4605451503964622,1.121407453883724,-0.755945962250322,-0.5194982456153885,-1.289806963170655;0.0,-0.04023360460996628,0.0;1.0,0.0,0.0,0.0
0.0;-3.7516066807721247,2.6272681205731536,-1.456967758678714,1.123194185598686,-0.7509553700557391,-0.5282640828408788,-1.2996055603033094;0.0,-0.036576010286808014,0.0;1.0,0.0,0.0,0.0
0.0;-3.742385116693741,2.6236898941879447,-1.4534340705844242,1.1248333878861299,-0.7462894338074773,-0.5369831538081006,-1.3089271732415309;0.0,-0.032918401062488556,0.0;1.0,0.0,0.0,0.0
0.0;-3.7331067559287887,2.6202401795112524,-1.4499369070898138,1.1263242724190983,-0.741935303486219,-0.5456527780765189,-1.3177958112984993;0.0,-0.029260804876685143,0.0;1.0,0.0,0.0,0.0
0.0;-3.7237707381515,2.616910967846247,-1.4464701253054824,1.1276665071958467,-0.7378796489332652,-0.5542712031746632,-1.3262345022813278;0.0,-0.025603197515010834,0.0;1.0,0.0,0.0,0.0
0.0;-3.7143761262603228,2.6136952960159165,-1.4430284885179492,1.128860124597405,-0.7341088754269876,-0.5628373259201167,-1.334265186653322;0.0,-0.02194560319185257,0.0;1.0,0.0,0.0,0.0
0.0;-3.7049219944510856,2.610587089319306,-1.4396075883327197,1.1299055289409123,-0.7306094527383015,-0.5713505883993975,-1.3419085782651212;0.0,-0.01828799396753311,0.0;1.0,0.0,0.0,0.0
0.0;-3.69540757097251,2.6075810678093974,-1.4362037570424022,1.1308034061020926,-0.7273681092357949,-0.579810841513234,-1.3491841050407238;0.0,-0.014630399644374847,0.0;1.0,0.0,0.0,0.0
0.0;-3.6858321933487757,2.6046726509044262,-1.4328139670258866,1.1315546772436904,-0.7243719554703625,-0.5882182249085851,-1.3561099043026796;0.0,-0.01097279042005539,0.0;1.0,0.0,0.0,0.0
0.0;-3.6761953642330805,2.601857898370415,-1.429435732482935,1.1321603832424252,-0.7216085009142144,-0.5965730584628399,-1.3627029043289107;0.0,-0.007315196096897125,0.0;1.0,0.0,0.0,0.0
0.0;-3.6664966851306215,2.599133383259478,-1.426067057802781,1.1326216783370673,-0.7190656932779415,-0.6048757917822275,-1.3689789166602917;0.0,-0.003657601773738861,0.0;1.0,0.0,0.0,0.0
0.0;-3.656735941718744,2.5964962294401737,-1.42270623966931,1.1329398286816026,-0.7167319395862023,-0.6131270132038397,-1.3749526766352447;0.0,0.0,0.0;1.0,0.0,0.0,0.0
