0.0;0.01696174140499028,-0.5657917567405423,0.34788751054774936,2.156780417585332,-2.794948082195762,1.6409606665127907,2.729670621665257;0.0,0.0,0.0;1.0,0.0,0.0,0.0
0.0;0.0017961716769347982,-0.5979680509034675,0.34359109568539553,2.089622658406468,-2.69072953002139,1.5694217337262601,2.636598978398806;0.0,0.0,0.0;1.0,0.0,0.0,0.0
0.0;-0.018560625410625278,-0.6189437302354458,0.35422161040038547,2.040962264253459,-2.6128443670407027,1.5067041349094938,2.5572997935085837;0.0,0.0,0.0;1.0,0.0,0.0,0.0
0.0;-0.03799018538989718,-0.6419078753402507,0.36644416226716775,1.9782293501070447,-2.528193621481328,1.4442060170206628,2.4645011996946047;0.0,0.0,0.0;1.0,0.0,0.0,0.0
0.0;-0.05110406577689456,-0.6524590424494399,0.3684797743060695,1.9384724575573673,-2.4688056333247976,1.3928641653056093,2.3952634512415845;0.0,0.0,0.0;1.0,0.0,0.0,0.0
0.0;-0.06293540372980762,-0.6737161348257144,0.37158537298431193,1.9071136607478247,-2.427221872913961,1.35379717345854,2.3466273822637143;0.0,0.0,0.0;1.0,0.0,0.0,0.0
0.0;-0.07604596437615434,-0.6972107241358149,0.3776687769587844,1.8736777867738628,-2.3850625279729067,1.3136239013983508,2.2972033645105427;0.0,0.0,0.0;1.0,0.0,0.0,0.0
0.0;-0.09024738219093686,-0.7195238467019949,0.3834467289168554,1.842087775529497,-2.345451801611641,1.2741231667390402,2.2475621541258177;0.0,0.0,0.0;1.0,0.0,0.0,0.0
0.0;-0.10461985097396964,-0.743172321662519,0.3915441678496266,1.8116861753983535,-2.309053091096876,1.2376085987335212,2.2012383088746557;0.0,0.0,0.0;1.0,0.0,0.0,0.0
0.0;-0.1195262915042337,-0.7670735237535875,0.4013174272075605,1.7817549021933932,-2.2739865159694475,1.202319684082377,2.15565262959963;0.0,0.0,0.0;1.0,0.0,0.0,0.0
0.0;-0.1348565783941171,-0.7904065263522723,0.41170304317566925,1.7525023239245117,-2.240012215691983,1.1680253270734946,2.1110128763845233;0.0,0.0,0.0;1.0,0.0,0.0,0.0
0.0;-0.15025449745465405,-0.8131013275895873,0.42297735881648374,1.7242000957090002,-2.207588257044091,1.1355632463328187,2.068342905688552;0.0,0.0,0.0;1.0,0.0,0.0,0.0
0.0;-0.16474951184570796,-0.8293183868909566,0.4372001388141985,1.697562979957992,-2.1757213631572037,1.1040240113816429,2.026855721629472;0.0,0.0,0.0;1.0,0.0,0.0,0.0
0.0;-0.17837826340346333,-0.8437848000217907,0.4528575618632057,1.671885962087831,-2.1444543309932613,1.0729704959654787,1.9863849130044147;0.0,0.0,0.0;1.0,0.0,0.0,0.0
0.0;-0.19147977680656902,-0.857875660458892,0.46889405091481084,1.6467497279189809,-2.113874807118162,1.042525186305714,1.9468978517113995;0.0,0.0,0.0;1.0,0.0,0.0,0.0
0.0;-0.2042159836359115,-0.8705106804942191,0.48544141457212014,1.6221934875876245,-2.083554946915293,1.01237055388047,1.9078453218293252;0.0,0.0,0.0;1.0,0.0,0.0,0.0
0.0;-0.21661040167686915,-0.882317659560589,0.5023466821702388,1.5980542466647136,-2.053363174672654,0.9822781564989154,1.8690291807356123;0.0,0.0,0.0;1.0,0.0,0.0,0.0
0.0;-0.22877475119084087,-0.8938407765111048,0.519382085323091,1.5741537600763114,-2.02330733661782,0.9523769361040668,1.8304243262857303;0.0,0.0,0.0;1.0,0.0,0.0,0.0
0.0;-0.24084088284084115,-0.9050599849533717,0.5364848913106653,1.5504297051316318,-1.9933288490799632,0.9226889752825133,1.791935779542889;0.0,0.0,0.0;1.0,0.0,0.0,0.0
0.0;-0.2529240946355794,-0.9161287909525071,0.5536634319971476,1.5268460695193795,-1.9635420078708397,0.8932946550602101,1.7536238563346103;0.0,0.0,0.0;1.0,0.0,0.0,0.0
0.0;-0.26529237853094306,-0.9268285851005341,0.5704686449648907,1.5035825711350579,-1.9339442729069805,0.8639215259663797,1.7154963343244267;0.0,0.0,0.0;1.0,0.0,0.0,0.0
0.0;-0.27756471671785005,-0.9370498227464286,0.5866040150231119,1.4810250427354472,-1.905062043246432,0.8352016522152593,1.6782622953993493;0.0,0.0,0.0;1.0,0.0,0.0,0.0
0.0;-0.2916175829225662,-0.9455877777144318,0.5986694784882799,1.4597592432301416,-1.8764855777528142,0.8056662606563137,1.6398020579961121;0.0,0.0,0.0;1.0,0.0,0.0,0.0
0.0;-0.30752356063082986,-0.9513752582249188,0.6080627274397399,1.437737929039433,-1.8503292703322136,0.7766197002773013,1.6025377566971917;0.0,0.0,0.0;1.0,0.0,0.0,0.0
0.0;-0.3240385208414254,-0.95607058449828,0.6163564871411145,1.416834564835175,-1.8255872676568072,0.7492970875450973,1.5662894928431048;0.0,0.0,0.0;1.0,0.0,0.0,0.0
0.0;-0.33844214552222046,-0.9652888226628192,0.6274960801980146,1.3952103301204677,-1.8001601740894573,0.7215417525514508,1.5292202551380452;0.0,0.0,0.0;1.0,0.0,0.0,0.0
0.0;-0.3520777584666567,-0.9774168082963606,0.6416400748864421,1.3721005588286637,-1.7731324857521482,0.6928426310206344,1.4898140159280042;0.0,0.0,0.0;1.0,0.0,0.0,0.0
0.0;-0.3658786502298197,-0.9899318520964551,0.6567855369426167,1.348152937759082,-1.7452630411297418,0.6637707539084385,1.4492196241449233;0.0,0.0,0.0;1.0,0.0,0.0,0.0
0.0;-0.38042663292781187,-1.0053561638633648,0.6721805615863595,1.323718551688994,-1.7176329574902631,0.6341751027270305,1.408652560997779;0.0,0.0,0.0;1.0,0.0,0.0,0.0
0.0;-0.39573894985633234,-1.0223094356578522,0.687956790511906,1.2987371038560143,-1.6894194711066541,0.6041129030034309,1.3674729036783317;0.0,0.0,0.0;1.0,0.0,0.0,0.0
0.0;-0.41172642844978224,-1.0394322069819688,0.704017747981639,1.27347168675538,-1.6607737131069942,0.5737554406952289,1.3255652538780318;0.0,0.0,0.0;1.0,0.0,0.0,0.0
0.0;-0.427721626872418,-1.0534499978252878,0.7211941226814564,1.248306028097902,-1.630772812715688,0.5439348031322475,1.2833591737965164;0.0,0.0,0.0;1.0,0.0,0.0,0.0
0.0;-0.44285846156786146,-1.0661288990163889,0.7387895885172138,1.2238673069087251,-1.60082373923559,0.514387446386963,1.2424008592961873;0.0,0.0,0.0;1.0,0.0,0.0,0.0
0.0;-0.45789447906437575,-1.0783368824173285,0.7560177634253986,1.2000768078207715,-1.571203068000272,0.48503751591954636,1.2020973103935897;0.0,0.0,0.0;1.0,0.0,0.0,0.0
0.0;-0.47306195729501493,-1.0897663882985047,0.773012811912968,1.176619431169236,-1.5416080721356582,0.4560063115311852,1.1619719661976067;0.0,0.0,0.0;1.0,0.0,0.0,0.0
0.0;-0.4881973455190107,-1.1007247523548291,0.7899176233986015,1.1534227199038243,-1.5120816482503412,0.42714168511913575,1.1220662230630898;0.0,0.0,0.0;1.0,0.0,0.0,0.0
0.0;-0.5033248154089843,-1.1114491785854967,0.8067348441499574,1.1304517209228013,-1.482638708893308,0.39838118092440367,1.082288819973812;0.0,0.0,0.0;1.0,0.0,0.0,0.0
0.0;-0.5184525616225056,-1.1219365792978968,0.8235130709846952,1.107653076004737,-1.453228406822422,0.3697542060171148,1.042568782644874;0.0,0.0,0.0;1.0,0.0,0.0,0.0
0.0;-0.5335425895108589,-1.132240159024576,0.8402799155039079,1.0850110142920018,-1.4238569785026898,0.3412567507240845,1.0029217089295301;0.0,0.0,0.0;1.0,0.0,0.0,0.0
0.0;-0.5485931710699911,-1.1424149369080987,0.8570292335981511,1.0625202627324775,-1.3945355992046315,0.3128817387885206,0.9633419999168189;0.0,0.0,0.0;1.0,0.0,0.0,0.0
0.0;-0.5636089015050991,-1.152472660843287,0.8737618497905872,1.0401710168496476,-1.3652603025919843,0.28463311952689707,0.9238141163544422;0.0,0.0,0.0;1.0,0.0,0.0,0.0
0.0;-0.5785841565412281,-1.162426077936709,0.8904817403402646,1.0179579419141591,-1.3360324501361014,0.25651091699390277,0.8843349869180498;0.0,0.0,0.0;1.0,0.0,0.0,0.0
0.0;-0.5935153437110128,-1.172289235361151,0.9071895307757761,0.995878511114049,-1.3068553738075634,0.22851458901871333,0.8449018360041373;0.0,0.0,0.0;1.0,0.0,0.0,0.0
0.0;-0.6084012795809559,-1.1820700588460482,0.9238881128534566,0.9739277311223088,-1.277727343671613,0.20064403041149323,0.8055075890985726;0.0,0.0,0.0;1.0,0.0,0.0,0.0
0.0;-0.6232480728800196,-1.1917799145789727,0.9405766121243969,0.9520982536795181,-1.2486542691192002,0.17290356762869455,0.7661577561977928;0.0,0.0,0.0;1.0,0.0,0.0,0.0
0.0;-0.6380665493387733,-1.2014362779552825,0.957274130554049,0.9303655489632445,-1.2196038318158875,0.14527082026856264,0.7268085733097217;0.0,0.0,0.0;1.0,0.0,0.0,0.0
0.0;-0.6525592722839841,-1.2111601621207,0.9743115325132994,0.9086427401003104,-1.1904802425506495,0.11782125992644797,0.6875113172488049;0.0,0.0,0.0;1.0,0.0,0.0,0.0
0.0;-0.6667978291647156,-1.2209665666447482,0.9916161127534427,0.8869138645858862,-1.1612868818133943,0.09055108158770242,0.6482627128625034;0.0,0.0,0.0;1.0,0.0,0.0,0.0
0.0;-0.6809097121338333,-1.2307800469132002,1.0090166125673161,0.8652463993595766,-1.132088816205789,0.0634403386403392,0.6090693628663364;0.0,0.0,0.0;1.0,0.0,0.0,0.0
0.0;-0.694903023814956,-1.240566972661162,1.026480356046401,0.8436735809822369,-1.1029165539027221,0.03648714112823005,0.5699398700836718;0.0,0.0,0.0;1.0,0.0,0.0,0.0
0.0;-0.7087885572798821,-1.2503196552540674,1.0439867571541932,0.8222028045262532,-1.0737858340730249,0.009690266048072948,0.5308701872870291;0.0,0.0,0.0;1.0,0.0,0.0,0.0
0.0;-0.722582599668113,-1.2600301797969669,1.0615102401450769,0.8008419633247058,-1.0447113823108574,-0.01695078112719183,0.4918587068166035;0.0,0.0,0.0;1.0,0.0,0.0,0.0
0.0;-0.736284964705829,-1.2696963379220805,1.0790454928056636,0.7795943761497252,-1.0157001796614444,-0.043433745752688976,0.4529076589641105;0.0,0.0,0.0;1.0,0.0,0.0,0.0
0.0;-0.7498991730327605,-1.2793099654807905,1.0965604017155208,0.758462710488832,-0.9867409593427834,-0.06977139027227677,0.4139970178364635;0.0,0.0,0.0;1.0,0.0,0.0,0.0
0.0;-0.7633757109829516,-1.2888817446277931,1.1140141973562967,0.7374339910337527,-0.9577858714665054,-0.09596906634963204,0.37509431439943597;0.0,0.0,0.0;1.0,0.0,0.0,0.0
0.0;-0.7767382115120085,-1.2984363768780594,1.1314018299072255,0.7164852572415807,-0.9288385879017671,-0.1220228306972301,0.3362306302874935;0.0,0.0,0.0;1.0,0.0,0.0,0.0
0.0;-0.7900245083341213,-1.3079731923443827,1.1487157370625598,0.695616769537111,-0.8998991956638285,-0.14793367445483577,0.2973845055540214;0.0,0.0,0.0;1.0,0.0,0.0,0.0
0.0;-0.8032371987774377,-1.3175053820921825,1.165947772116871,0.6748138897974483,-0.8709426790545046,-0.17370492171124807,0.25853460267413486;0.0,0.0,0.0;1.0,0.0,0.0,0.0
0.0;-0.816372017269706,-1.3270143760385071,1.1831001583437046,0.6540917751403194,-0.8419796341168143,-0.19934443917619463,0.21968248630656736;0.0,0.0,0.0;1.0,0.0,0.0,0.0
0.0;-0.8294159714466912,-1.3364828573087248,1.2001649547605586,0.6334714420013187,-0.813041095753196,-0.2248438088278803,0.18084663251776215;0.0,0.0,0.0;1.0,0.0,0.0,0.0
0.0;-0.8423609018966705,-1.3459104686747623,1.217132610040567,0.6129578409711751,-0.7841389734419133,-0.2501925323120474,0.14203448690204246;0.0,0.0,0.0;1.0,0.0,0.0,0.0
0.0;-0.8552081720084396,-1.355300843238052,1.2340035091912294,0.5925463042119834,-0.7552716615306762,-0.27539297811431473,0.10324028170749272;0.0,0.0,0.0;1.0,0.0,0.0,0.0
0.0;-0.8679267307296634,-1.364670424120258,1.250762478300313,0.5722298031161961,-0.7264434002209191,-0.30042358112150125,0.06450578796131612;0.0,0.0,0.0;1.0,0.0,0.0,0.0
0.0;-0.8805220395234097,-1.3739905174229963,1.267416138982229,0.5520323057825437,-0.6976411199928416,-0.3252952082030885,0.02577733738507301;0.0,0.0,0.0;1.0,0.0,0.0,0.0
0.0;-0.8929871433503849,-1.3832610353005246,1.2839715356561194,0.5319490497257494,-0.6688734386735716,-0.3500189595319711,-0.012943003364274766;0.0,0.0,0.0;1.0,0.0,0.0,0.0
0.0;-0.9052985930189384,-1.392482614314057,1.3004215433558701,0.5119838954088748,-0.6401670890560642,-0.37458454601072383,-0.05161378224838634;0.0,0.0,0.0;1.0,0.0,0.0,0.0
0.0;-0.9174712149151426,-1.4016683662700553,1.3167594255851562,0.4921279992511245,-0.611508356529057,-0.3989821795049535,-0.09025014952502537;0.0,0.0,0.0;1.0,0.0,0.0,0.0
0.0;-0.9295155503847111,-1.4108257576809144,1.3329901903222792,0.47237054365692205,-0.5828882652374695,-0.42321951493130255,-0.1288597681306123;0.0,0.0,0.0;1.0,0.0,0.0,0.0
0.0;-0.9414305959411398,-1.419957385402088,1.3491152791059522,0.4527079411493846,-0.5543061835999555,-0.44729881473289695,-0.16743891333691732;0.0,0.0,0.0;1.0,0.0,0.0,0.0
0.0;-0.9532167136050995,-1.4290679543445601,1.365133497791742,0.43313622842027855,-0.5257586031954135,-0.4712183740577169,-0.20598915658570205;0.0,0.0,0.0;1.0,0.0,0.0,0.0
0.0;-0.9648320448968607,-1.4381159425702916,1.3810071463956404,0.41372154066986544,-0.49732044964550265,-0.49492195002738415,-0.2444099593492581;0.0,0.0,0.0;1.0,0.0,0.0,0.0
0.0;-0.976674400754371,-1.4468102642781189,1.3968142215705124,0.3947042709525976,-0.46915155156804833,-0.5185260451140378,-0.2828778825640328;0.0,0.0,0.0;1.0,0.0,0.0,0.0
0.0;-0.9884851665918784,-1.4550576820663972,1.412533905041029,0.3761913052667804,-0.4415042849963089,-0.5419995955038188,-0.321170601981494;0.0,0.0,0.0;1.0,0.0,0.0,0.0
0.0;-1.0001437317465791,-1.4631289910802998,1.4280905504242234,0.3579610015082809,-0.41421674344422926,-0.5652296577148821,-0.3593426343909467;0.0,0.0,0.0;1.0,0.0,0.0,0.0
0.0;-1.0122812020488088,-1.4713935369758486,1.4434947074144804,0.3396368391446795,-0.38865989607005386,-0.5882319953542355,-0.3986638325217723;0.0,0.0,0.0;1.0,0.0,0.0,0.0
0.0;-1.0277507753886324,-1.4795048889284619,1.458924076262363,0.32144954117325814,-0.36593983243878,-0.6112719666577863,-0.439277155173577;0.0,0.0,0.0;1.0,0.0,0.0,0.0
0.0;-1.0455642977092587,-1.4869746416625704,1.4744398713849083,0.30323853656908606,-0.34547540825155765,-0.6344409848667125,-0.48019026516102725;0.0,0.0,0.0;1.0,0.0,0.0,0.0
0.0;-1.0636779886247745,-1.4934862003476803,1.4900876415673312,0.28469979421435554,-0.3273607434427001,-0.6578070689041594,-0.5217689867380669;0.0,0.0,0.0;1.0,0.0,0.0,0.0
0.0;-1.082272699621037,-1.4982898822793085,1.5056024638299137,0.2662549833577988,-0.31100626986745783,-0.6809746239431045,-0.5632955735860462;0.0,0.0,0.0;1.0,0.0,0.0,0.0
0.0;-1.101036571785434,-1.5020611673511297,1.5207955775416448,0.24920811508324114,-0.29634042272602773,-0.7036617840965467,-0.6040427015471175;0.0,0.0,0.0;1.0,0.0,0.0,0.0
0.0;-1.1201526654301603,-1.5071998991470719,1.5361308695873515,0.23227314714447453,-0.2854663668874636,-0.7265612505250508,-0.6452539950654549;0.0,0.0,0.0;1.0,0.0,0.0,0.0
0.0;-1.1383062447472698,-1.5157037152426194,1.5521378153431498,0.21268059848606014,-0.28352865511669595,-0.7504636642578227,-0.6883563733024918;0.0,0.0,0.0;1.0,0.0,0.0,0.0
0.0;-1.1585992037645478,-1.5229480336653094,1.5681284486104805,0.19381128489280516,-0.2848675527496795,-0.7743417184887463,-0.7314508255850637;0.0,0.0,0.0;1.0,0.0,0.0,0.0
0.0;-1.1789369288713885,-1.5303169638436973,1.5840998939386934,0.17396150533583113,-0.2840234529533589,-0.7981911197216249,-0.774517551928897;0.0,0.0,0.0;1.0,0.0,0.0,0.0
0.0;-1.1987052708418333,-1.5401185462309506,1.6003159479845812,0.1534555472918302,-0.2844881746192013,-0.8224057831498002,-0.8182652994396871;0.0,0.0,0.0;1.0,0.0,0.0,0.0
0.0;-1.219472900179749,-1.549183048946083,1.6166179807442316,0.13338070362308663,-0.2855371818850881,-0.8467488342532274,-0.8622571067700041;0.0,0.0,0.0;1.0,0.0,0.0,0.0
0.0;-1.2403377608856239,-1.5566236602576482,1.6329225483634149,0.11332133545545525,-0.28631287460634924,-0.8710956703740287,-0.9062632523817624;0.0,0.0,0.0;1.0,0.0,0.0,0.0
0.0;-1.2610598965804911,-1.5631785333005324,1.6492266823038522,0.09349910593341401,-0.28721903718466735,-0.8954418587906513,-0.950273957553016;0.0,0.0,0.0;1.0,0.0,0.0,0.0
0.0;-1.2820186738927306,-1.5672209099158179,1.665612979577271,0.07365554879538828,-0.2864049705816179,-0.9199107377316058,-0.9945101727465105;0.0,0.0,0.0;1.0,0.0,0.0,0.0
0.0;-1.3009974587935238,-1.565647879797911,1.68204433979539,0.0544149733564221,-0.2810977508702236,-0.9444469069755387,-1.038870380995153;0.0,0.0,0.0;1.0,0.0,0.0,0.0
0.0;-1.3215718070340552,-1.5693905725558437,1.6980836825661296,0.03867714513955756,-0.27478151418161184,-0.9683976951663835,-1.0821737857505844;0.0,0.0,0.0;1.0,0.0,0.0,0.0
0.0;-1.341961768465542,-1.5716138631181134,1.713963330659037,0.019329097067871066,-0.2746305477282732,-0.992110018863474,-1.1250471114978837;0.0,0.0,0.0;1.0,0.0,0.0,0.0
0.0;-1.362271560403009,-1.5697081152647607,1.7300736204902327,-2.462242192618716e-5,-0.277366371849614,-1.0161667488896573,-1.168543887235795;0.0,0.0,0.0;1.0,0.0,0.0,0.0
0.0;-1.383011391810632,-1.5729168225682368,1.746285385861614,-0.017465741494178625,-0.279387295753146,-1.040375007506249,-1.212315137817832;0.0,0.0,0.0;1.0,0.0,0.0,0.0
0.0;-1.4036497808319415,-1.5751347304036885,1.7623570168157492,-0.03700505203822968,-0.2771017231326174,-1.0643740100521821,-1.255708349901664;0.0,0.0,0.0;1.0,0.0,0.0,0.0
0.0;-1.4233785899753832,-1.5720524192323273,1.7785593458926214,-0.05597798081251812,-0.27395262679090726,-1.0885681778875034,-1.2994546660498103;0.0,0.0,0.0;1.0,0.0,0.0,0.0
0.0;-1.443207574474849,-1.5714762497413202,1.794842905210284,-0.07446645955452708,-0.2753980958582578,-1.1128836429770723,-1.343420451524024;0.0,0.0,0.0;1.0,0.0,0.0,0.0
0.0;-1.4638140241005078,-1.570402000753654,1.8108544096644583,-0.09469053743112402,-0.2762695135238094,-1.136792861469216,-1.3866517789419401;0.0,0.0,0.0;1.0,0.0,0.0,0.0
0.0;-1.481807678827751,-1.5683331935071432,1.8264950869344403,-0.11700232381471172,-0.27302326723571624,-1.1608313236138175,-1.430116863514072;0.0,0.0,0.0;1.0,0.0,0.0,0.0
0.0;-1.5019700899579422,-1.5674956006789593,1.8421746404462476,-0.13951087338151266,-0.27354704232279486,-1.1844720672646962,-1.472862855687527;0.0,0.0,0.0;1.0,0.0,0.0,0.0
0.0;-1.5211517892658246,-1.569688489455122,1.8523295328189238,-0.16527258069159592,-0.2736121061242107,-1.2067485347403428,-1.513142057105213;0.0,0.0,0.0;1.0,0.0,0.0,0.0
0.0;-1.5373033916667163,-1.5752657724593313,1.855666027509543,-0.19245742880495845,-0.2722301832715175,-1.2260545330364416,-1.546684398665602;0.0,0.0,0.0;1.0,0.0,0.0,0.0
0.0;-1.5532648781654135,-1.5760016990131418,1.859028328440611,-0.2188818987741713,-0.2715314212767083,-1.2447292292440153,-1.5747281420856387;0.0,0.0,0.0;1.0,0.0,0.0,0.0
0.0;-1.5717088104403028,-1.5788968606080804,1.8661954637128473,-0.25086122620540546,-0.27102014096075233,-1.2661282162843723,-1.5894702388838267;0.0,0.0,0.0;1.0,0.0,0.0,0.0
0.0;-1.5902976656307284,-1.5807509922115797,1.8749394876028307,-0.28467104352511124,-0.27179341112589145,-1.2877582144078388,-1.596934372834576;0.0,0.0,0.0;1.0,0.0,0.0,0.0
0.0;-1.6091601360812058,-1.5812711762077933,1.8767329583393937,-0.31931252430277157,-0.27311896406203034,-1.309643290527277,-1.6023781876222658;0.0,0.0,0.0;1.0,0.0,0.0,0.0
0.0;-1.6269531039295844,-1.581067501877737,1.8681582116881983,-0.3521696743928336,-0.2707237605262797,-1.3302490383317374,-1.6096715696823078;0.0,0.0,0.0;1.0,0.0,0.0,0.0
0.0;-1.6465285286564477,-1.574190557955598,1.860624054099859,-0.37717776630507704,-0.2704097170571197,-1.3529169832497108,-1.6040462066646257;0.0,0.0,0.0;1.0,0.0,0.0,0.0
0.0;-1.6644902965118096,-1.5744047082954047,1.8641903344426476,-0.4110008231865824,-0.2720352780188368,-1.3737079382161128,-1.6040326018632012;0.0,0.0,0.0;1.0,0.0,0.0,0.0
0.0;-1.6820297977424925,-1.5811887271212774,1.8740779632135887,-0.44410374968575916,-0.2718818540475204,-1.3939998396724154,-1.6060127389436112;0.0,0.0,0.0;1.0,0.0,0.0,0.0
0.0;-1.699528420022402,-1.583872514817001,1.8833143298526291,-0.4750419641768145,-0.2720804161177053,-1.4142420018444515,-1.6059593342636607;0.0,0.0,0.0;1.0,0.0,0.0,0.0
0.0;-1.718069671911489,-1.5833615568299724,1.8828622047016121,-0.5096715481895555,-0.27395268307229337,-1.4356869961792662,-1.6081903345371769;0.0,0.0,0.0;1.0,0.0,0.0,0.0
0.0;-1.7368030411805546,-1.5820601766947642,1.880177387820818,-0.5451091915934149,-0.2752040880299013,-1.4573514227821849,-1.6101369692313423;0.0,0.0,0.0;1.0,0.0,0.0,0.0
0.0;-1.7546044374736525,-1.583921073945672,1.876564891464661,-0.5784923237211392,-0.2751076276010877,-1.4779371090688784,-1.6099320531342516;0.0,0.0,0.0;1.0,0.0,0.0,0.0
0.0;-1.7724929380633392,-1.5823008798420515,1.8717935871416072,-0.6075960378484879,-0.2720138945542923,-1.498622716145943,-1.6088398585840868;0.0,0.0,0.0;1.0,0.0,0.0,0.0
0.0;-1.787936350456437,-1.578395310089152,1.8715221073654467,-0.636940231879091,-0.2715798179013329,-1.516480466659071,-1.6083957514743508;0.0,0.0,0.0;1.0,0.0,0.0,0.0
0.0;-1.8014198391134153,-1.5784691958197414,1.8792305713052462,-0.6625288543556683,-0.2737138951803281,-1.5320716510712518,-1.6095846828587983;0.0,0.0,0.0;1.0,0.0,0.0,0.0
0.0;-1.8156243791002389,-1.579417668624927,1.8873268347821326,-0.6886560037599694,-0.27511984855293464,-1.5374211755605087,-1.6107026944315683;0.0,0.0,0.0;1.0,0.0,0.0,0.0
0.0;-1.831427940505702,-1.579499746430559,1.8850036334972111,-0.7185451036064502,-0.27586401121301646,-1.5390684672293278,-1.6112668452668097;0.0,0.0,0.0;1.0,0.0,0.0,0.0
0.0;-1.8538580412674877,-1.5784994172042386,1.8829175781377054,-0.7612541691309692,-0.27532783347642115,-1.5500145364100575,-1.6106612949649715;0.0,0.0,0.0;1.0,0.0,0.0,0.0
0.0;-1.8785688363222892,-1.5763523729305204,1.8848487431411411,-0.808202081242744,-0.27323010106044493,-1.549449374950279,-1.6111732817888782;0.0,0.0,0.0;1.0,0.0,0.0,0.0
0.0;-1.9027057813652948,-1.5834712712306052,1.8741434153726657,-0.8541598338086348,-0.2769404662998525,-1.533949186696585,-1.6134400208514854;0.0,0.0,0.0;1.0,0.0,0.0,0.0
0.0;-1.9199909903583017,-1.5878444416832194,1.8834502759960985,-0.8871016121367727,-0.2797766034215932,-1.5330098662528573,-1.6138790444895958;0.0,0.0,0.0;1.0,0.0,0.0,0.0
0.0;-1.9352072936872742,-1.5851478254721463,1.8874769975633894,-0.9160888566917174,-0.2799888693839908,-1.5456302242111397,-1.6153878931934313;0.0,0.0,0.0;1.0,0.0,0.0,0.0
0.0;-1.9504940179142436,-1.5836949759678847,1.8820582522893654,-0.9452285265939497,-0.2793486754938606,-1.5549859794370204,-1.6150811818843027;0.0,0.0,0.0;1.0,0.0,0.0,0.0
0.0;-1.9724816546419,-1.5854386595621457,1.8816912660084206,-0.9871709187132348,-0.28080598112747496,-1.5539852088618054,-1.6160343473704808;0.0,0.0,0.0;1.0,0.0,0.0,0.0
0.0;-1.9947475334720677,-1.5905277608661774,1.892256032144404,-1.0296469454210335,-0.28641744159533605,-1.5452681869444274,-1.6205137180851796;0.0,0.0,0.0;1.0,0.0,0.0,0.0
0.0;-2.0149228402909194,-1.5904396425578802,1.8822213057282586,-1.0681376475438098,-0.2689804514551742,-1.5368062479839826,-1.616104118781426;0.0,0.0,0.0;1.0,0.0,0.0,0.0
0.0;-2.0250849664818764,-1.5773401626041355,1.8724978876868932,-1.0875244288981187,-0.2618895110109576,-1.5410962055259352,-1.6138502364048601;0.0,0.0,0.0;1.0,0.0,0.0,0.0
0.0;-2.036596403176464,-1.5772664084397023,1.8751892471212421,-1.1094875435486784,-0.27385937790370524,-1.5482374275139066,-1.6156682526375634;0.0,0.0,0.0;1.0,0.0,0.0,0.0
0.0;-2.0492404090133456,-1.5781870515342906,1.8802781438766287,-1.1336130367884254,-0.28416826192358174,-1.5458451648243392,-1.6146265532185449;0.0,0.0,0.0;1.0,0.0,0.0,0.0
0.0;-2.0678019999162918,-1.578222292816876,1.8832928487673626,-1.169031900728199,-0.2797669803727909,-1.5522422730729262,-1.6162798666344473;0.0,0.0,0.0;1.0,0.0,0.0,0.0
0.0;-2.070758294734488,-1.577609258985559,1.8832540506873265,-1.1746721780091447,-0.2814920440658053,-1.553659146927229,-1.6164772649424681;0.0,0.0,0.0;1.0,0.0,0.0,0.0
0.0;-2.085504855579791,-1.5783372601281245,1.881968805031956,-1.2028118128232845,-0.2825243355618867,-1.551347531919532,-1.6153781285273108;0.0,0.0,0.0;1.0,0.0,0.0,0.0
0.0;-2.1039848168413586,-1.5934781125627904,1.8902462347339335,-1.2380760616324753,-0.28145115606255955,-1.5441418545777337,-1.6198628847144014;0.0,0.0,0.0;1.0,0.0,0.0,0.0
0.0;-2.105603560743282,-1.5933660307871906,1.890439303674532,-1.2411647228262472,-0.2817160567871177,-1.5447014872001488,-1.6199682728970222;0.0,0.0,0.0;1.0,0.0,0.0,0.0
0.0;-2.1177480004240876,-1.5828383758930809,1.885166326986874,-1.2643393617066228,-0.28223845459539765,-1.545223983414354,-1.6215371030276875;0.0,0.0,0.0;1.0,0.0,0.0,0.0
0.0;-2.12621824058345,-1.5735668767251825,1.8919634803446073,-1.2805027143063776,-0.27969499232535444,-1.540792831531965,-1.6218946609388865;0.0,0.0,0.0;1.0,0.0,0.0,0.0
0.0;-2.1392200355076145,-1.5816720059713487,1.8913819049755276,-1.305313548858973,-0.280179772872144,-1.5414516214086713,-1.6225567723605563;0.0,0.0,0.0;1.0,0.0,0.0,0.0
0.0;-2.1469653599757557,-1.5925921517490753,1.8782811134058717,-1.3200936509337662,-0.2814266093495029,-1.541956815347513,-1.6230549400092589;0.0,0.0,0.0;1.0,0.0,0.0,0.0
0.0;-2.160935464425249,-1.5907182444620025,1.8785184922875335,-1.3467523375709332,-0.28052294151759,-1.5413687242305891,-1.6217312592086437;0.0,0.0,0.0;1.0,0.0,0.0,0.0
0.0;-2.1709395844541683,-1.5816066953595878,1.887958993697272,-1.3658428701077727,-0.27956814013470527,-1.537889743486959,-1.6221574464657795;0.0,0.0,0.0;1.0,0.0,0.0,0.0
0.0;-2.1835963470317643,-1.584867093301765,1.8994702209393766,-1.3899953711472572,-0.28040107378872214,-1.5385416614729344,-1.6233623761070184;0.0,0.0,0.0;1.0,0.0,0.0,0.0
0.0;-2.1867662143021755,-1.5850884054136822,1.8989102685304287,-1.3960443203101773,-0.28028870885232565,-1.5384499510526823,-1.623147706884583;0.0,0.0,0.0;1.0,0.0,0.0,0.0
0.0;-2.1928127727952336,-1.5837335248885354,1.8882563578465563,-1.4075827779272727,-0.27978580503541045,-1.5382161424056575,-1.6220257437176924;0.0,0.0,0.0;1.0,0.0,0.0,0.0
0.0;-2.198489793426,-1.589955956212338,1.8755056503225251,-1.4184160605182263,-0.2812888538794534,-1.538623384046341,-1.6167456429633809;0.0,0.0,0.0;1.0,0.0,0.0,0.0
0.0;-2.2113600651101275,-1.5872718036572016,1.866990576891159,-1.4429760110852246,-0.2803898349825348,-1.5369346986152412,-1.6204233786386408;0.0,0.0,0.0;1.0,0.0,0.0,0.0
0.0;-2.2247936116098814,-1.5931582020513126,1.8822159320001572,-1.4686108435140062,-0.286217914696599,-1.535751868535099,-1.6198791878178875;0.0,0.0,0.0;1.0,0.0,0.0,0.0
0.0;-2.2262261354585564,-1.5942670859755488,1.8793593022335824,-1.471344484104555,-0.286476477148353,-1.5358154641043287,-1.618837693826322;0.0,0.0,0.0;1.0,0.0,0.0,0.0
0.0;-2.2322435859620273,-1.5915294016538626,1.8642356270179572,-1.4828274037713862,-0.2874769517322324,-1.5371419167603093,-1.6196407575294234;0.0,0.0,0.0;1.0,0.0,0.0,0.0
0.0;-2.2407013412767203,-1.5937835711908521,1.8539332983514638,-1.498967084564729,-0.2882064047780215,-1.5366880080467724,-1.6234370551556363;0.0,0.0,0.0;1.0,0.0,0.0,0.0
0.0;-2.254558694789961,-1.5925738182818001,1.8528967317537854,-1.5254106574498523,-0.28955162603858403,-1.5361103748453377,-1.6240673593155284;0.0,0.0,0.0;1.0,0.0,0.0,0.0
0.0;-2.26751839848783,-1.5976391267219225,1.8677058250331022,-1.5501412722106243,-0.2944136870298391,-1.5387934200834716,-1.6159509121811757;0.0,0.0,0.0;1.0,0.0,0.0,0.0
0.0;-2.2749920516700124,-1.5972267406069751,1.8735149021968658,-1.5644030209026887,-0.2942217912771391,-1.5490953631909086,-1.6134821497410572;0.0,0.0,0.0;1.0,0.0,0.0,0.0
0.0;-2.2900186220064653,-1.5954936448588035,1.863508063669888,-1.5930777756841827,-0.2943777441642972,-1.546632664062327,-1.6112255322252458;0.0,0.0,0.0;1.0,0.0,0.0,0.0
0.0;-2.297644094177596,-1.5804433831587554,1.864267593766672,-1.6076292361506632,-0.2858299815142466,-1.5428089320490748,-1.6087653854842965;0.0,0.0,0.0;1.0,0.0,0.0,0.0
0.0;-2.3118629856661217,-1.5782864479428773,1.865399078377675,-1.634762721623805,-0.2842633800392325,-1.543562138486885,-1.608946460260879;0.0,0.0,0.0;1.0,0.0,0.0,0.0
0.0;-2.32115645841019,-1.5940019184842775,1.8637185272504684,-1.6524971777791062,-0.28821083847100454,-1.543091096238703,-1.612347248336796;0.0,0.0,0.0;1.0,0.0,0.0,0.0
0.0;-2.32840322592276,-1.6029983024508003,1.8627427176575655,-1.666325967544674,-0.28744803639563177,-1.5421900842458909,-1.6123328361245155;0.0,0.0,0.0;1.0,0.0,0.0,0.0
0.0;-2.3421293567318227,-1.591118479769747,1.8699175183017689,-1.6925191325963076,-0.28681972636624303,-1.543120851799468,-1.6134430749678852;0.0,0.0,0.0;1.0,0.0,0.0,0.0
0.0;-2.3446803768609987,-1.5937831662978943,1.8696417949694204,-1.697387168030054,-0.28738755189099086,-1.5430238222008352,-1.6140505490979342;0.0,0.0,0.0;1.0,0.0,0.0,0.0
0.0;-2.357481208608437,-1.593570065332412,1.8679480659642262,-1.7218146125568206,-0.2860832107316436,-1.5426447815949265,-1.6136123136226959;0.0,0.0,0.0;1.0,0.0,0.0,0.0
0.0;-2.370183634843056,-1.5703661121686272,1.8566728841257025,-1.7460542727886215,-0.2872857015405614,-1.5380420321430763,-1.6124947182106357;0.0,0.0,0.0;1.0,0.0,0.0,0.0
0.0;-2.3714301462452574,-1.5704559363060904,1.8569417613353492,-1.7484329532279619,-0.2873626499808274,-1.5380553940006376,-1.6126699849459725;0.0,0.0,0.0;1.0,0.0,0.0,0.0
0.0;-2.37766074265586,-1.5822490217161427,1.862945648513777,-1.7603226140887156,-0.2849581746014977,-1.5391196632385427,-1.612853081261802;0.0,0.0,0.0;1.0,0.0,0.0,0.0
0.0;-2.385772487297423,-1.589086208752445,1.869437735224424,-1.7758020138817656,-0.28512150113594886,-1.5384846102149032,-1.6126363072609369;0.0,0.0,0.0;1.0,0.0,0.0,0.0
0.0;-2.400326033288426,-1.5863781527292808,1.8690476491255197,-1.8035741106098462,-0.28465004835492425,-1.5386477989579117,-1.612621897437915;0.0,0.0,0.0;1.0,0.0,0.0,0.0
0.0;-2.4072371316167964,-1.572137648696767,1.859516661843845,-1.8167623529384092,-0.2851447714604837,-1.5405987721318197,-1.6126515852715488;0.0,0.0,0.0;1.0,0.0,0.0,0.0
0.0;-2.4188429250406838,-1.5623731556467044,1.8660246609315876,-1.8389093415679323,-0.2874839514635588,-1.540873992204779,-1.6125815820313405;0.0,0.0,0.0;1.0,0.0,0.0,0.0
0.0;-2.422040571395841,-1.562307339487875,1.8663184794546608,-1.8450113145119142,-0.2873759186722651,-1.54088389573819,-1.6125705220400388;0.0,0.0,0.0;1.0,0.0,0.0,0.0
0.0;-2.427685971018544,-1.572542796966212,1.8635958903373406,-1.8557842618397418,-0.2850036277804865,-1.5406471657956493,-1.6126074532976993;0.0,0.0,0.0;1.0,0.0,0.0,0.0
0.0;-2.433978959322739,-1.5831185974473285,1.8657679537885659,-1.8677929832885718,-0.2826839536555529,-1.54018684077667,-1.6126372838466476;0.0,0.0,0.0;1.0,0.0,0.0,0.0
0.0;-2.4467913091589955,-1.584305465442011,1.8723787802698926,-1.8922424074499085,-0.28129677962411687,-1.5389544123917702,-1.6126673513531773;0.0,0.0,0.0;1.0,0.0,0.0,0.0
0.0;-2.4481684548172944,-1.5860651236127956,1.871931558082278,-1.8948703733391379,-0.2808753506914848,-1.5389194694182997,-1.6126729809494103;0.0,0.0,0.0;1.0,0.0,0.0,0.0
0.0;-2.456046488698595,-1.5759068409584402,1.8777490069468161,-1.9099037898771727,-0.2777335509664189,-1.5369905595309608,-1.6127383447080272;0.0,0.0,0.0;1.0,0.0,0.0,0.0
0.0;-2.458829859723296,-1.5767350979906691,1.879062400999614,-1.9152152135934146,-0.2773383818026287,-1.536735717537686,-1.6127457325222483;0.0,0.0,0.0;1.0,0.0,0.0,0.0
0.0;-2.4698294108736913,-1.5776608400922656,1.8751119391569395,-1.9362053282168532,-0.2768589426015068,-1.5379491142870585,-1.6127509894473273;0.0,0.0,0.0;1.0,0.0,0.0,0.0
0.0;-2.480191100882125,-1.572717019261252,1.8683867279096795,-1.9559782314922507,-0.27614567624638003,-1.5541212852017163,-1.6128104934327845;0.0,0.0,0.0;1.0,0.0,0.0,0.0
0.0;-2.4811418943853867,-1.57242971046569,1.8689209631071688,-1.9577926023100976,-0.27591319702756845,-1.5539786932828927,-1.6128151239805635;0.0,0.0,0.0;1.0,0.0,0.0,0.0
0.0;-2.4861384143079372,-1.5715587403299853,1.8724914828836121,-1.967327311904957,-0.27389685798752283,-1.5432189860450571,-1.6128777242741859;0.0,0.0,0.0;1.0,0.0,0.0,0.0
0.0;-2.4959664853779073,-1.5677964724591305,1.8725395727597123,-1.9860819261129095,-0.26535618958801194,-1.5348634826544039,-1.6131332932799254;0.0,0.0,0.0;1.0,0.0,0.0,0.0
0.0;-2.4967742205174464,-1.5675172197988312,1.8722865505322681,-1.9876233029320611,-0.2652699144581561,-1.5356068086756733,-1.6131370847138522;0.0,0.0,0.0;1.0,0.0,0.0,0.0
0.0;-2.5003733564077146,-1.5682252579374358,1.8723018456738447,-1.99449142635357,-0.27475790757880447,-1.540269107551274,-1.6132041689854617;0.0,0.0,0.0;1.0,0.0,0.0,0.0
0.0;-2.505647214179288,-1.5669250011258151,1.8732404324463092,-2.004555371474564,-0.284344569428555,-1.5431754946289913,-1.6134169271160843;0.0,0.0,0.0;1.0,0.0,0.0,0.0
0.0;-2.5172370170274516,-1.5679565395899409,1.8733214859925145,-2.026671845766999,-0.2836215159636317,-1.5427319123695151,-1.6133283755146823;0.0,0.0,0.0;1.0,0.0,0.0,0.0
0.0;-2.5268242688410174,-1.578157321997839,1.8706064113598768,-2.0449669117874865,-0.2849158240185786,-1.5312621247148641,-1.6157514763320915;0.0,0.0,0.0;1.0,0.0,0.0,0.0
0.0;-2.5280245338555103,-1.5779315077468858,1.8707826571583261,-2.047257341632147,-0.28713047920293067,-1.5320026946490706,-1.6157953557773999;0.0,0.0,0.0;1.0,0.0,0.0,0.0
0.0;-2.5355468007570954,-1.5748117710189722,1.8707095525629016,-2.06161185867866,-0.2879558226457203,-1.5463158168809175,-1.616150602719951;0.0,0.0,0.0;1.0,0.0,0.0,0.0
0.0;-2.538772132989046,-1.570617530013313,1.8720855497085678,-2.0677666637540484,-0.28309496303915105,-1.545865877792601,-1.6143723678001756;0.0,0.0,0.0;1.0,0.0,0.0,0.0
0.0;-2.5485076864260034,-1.57124327321085,1.871414716483998,-2.08634472932876,-0.2849137868288099,-1.539320373197474,-1.6151707101881596;0.0,0.0,0.0;1.0,0.0,0.0,0.0
0.0;-2.5501253675355384,-1.5707694179486218,1.8713783795350192,-2.0894317018287376,-0.2851940510347342,-1.5419059795514383,-1.6152676835271542;0.0,0.0,0.0;1.0,0.0,0.0,0.0
0.0;-2.55997369585652,-1.5709079151997682,1.8718731818323857,-2.108224972343171,-0.2838555922632792,-1.5427966107227296,-1.6146017203411995;0.0,0.0,0.0;1.0,0.0,0.0,0.0
0.0;-2.5693149295090523,-1.5836116168974117,1.871990697031818,-2.1260505692618032,-0.28853291247861723,-1.5353884162342568,-1.6140521345784509;0.0,0.0,0.0;1.0,0.0,0.0,0.0
0.0;-2.570518088025022,-1.5803908847410628,1.8729090906015329,-2.12834652068883,-0.2859921958169068,-1.5367613682808128,-1.6136105860066576;0.0,0.0,0.0;1.0,0.0,0.0,0.0
0.0;-2.5748657350594235,-1.5718212118356287,1.8729681782404266,-2.1366430055495806,-0.2864288963807154,-1.5424895132785927,-1.6135552708046446;0.0,0.0,0.0;1.0,0.0,0.0,0.0
0.0;-2.587003154463652,-1.57312986184297,1.8731915544551607,-2.15980448014476,-0.2867477493334909,-1.5425859608125934,-1.6133895692237934;0.0,0.0,0.0;1.0,0.0,0.0,0.0
0.0;-2.5929607684559204,-1.587980445504952,1.8723023633945044,-2.1711732168205344,-0.2890983486467997,-1.5349736445831323,-1.6131329554936122;0.0,0.0,0.0;1.0,0.0,0.0,0.0
0.0;-2.5939738842740687,-1.5863714838693845,1.8723592300958365,-2.1731065154487257,-0.2891123578910307,-1.5360286558425236,-1.6130936365056534;0.0,0.0,0.0;1.0,0.0,0.0,0.0
0.0;-2.5983425354509015,-1.5768168725897234,1.872375153924266,-2.181443081886564,-0.2893848395398677,-1.5404981809497418,-1.6130578814127166;0.0,0.0,0.0;1.0,0.0,0.0,0.0
0.0;-2.6056257615673935,-1.5697673435614297,1.8709088129674598,-2.1953414445491366,-0.2950942673339657,-1.5425154532775733,-1.6131888188555796;0.0,0.0,0.0;1.0,0.0,0.0,0.0
0.0;-2.608243602724635,-1.5742946848476962,1.8761883416529699,-2.200336992567872,-0.29390188441466214,-1.5432922832004614,-1.61327326454445;0.0,0.0,0.0;1.0,0.0,0.0,0.0
0.0;-2.6133018586641032,-1.580387465665528,1.8768705159204047,-2.2099895111582177,-0.2850123408247199,-1.5513541114943104,-1.6141364959115692;0.0,0.0,0.0;1.0,0.0,0.0,0.0
0.0;-2.6149114495654895,-1.5786418463514382,1.876594603914696,-2.2130610453558464,-0.2861029290214391,-1.551933021675389,-1.6141579983337848;0.0,0.0,0.0;1.0,0.0,0.0,0.0
0.0;-2.6199490413616724,-1.5820931484346383,1.8786096398130212,-2.22267413117928,-0.28554653207628544,-1.5407500999482548,-1.6147809934589417;0.0,0.0,0.0;1.0,0.0,0.0,0.0
0.0;-2.621291284974058,-1.5817944660970291,1.8769977818790775,-2.2252354945377832,-0.28258777719391387,-1.5405268921377242,-1.6146861642404073;0.0,0.0,0.0;1.0,0.0,0.0,0.0
0.0;-2.6269802023147224,-1.5764984452901951,1.8761495947677234,-2.2360914854260643,-0.2798329735449151,-1.5449589481250963,-1.6165198508611676;0.0,0.0,0.0;1.0,0.0,0.0,0.0
0.0;-2.630040566711963,-1.5712658726504047,1.8820133406983062,-2.241931487314256,-0.28174294538613126,-1.5444084259176623,-1.6149119067360505;0.0,0.0,0.0;1.0,0.0,0.0,0.0
0.0;-2.634961349462829,-1.5718362648788702,1.8890448261846418,-2.25132166992859,-0.2863350814428289,-1.545387859312978,-1.6171440364351344;0.0,0.0,0.0;1.0,0.0,0.0,0.0
0.0;-2.636159266095599,-1.570869456360525,1.8888344396151897,-2.253607618426615,-0.2856700759583036,-1.5460852413431176,-1.6174914242380274;0.0,0.0,0.0;1.0,0.0,0.0,0.0
0.0;-2.6424469730068587,-1.5707925579921866,1.8855703110343778,-2.2656062615513517,-0.2848998827186927,-1.5455644271841222,-1.6163845080726056;0.0,0.0,0.0;1.0,0.0,0.0,0.0
0.0;-2.6444299144132026,-1.575268681351889,1.886448366976414,-2.2693902493560962,-0.28680104842089976,-1.5421350431667529,-1.6155220906233436;0.0,0.0,0.0;1.0,0.0,0.0,0.0
0.0;-2.649115319459487,-1.5823162035925509,1.889244279947826,-2.2783312677335026,-0.2882956838743888,-1.5409050025104791,-1.6131832975386;0.0,0.0,0.0;1.0,0.0,0.0,0.0
0.0;-2.6504217275435367,-1.582244043884687,1.888721151309643,-2.2808242472246003,-0.2881769125472436,-1.5408526286639568,-1.613014838540556;0.0,0.0,0.0;1.0,0.0,0.0,0.0
0.0;-2.6533578945934173,-1.581594978420132,1.893846322766625,-2.2864272470277642,-0.2876867438434216,-1.5403617989305167,-1.6132737287612806;0.0,0.0,0.0;1.0,0.0,0.0,0.0
0.0;-2.6581348546535732,-1.5834566184934293,1.9052223592412973,-2.2955429771010536,-0.286555056152342,-1.542435471069119,-1.6128787216027796;0.0,0.0,0.0;1.0,0.0,0.0,0.0
0.0;-2.658643084751795,-1.5838247682284223,1.9052574468752725,-2.29651281740371,-0.28662327104897084,-1.5423269863818276,-1.6127247659884714;0.0,0.0,0.0;1.0,0.0,0.0,0.0
0.0;-2.662597835038174,-1.5786920297658547,1.9048409035241685,-2.3040595491460447,-0.2844793124513669,-1.5365956043528708,-1.6127472556565194;0.0,0.0,0.0;1.0,0.0,0.0,0.0
0.0;-2.6636629122610556,-1.579033671694384,1.907216345752339,-2.306092004169476,-0.2842484077823372,-1.5369546299421486,-1.6126757050675022;0.0,0.0,0.0;1.0,0.0,0.0,0.0
0.0;-2.665626483309919,-1.5796596301587489,1.904902279559434,-2.3098390281001238,-0.2829766410845919,-1.5406059996288541,-1.6126673612111788;0.0,0.0,0.0;1.0,0.0,0.0,0.0
0.0;-2.6677983445453144,-1.5821550379370477,1.9042032764561125,-2.3139835259667976,-0.28366339746645036,-1.5402581555936266,-1.6126765215847865;0.0,0.0,0.0;1.0,0.0,0.0,0.0
0.0;-2.669353528044252,-1.5844933352632884,1.905001400901545,-2.316951236144863,-0.2855028468460708,-1.539523090983781,-1.6126650924496795;0.0,0.0,0.0;1.0,0.0,0.0,0.0
0.0;-2.6705531122572244,-1.5856704314622765,1.9059980762659303,-2.3177306687827817,-0.28840149824487327,-1.5388318934033376,-1.6126639096287365;0.0,0.0,0.0;1.0,0.0,0.0,0.0
0.0;-2.67646360016734,-1.5861757620060444,1.9054413040110871,-2.321562600771473,-0.28862708111873275,-1.5389649016100106,-1.6126647566231334;0.0,0.0,0.0;1.0,0.0,0.0,0.0
0.0;-2.6768863836444043,-1.5867358928381388,1.9055383091955678,-2.3223693858414416,-0.28898697542343393,-1.5388504831268306,-1.6126627064657855;0.0,0.0,0.0;1.0,0.0,0.0,0.0
0.0;-2.6786751254324623,-1.5867172307373523,1.9081636571407323,-2.320565964916292,-0.28920773587216175,-1.538657161159471,-1.6126660368765664;0.0,0.0,0.0;1.0,0.0,0.0,0.0
0.0;-2.6821317870428647,-1.5849664035038424,1.9109434970268393,-2.321486908760875,-0.2887621630904283,-1.5386832474309335,-1.6126808612545191;0.0,0.0,0.0;1.0,0.0,0.0,0.0
0.0;-2.68255155871926,-1.5851144958486678,1.910827283462715,-2.3219240051173764,-0.2889003199913681,-1.538658497502483,-1.6126804368436598;0.0,0.0,0.0;1.0,0.0,0.0,0.0
0.0;-2.6830387588166102,-1.5853259612330488,1.9109120505182788,-2.3217876670276327,-0.28904566116884,-1.5386172089017989,-1.6126795267648795;0.0,0.0,0.0;1.0,0.0,0.0,0.0
0.0;-2.6838178927154352,-1.5847571928587112,1.9112368384431235,-2.3215514706903018,-0.28915326978986816,-1.538358963334948,-1.6126819996408124;0.0,0.0,0.0;1.0,0.0,0.0,0.0
0.0;-2.6840854831987335,-1.5847050348571852,1.9113762017730578,-2.3216609715672303,-0.28916271324458004,-1.5383528877369956,-1.6126826478816736;0.0,0.0,0.0;1.0,0.0,0.0,0.0
0.0;-2.684309998402044,-1.5848950994150361,1.911138022224279,-2.321793706984731,-0.28923840259902006,-1.5383691149386411,-1.6126815795484248;0.0,0.0,0.0;1.0,0.0,0.0,0.0
0.0;-2.6844956479178443,-1.584795107909645,1.911211603624038,-2.321749873128332,-0.2892659822990764,-1.5383183787668278,-1.6126820410677731;0.0,0.0,0.0;1.0,0.0,0.0,0.0
0.0;-2.6846116339299875,-1.584878418786499,1.9113148857030942,-2.3214746364633196,-0.28941726159735176,-1.5383075205382133,-1.6126819978001978;0.0,0.0,0.0;1.0,0.0,0.0,0.0
0.0;-2.684736018471086,-1.5850775049563013,1.9104932550808074,-2.321616855293848,-0.28950967300408054,-1.5383145699851568,-1.6126809888635478;0.0,0.0,0.0;1.0,0.0,0.0,0.0
0.0;-2.6847873885051152,-1.5850654922313367,1.9104986698003072,-2.3216154567278635,-0.2895189337346287,-1.5383049536519207,-1.6126810401281173;0.0,0.0,0.0;1.0,0.0,0.0,0.0
0.0;-2.6848724088113083,-1.5851621688784494,1.9103693175008296,-2.3216631941045116,-0.2895667714371573,-1.5383139823021346,-1.6126803813657242;0.0,0.0,0.0;1.0,0.0,0.0,0.0
0.0;-2.684904378384211,-1.585202651937329,1.910220441526575,-2.3216768710061895,-0.2895917685886849,-1.5383141940731435,-1.6126801933659696;0.0,0.0,0.0;1.0,0.0,0.0,0.0
0.0;-2.684931554480889,-1.5852686753976164,1.9102138491801086,-2.321539738549609,-0.28966999490007483,-1.5383139848041314,-1.6126800371542207;0.0,0.0,0.0;1.0,0.0,0.0,0.0
0.0;-2.684951901856952,-1.585288769363647,1.9101805446905422,-2.3215494785563062,-0.2896809608880138,-1.538315240146114,-1.612679904289314;0.0,0.0,0.0;1.0,0.0,0.0,0.0
0.0;-2.685087149822743,-1.5854926760109251,1.9097570124229497,-2.321800010574883,-0.28971944616065076,-1.5383449926369965,-1.6126782799648967;0.0,0.0,0.0;1.0,0.0,0.0,0.0
0.0;-2.6850950156256044,-1.585508208925991,1.9097467162660955,-2.321775548094458,-0.2897359707097602,-1.5383450417846973,-1.6126782335586485;0.0,0.0,0.0;1.0,0.0,0.0,0.0
0.0;-2.685138593759276,-1.5857460573039808,1.909855176440196,-2.3212158479375002,-0.2900202218262489,-1.5383504333652998,-1.6126778187435777;0.0,0.0,0.0;1.0,0.0,0.0,0.0
0.0;-2.6866614716959134,-1.5857078833704878,1.9098717759320372,-2.3224338930187445,-0.28996282981934707,-1.5383817017572992,-1.6126779866189307;0.0,0.0,0.0;1.0,0.0,0.0,0.0
0.0;-2.68790236849008,-1.588195572866763,1.9084710518615573,-2.321575493314608,-0.2907773282347494,-1.5385139121793494,-1.6126683123400605;0.0,0.0,0.0;1.0,0.0,0.0,0.0
0.0;-2.688545284749186,-1.5896268026628304,1.9062229912996451,-2.321999301134573,-0.291070005457161,-1.5387048469084388,-1.6126578980675763;0.0,0.0,0.0;1.0,0.0,0.0,0.0
0.0;-2.688851030766972,-1.5895740350138854,1.9062156929059229,-2.322237206897091,-0.2910420492211755,-1.5387129954857013,-1.6126579834141044;0.0,0.0,0.0;1.0,0.0,0.0,0.0
0.0;-2.689155722249401,-1.5900416770007921,1.9059547572807898,-2.322126901468405,-0.2911954911329779,-1.5387393360055166,-1.612656171133555;0.0,0.0,0.0;1.0,0.0,0.0,0.0
0.0;-2.689355490989143,-1.5904407542753671,1.9054776312882784,-2.322133414117603,-0.2913084641889935,-1.5387811775170754,-1.6126538074611083;0.0,0.0,0.0;1.0,0.0,0.0,0.0
0.0;-2.689484321270425,-1.5904394449360866,1.9053906757816788,-2.322235671810728,-0.29128933097773346,-1.5387913970480844,-1.6126535308938164;0.0,0.0,0.0;1.0,0.0,0.0,0.0
0.0;-2.6900723835040266,-1.5887241404567598,1.9066479795017386,-2.3218073073219894,-0.29078292108002096,-1.538047856165697,-1.6126584715148355;0.0,0.0,0.0;1.0,0.0,0.0,0.0
0.0;-2.6901399522901013,-1.5887913960365045,1.9065544719731249,-2.3218253646325824,-0.29079790089352914,-1.5380560299801396,-1.6126580321995763;0.0,0.0,0.0;1.0,0.0,0.0,0.0
0.0;-2.6901787069073215,-1.5888166878150864,1.906510821964691,-2.3218444502642432,-0.29080168948160445,-1.5380604055817457,-1.6126578391609931;0.0,0.0,0.0;1.0,0.0,0.0,0.0
0.0;-2.6902986572304264,-1.5885013911698578,1.906735653910093,-2.321768903330521,-0.29070768477280207,-1.5379220855667,-1.6126587172677884;0.0,0.0,0.0;1.0,0.0,0.0,0.0
0.0;-2.690341313958591,-1.5884351774297523,1.9067743292348285,-2.321753402342827,-0.2906869923106345,-1.5378890381531456,-1.6126588544228757;0.0,0.0,0.0;1.0,0.0,0.0,0.0
0.0;-2.6903592446313622,-1.5884233662032103,1.906775813689431,-2.321753105651838,-0.29068252955535656,-1.5378815967250594,-1.6126588525169137;0.0,0.0,0.0;1.0,0.0,0.0,0.0
0.0;-2.6903862179851368,-1.5883612952755948,1.906818340792844,-2.32173886642902,-0.29066378798363646,-1.5378538013652159,-1.6126590166854469;0.0,0.0,0.0;1.0,0.0,0.0,0.0
0.0;-2.6904009594601104,-1.5883333624674207,1.9068362241920853,-2.321732400188122,-0.29065522275405037,-1.5378406561352143,-1.6126590834441592;0.0,0.0,0.0;1.0,0.0,0.0,0.0
0.0;-2.690408006829999,-1.5883241646604007,1.9068409733771345,-2.321730727998337,-0.290652244680039,-1.5378359745599475,-1.6126590997764698;0.0,0.0,0.0;1.0,0.0,0.0,0.0
0.0;-2.6904148261763035,-1.588310226909718,1.906850134505286,-2.3217276400966123,-0.29064798611683895,-1.53782959253616,-1.612659134641147;0.0,0.0,0.0;1.0,0.0,0.0,0.0
0.0;-2.690419295039437,-1.5883015050705147,1.9068557779246815,-2.3217256557010137,-0.29064531549549116,-1.5378255322995877,-1.6126591558745749;0.0,0.0,0.0;1.0,0.0,0.0,0.0
0.0;-2.6904217336370744,-1.5882976000218971,1.9068580792517278,-2.321724846066529,-0.29064408945127723,-1.5378236394450826,-1.6126591642452401;0.0,0.0,0.0;1.0,0.0,0.0,0.0
0.0;-2.690423621913917,-1.5882940104314907,1.906860372295018,-2.3217240646763337,-0.29064298445962367,-1.537821969601996,-1.6126591728750335;0.0,0.0,0.0;1.0,0.0,0.0,0.0
0.0;-2.690424931894965,-1.5882914776890382,1.9068620036969766,-2.3217234972546104,-0.2906422074702075,-1.5378207908468673,-1.6126591790137497;0.0,0.0,0.0;1.0,0.0,0.0,0.0
0.0;-2.690425716627283,-1.588290112306809,1.9068628430462875,-2.3217232035927147,-0.2906417833395636,-1.537820141247865,-1.6126591821179286;0.0,0.0,0.0;1.0,0.0,0.0,0.0
0.0;-2.6904262668622714,-1.5882890979130506,1.9068634828292323,-2.3217229836665787,-0.2906414701209675,-1.5378196657525356,-1.6126591845120586;0.0,0.0,0.0;1.0,0.0,0.0,0.0
0.0;-2.6904266500424643,-1.5882883694254009,1.9068639486628356,-2.321722822293471,-0.29064124613080294,-1.5378193258621171,-1.6126591862616009;0.0,0.0,0.0;1.0,0.0,0.0,0.0
0.0;-2.690426892974823,-1.5882879312943203,1.9068642224992323,-2.3217227268885896,-0.290641110608766,-1.5378191190896995,-1.6126591872810208;0.0,0.0,0.0;1.0,0.0,0.0,0.0
0.0;-2.6904270568769713,-1.588287631562721,1.9068644109176336,-2.3217226618012177,-0.2906410179997701,-1.5378189782412204,-1.6126591879847745;0.0,0.0,0.0;1.0,0.0,0.0,0.0
0.0;-2.6904271696987965,-1.5882874200383865,1.9068645453660342,-2.3217226152719164,-0.2906409528493652,-1.5378188792996477,-1.6126591884887524;0.0,0.0,0.0;1.0,0.0,0.0,0.0
0.0;-2.69042724345407,-1.588287285007725,1.9068646303224592,-2.321722585751177,-0.290640911151382,-1.5378188157944255,-1.6126591888058877;0.0,0.0,0.0;1.0,0.0,0.0,0.0
0.0;-2.6904272926245403,-1.5882871950503847,1.9068646868900152,-2.3217225661671095,-0.29064088336269966,-1.5378187735090305,-1.6126591890171245;0.0,0.0,0.0;1.0,0.0,0.0,0.0
0.0;-2.6904273260712515,-1.5882871329002373,1.9068647262409792,-2.321722552546849,-0.29064086419982793,-1.537818744386137,-1.6126591891644309;0.0,0.0,0.0;1.0,0.0,0.0,0.0
0.0;-2.6904273482620407,-1.5882870920444516,1.90686475200805,-2.3217225436066453,-0.2906408515907382,-1.5378187251981843,-1.61265918926072;0.0,0.0,0.0;1.0,0.0,0.0,0.0
0.0;-2.6904273630292024,-1.5882870649635035,1.9068647690562346,-2.3217225376995816,-0.29064084322808764,-1.5378187124726843,-1.6126591893243991;0.0,0.0,0.0;1.0,0.0,0.0,0.0
0.0;-2.6904273729922514,-1.5882870465401144,1.906864780696587,-2.3217225336690155,-0.2906408375443868,-1.5378187038307667,-1.6126591893679387;0.0,0.0,0.0;1.0,0.0,0.0,0.0
0.0;-2.6904273796437863,-1.5882870342738074,1.9068647884380001,-2.321722530985088,-0.29064083375925726,-1.5378186980725461,-1.612659189396878;0.0,0.0,0.0;1.0,0.0,0.0,0.0
0.0;-2.690427384075513,-1.5882870261295527,1.9068647935698886,-2.3217225292065304,-0.2906408312449779,-1.53781869424696,-1.612659189416053;0.0,0.0,0.0;1.0,0.0,0.0,0.0
0.0;-2.6904273870515163,-1.5882870206391029,1.9068647970354267,-2.3217225280061604,-0.29064082955071413,-1.5378186916702044,-1.6126591894290097;0.0,0.0,0.0;1.0,0.0,0.0,0.0
0.0;-2.69042738904268,-1.5882870169665584,1.9068647993533254,-2.321722527202831,-0.29064082841743644,-1.5378186899463486,-1.6126591894376756;0.0,0.0,0.0;1.0,0.0,0.0,0.0
0.0;-2.6904273903714198,-1.5882870145213746,1.90686480089503,-2.3217225266685193,-0.2906408276626896,-1.537818688798087,-1.6126591894434372;0.0,0.0,0.0;1.0,0.0,0.0,0.0
0.0;-2.6904273912616055,-1.588287012880619,1.906864801930244,-2.3217225263098724,-0.29064082715632833,-1.5378186880278801,-1.612659189447307;0.0,0.0,0.0;1.0,0.0,0.0,0.0
0.0;-2.690427391857495,-1.5882870117818286,1.9068648026236532,-2.321722526069586,-0.29064082681724857,-1.5378186875121054,-1.6126591894498992;0.0,0.0,0.0;1.0,0.0,0.0,0.0
0.0;-2.690427392255606,-1.5882870110486587,1.9068648030860755,-2.321722525909331,-0.2906408265909636,-1.5378186871678632,-1.6126591894516276;0.0,0.0,0.0;1.0,0.0,0.0,0.0
0.0;-2.6904273925220443,-1.5882870105577243,1.906864803395784,-2.3217225258020227,-0.29064082643944966,-1.5378186869373889,-1.6126591894527855;0.0,0.0,0.0;1.0,0.0,0.0,0.0
0.0;-2.690427392700382,-1.588287010228968,1.9068648036032256,-2.3217225257301406,-0.2906408263379936,-1.537818686783062,-1.612659189453561;0.0,0.0,0.0;1.0,0.0,0.0,0.0
0.0;-2.690427392819612,-1.5882870100093096,1.90686480374179,-2.321722525682122,-0.2906408262702012,-1.537818686679935,-1.6126591894540794;0.0,0.0,0.0;1.0,0.0,0.0,0.0
0.0;-2.690427392899378,-1.5882870098623445,1.9068648038345013,-2.321722525649996,-0.2906408262248442,-1.5378186866109393,-1.6126591894544258;0.0,0.0,0.0;1.0,0.0,0.0,0.0
0.0;-2.6904273929527562,-1.588287009763962,1.9068648038965745,-2.3217225256284886,-0.2906408261944821,-1.5378186865647545,-1.6126591894546574;0.0,0.0,0.0;1.0,0.0,0.0,0.0
0.0;-2.6904273929884575,-1.5882870096981794,1.9068648039380731,-2.3217225256141067,-0.2906408261741802,-1.5378186865338712,-1.6126591894548132;0.0,0.0,0.0;1.0,0.0,0.0,0.0
0.0;-2.6904273930123384,-1.5882870096541784,1.9068648039658318,-2.3217225256044887,-0.2906408261606004,-1.5378186865132142,-1.6126591894549165;0.0,0.0,0.0;1.0,0.0,0.0,0.0
0.0;-2.6904273930283176,-1.5882870096247312,1.9068648039844096,-2.3217225255980516,-0.2906408261515126,-1.5378186864993897,-1.6126591894549855;0.0,0.0,0.0;1.0,0.0,0.0,0.0
0.0;-2.690427393039006,-1.5882870096050357,1.9068648039968357,-2.3217225255937457,-0.2906408261454341,-1.5378186864901435,-1.6126591894550324;0.0,0.0,0.0;1.0,0.0,0.0,0.0
0.0;-2.6904273930461553,-1.5882870095918606,1.9068648040051466,-2.321722525590866,-0.2906408261413682,-1.5378186864839587,-1.6126591894550635;0.0,0.0,0.0;1.0,0.0,0.0,0.0
0.0;-2.69042739305094,-1.5882870095830466,1.906864804010708,-2.321722525588938,-0.2906408261386477,-1.5378186864798207,-1.6126591894550844;0.0,0.0,0.0;1.0,0.0,0.0,0.0
0.0;-2.690427393054139,-1.5882870095771493,1.9068648040144276,-2.321722525587649,-0.2906408261368279,-1.537818686477052,-1.6126591894550986;0.0,0.0,0.0;1.0,0.0,0.0,0.0
0.0;-2.69042739305628,-1.588287009573205,1.9068648040169163,-2.3217225255867864,-0.2906408261356106,-1.5378186864752006,-1.6126591894551077;0.0,0.0,0.0;1.0,0.0,0.0,0.0
0.0;-2.6904273930577123,-1.5882870095705666,1.9068648040185812,-2.3217225255862086,-0.2906408261347962,-1.5378186864739611,-1.6126591894551139;0.0,0.0,0.0;1.0,0.0,0.0,0.0
0.0;-2.6904273930586706,-1.5882870095688009,1.9068648040196947,-2.321722525585824,-0.29064082613425146,-1.5378186864731327,-1.6126591894551183;0.0,0.0,0.0;1.0,0.0,0.0,0.0
0.0;-2.6904273930593106,-1.58828700956762,1.90686480402044,-2.321722525585566,-0.290640826133887,-1.5378186864725782,-1.6126591894551208;0.0,0.0,0.0;1.0,0.0,0.0,0.0
0.0;-2.6904273930597395,-1.5882870095668304,1.9068648040209377,-2.321722525585393,-0.29064082613364317,-1.537818686472207,-1.6126591894551228;0.0,0.0,0.0;1.0,0.0,0.0,0.0
