0.0;0.05074789842780759,-0.577414869645027,0.33752929536011567,2.1946587683892567,-2.9245889900389153,1.6863158089494732,2.795998987879486;0.0,0.0,0.0;1.0,0.0,0.0,0.0
0.0;0.11752558314572353,-0.5963468766668246,0.2771552037194232,2.179606789859317,-2.9091233180181586,1.6346699790693187,2.808349471755489;0.0,0.0,0.0;1.0,0.0,0.0,0.0
0.0;0.18430326786363949,-0.6152788836886222,0.21678111207873071,2.164554811329377,-2.893657645997402,1.5830241491891637,2.820699955631492;0.0,0.0,0.0;1.0,0.0,0.0,0.0
0.0;0.2510809525815554,-0.6342108907104197,0.15640702043803825,2.1495028327994374,-2.8781919739766453,1.5313783193090091,2.833050439507495;0.0,0.0,0.0;1.0,0.0,0.0,0.0
0.0;0.3178586372994714,-0.6531428977322173,0.09603292879734576,2.1344508542694975,-2.8627263019558886,1.4797324894288542,2.8454009233834974;0.0,0.0,0.0;1.0,0.0,0.0,0.0
0.0;0.3846363220173873,-0.6720749047540149,0.03565883715665329,2.1193988757395577,-2.847260629935132,1.4280866595486996,2.8577514072595007;0.0,0.0,0.0;1.0,0.0,0.0,0.0
0.0;0.40467355488002277,-0.690320876474978,0.01798147840564307,2.171059767090562,-2.8345706148605423,1.3916529860116649,2.9331114272551466;0.0,0.0,0.0;1.0,0.0,0.0,0.0
0.0;0.4247107877426582,-0.7085668481959412,0.0003041196546328395,2.222720658441566,-2.821880599785952,1.3552193124746297,3.0084714472507925;0.0,0.0,0.0;1.0,0.0,0.0,0.0
0.0;0.4447480206052936,-0.7268128199169044,-0.017373239096377384,2.27438154979257,-2.8091905847113625,1.318785638937595,3.0838314672464384;0.0,0.0,0.0;1.0,0.0,0.0,0.0
0.0;0.46478525346792904,-0.7450587916378675,-0.03505059784738761,2.3260424411435743,-2.796500569636773,1.2823519654005602,3.1591914872420843;0.0,0.0,0.0;1.0,0.0,0.0,0.0
0.0;0.48482248633056446,-0.7633047633588307,-0.05272795659839781,2.3777033324945784,-2.7838105545621827,1.2459182918635254,3.23455150723773;0.0,0.0,0.0;1.0,0.0,0.0,0.0
0.0;0.5815712684373089,-0.7774278572496536,-0.05372432443267723,2.403003339735633,-2.7661205274910663,1.2358964111070652,3.2872484989114605;0.0,0.0,0.0;1.0,0.0,0.0,0.0
0.0;0.6783200505440532,-0.7915509511404761,-0.05472069226695665,2.428303346976687,-2.74843050041995,1.225874530350605,3.3399454905851895;0.0,0.0,0.0;1.0,0.0,0.0,0.0
0.0;0.771684881169397,-0.8022208599203005,-0.04749525243235177,2.4446813278339095,-2.729171468429149,1.216055818199307,3.374355718802386;0.0,0.0,0.0;1.0,0.0,0.0,0.0
0.0;0.8650497117947409,-0.8128907687001249,-0.04026981259774689,2.461059308691132,-2.7099124364383473,1.206237106048009,3.408765947019582;0.0,0.0,0.0;1.0,0.0,0.0,0.0
0.0;0.9584145424200845,-0.8235606774799492,-0.03304437276314201,2.4774372895483543,-2.6906534044475454,1.196418393896711,3.4431761752367773;0.0,0.0,0.0;1.0,0.0,0.0,0.0
0.0;1.0517793730454283,-0.8342305862597736,-0.025818932928537125,2.4938152704055767,-2.6713943724567444,1.1865996817454132,3.477586403453974;0.0,0.0,0.0;1.0,0.0,0.0,0.0
0.0;1.1451442036707722,-0.844900495039598,-0.018593493093932243,2.510193251262799,-2.652135340465943,1.1767809695941152,3.51199663167117;0.0,0.0,0.0;1.0,0.0,0.0,0.0
0.0;1.238509034296116,-0.8555704038194223,-0.011368053259327361,2.526571232120021,-2.6328763084751414,1.1669622574428171,3.546406859888366;0.0,0.0,0.0;1.0,0.0,0.0,0.0
0.0;1.3318738649214596,-0.8662403125992466,-0.004142613424722483,2.5429492129772435,-2.61361727648434,1.1571435452915193,3.5808170881055617;0.0,0.0,0.0;1.0,0.0,0.0,0.0
0.0;1.4252386955468035,-0.876910221379071,0.003082826409882401,2.559327193834466,-2.5943582444935385,1.1473248331402215,3.615227316322758;0.0,0.0,0.0;1.0,0.0,0.0,0.0
0.0;1.5186035261721473,-0.8875801301588955,0.010308266244487285,2.5757051746916884,-2.575099212502737,1.1375061209889235,3.6496375445399543;0.0,0.0,0.0;1.0,0.0,0.0,0.0
0.0;1.6119683567974912,-0.8982500389387198,0.017533706079092166,2.5920831555489108,-2.555840180511936,1.1276874088376254,3.6840477727571503;0.0,0.0,0.0;1.0,0.0,0.0,0.0
0.0;1.7044871995524846,-0.9080566514407945,0.02681459783091813,2.6062306298101747,-2.5361888972912134,1.117919488837618,3.7138863101102126;0.0,0.0,0.0;1.0,0.0,0.0,0.0
0.0;1.7970060423074783,-0.9178632639428692,0.0360954895827441,2.6203781040714396,-2.5165376140704905,1.1081515688376107,3.743724847463276;0.0,0.0,0.0;1.0,0.0,0.0,0.0
0.0;1.889524885062472,-0.9276698764449439,0.045376381334570046,2.6345255783327035,-2.496886330849768,1.0983836488376033,3.773563384816338;0.0,0.0,0.0;1.0,0.0,0.0,0.0
0.0;1.9820437278174656,-0.9374764889470187,0.05465727308639601,2.648673052593968,-2.4772350476290455,1.088615728837596,3.803401922169401;0.0,0.0,0.0;1.0,0.0,0.0,0.0
0.0;2.0781609608052034,-0.9419312612227251,0.0725125517707486,2.6527162260284034,-2.4571407965615006,1.090048963474388,3.80260116568579;0.0,0.0,0.0;1.0,0.0,0.0,0.0
0.0;2.1701077479824877,-0.9363015758337145,0.0977432375986646,2.6470921686648787,-2.45645058675591,1.10926764268133,3.7807827463666532;0.0,0.0,0.0;1.0,0.0,0.0,0.0
0.0;2.2418500537937898,-0.9207552687443809,0.1225340562800295,2.6288915181000103,-2.4725248410343976,1.1448799060306014,3.7345346051130024;0.0,0.0,0.0;1.0,0.0,0.0,0.0
0.0;2.291516411262211,-0.9013721009378561,0.14711374750724004,2.604651219220577,-2.4977984949300622,1.1854217772207836,3.673843654138622;0.0,0.0,0.0;1.0,0.0,0.0,0.0
0.0;2.351044667710296,-0.8805367046151531,0.17028803041776605,2.5832896807551133,-2.51905752528273,1.223775967363542,3.61811287308133;0.0,0.0,0.0;1.0,0.0,0.0,0.0
0.0;2.4334567417622353,-0.8321277143418345,0.21270976408290998,2.528029283687577,-2.5774287816916828,1.3067731170403416,3.49351134474444;0.0,0.0,0.0;1.0,0.0,0.0,0.0
0.0;2.4334567417622353,-0.8321277143418345,0.21270976408290998,2.528029283687577,-2.5774287816916828,1.3067731170403416,3.49351134474444;0.0,0.0,0.0;1.0,0.0,0.0,0.0
0.0;2.457909123948942,-0.8080910288174166,0.23087247174843487,2.4993402454161755,-2.6119986615586046,1.349323896468604,3.4252052069254404;0.0,0.0,0.0;1.0,0.0,0.0,0.0
0.0;2.4912045872457442,-0.7855133069329499,0.2525881113203174,2.469799162633017,-2.6471870325291826,1.3931720186131058,3.362943382689562;0.0,0.0,0.0;1.0,0.0,0.0,0.0
0.0;2.504423951423593,-0.757295435307969,0.27333649169447954,2.4409752437569017,-2.682779267268421,1.4349916836618792,3.2940086673014712;0.0,0.0,0.0;1.0,0.0,0.0,0.0
0.0;2.5258309445234786,-0.7290571117816217,0.29105156417181477,2.4112912783554488,-2.7178480138376364,1.4761950945085283,3.2260245655961657;0.0,0.0,0.0;1.0,0.0,0.0,0.0
0.0;2.544446010690326,-0.7005679884462888,0.31149035718522644,2.3779943602575915,-2.753638226115887,1.5169218350558464,3.1598746339408965;0.0,0.0,0.0;1.0,0.0,0.0,0.0
