0.0;-5.60998142381492,0.8135839661147332,-1.4151018977407799,1.9110790863069946,-5.51834070865426,-1.235104110784507,1.7219792614639933;0.0,0.0,0.0;1.0,0.0,0.0,0.0
0.0;-5.619108988166855,0.8170205181629816,-1.4192549579774638,1.9103567312497134,-5.515835064589993,-1.2475508768784225,1.7239161701919383;0.0,0.003732245182618499,0.0;1.0,0.0,0.0,0.0
0.0;-5.616443047338368,0.8173709113336992,-1.4205787308193976,1.910803921026294,-5.5164452862193665,-1.2498107970159904,1.725509692246549;0.0,0.007464490365236998,0.0;1.0,0.0,0.0,0.0
0.0;-5.607369475415701,0.8160964535200079,-1.4193079296227233,1.9119059428775735,-5.519118094926281,-1.243381839474868,1.7265945563172855;0.0,0.011196735315024853,0.0;1.0,0.0,0.0,0.0
0.0;-5.596385429917242,0.8145330694126852,-1.4181469762646726,1.9118025931353892,-5.521726068106687,-1.233162290519822,1.7260800126422084;0.0,0.014928980730473995,0.0;1.0,0.0,0.0,0.0
0.0;-5.5872065187016755,0.8133262103119604,-1.4174682462848616,1.910240147675439,-5.523409818332998,-1.2230852221486568,1.7244621893513192;0.0,0.018661227077245712,0.0;1.0,0.0,0.0,0.0
0.0;-5.579439753139644,0.8121661430105994,-1.4171702881449086,1.9082487966878015,-5.524558732122116,-1.2146562804227352,1.7226643973915454;0.0,0.022393470630049706,0.0;1.0,0.0,0.0,0.0
0.0;-5.571795836897534,0.8107534063609771,-1.416760841554141,1.9067682690888035,-5.525929529026627,-1.206978090269661,1.721062469392694;0.0,0.026125717908143997,0.0;1.0,0.0,0.0,0.0
0.0;-5.563560198450224,0.8089868673014089,-1.4160541174799008,1.9055640116161414,-5.527775612286626,-1.1989037372383768,1.71953059796123;0.0,0.02985796332359314,0.0;1.0,0.0,0.0,0.0
0.0;-5.555122298820404,0.80687358422302,-1.415429885648565,1.9042401767207118,-5.529861183445203,-1.1902606414468402,1.7178279068604356;0.0,0.03359020873904228,0.0;1.0,0.0,0.0,0.0
0.0;-5.546794744570691,0.8046331063350679,-1.4150284066279486,1.9025701880981274,-5.532121432973306,-1.1812865916546833,1.7159140987581736;0.0,0.037322454154491425,0.0;1.0,0.0,0.0,0.0
0.0;-5.538634685801358,0.8023351441532421,-1.414770303537151,1.9006791469855935,-5.53447412002543,-1.1722212378780943,1.7139293323065221;0.0,0.04105469956994057,0.0;1.0,0.0,0.0,0.0
0.0;-5.530577327475289,0.7999900690378551,-1.4145703950949073,1.898752142568257,-5.53684887523785,-1.1632001252272235,1.7119685685424053;0.0,0.04478694498538971,0.0;1.0,0.0,0.0,0.0
0.0;-5.522565738352609,0.797619088606858,-1.4143866443514008,1.8968273098604511,-5.539224672275661,-1.1542187881435497,1.7100237330202102;0.0,0.04851919040083885,0.0;1.0,0.0,0.0,0.0
0.0;-5.514602738784457,0.7952259140115215,-1.4142239868669002,1.894855290244004,-5.541586192762362,-1.1452272484913066,1.7080557359123887;0.0,0.052251435816287994,0.0;1.0,0.0,0.0,0.0
0.0;-5.506713934150731,0.792808546575618,-1.4141005460959417,1.8928020968675354,-5.543921958925176,-1.13620811366471,1.7060424734497959;0.0,0.05598367378115654,0.0;1.0,0.0,0.0,0.0
0.0;-5.498907152970339,0.7903692008822873,-1.4140195366851127,1.890670583284805,-5.5462316392845405,-1.127171942895557,1.7039857413174133;0.0,0.05971592292189598,0.0;1.0,0.0,0.0,0.0
0.0;-5.491176129514544,0.7879096249643043,-1.4139736975761898,1.8884756703835592,-5.54851705472473,-1.11813190784558,1.7018968403031436;0.0,0.06344816833734512,0.0;1.0,0.0,0.0,0.0
0.0;-5.483516757336051,0.785430840540807,-1.4139584675769528,1.886224905442303,-5.550776827391919,-1.109093568493066,1.6997810921778476;0.0,0.06718041747808456,0.0;1.0,0.0,0.0,0.0
0.0;-5.475930501347832,0.7829343878876509,-1.4139742138687774,1.883916823471909,-5.553008044907026,-1.1000563885436587,1.69763638483222;0.0,0.070912666618824,0.0;1.0,0.0,0.0,0.0
0.0;-5.468419896080217,0.7804216020836975,-1.4140221599233516,1.8815479879396049,-5.555208253353012,-1.09101853012374,1.6954596686599197;0.0,0.07464490830898285,0.0;1.0,0.0,0.0,0.0
0.0;-5.460985685629876,0.7778933561058559,-1.414102227530645,1.8791177507789674,-5.557375950195307,-1.081979723635619,1.6932502490486023;0.0,0.0783771499991417,0.0;1.0,0.0,0.0,0.0
0.0;-5.453627469512309,0.7753505116493665,-1.414213528529913,1.876627631546587,-5.559510110406834,-1.0729412060487753,1.6910088874614893;0.0,0.08210939168930054,0.0;1.0,0.0,0.0,0.0
0.0;-5.446345169450729,0.7727941027770524,-1.4143553110240157,1.874079027694026,-5.5616095752065045,-1.063904570155965,1.6887362860516049;0.0,0.08584164083003998,0.0;1.0,0.0,0.0,0.0
0.0;-5.4391393577966,0.7702252504444439,-1.414527224421003,1.8714724733658414,-5.563672940083607,-1.0548710479468035,1.6864325938320042;0.0,0.08957388252019882,0.0;1.0,0.0,0.0,0.0
0.0;-5.432010670609311,0.7676450517429737,-1.4147290730709667,1.8688081601204192,-5.565698778512156,-1.045841458509324,1.684097680801726;0.0,0.09330613166093826,0.0;1.0,0.0,0.0,0.0
0.0;-5.424959457952316,0.765054557386029,-1.4149605540271883,1.86608644385116,-5.5676857802354665,-1.036816446701269,1.6817314869350812;0.0,0.0970383733510971,0.0;1.0,0.0,0.0,0.0
0.0;-5.417985866063731,0.7624547977245135,-1.415221283587262,1.8633078716649258,-5.569632704083489,-1.0277967205954377,1.6793340973819182;0.0,0.10077062249183655,0.0;1.0,0.0,0.0,0.0
0.0;-5.411090080745314,0.7598468327513107,-1.4155108934417278,1.8604730348665857,-5.571538313375617,-1.0187830953133503,1.6769056445464672;0.0,0.10450286418199539,0.0;1.0,0.0,0.0,0.0
0.0;-5.4042723508908175,0.7572317462605507,-1.415829083171582,1.8575824685613043,-5.573401359525177,-1.009776426871852,1.6744462395977666;0.0,0.10823511332273483,0.0;1.0,0.0,0.0,0.0
0.0;-5.397532929581608,0.7546106315583617,-1.4161755771042375,1.8546366782606578,-5.575220610370725,-1.0007775193661488,1.6719559721062345;0.0,0.11196736246347427,0.0;1.0,0.0,0.0,0.0
0.0;-5.390872011463744,0.7519845765816976,-1.4165501070685258,1.8516361756692783,-5.576994861560504,-0.991787120096196,1.6694349342796886;0.0,0.11569961160421371,0.0;1.0,0.0,0.0,0.0
0.0;-5.384289747504464,0.7493546701005876,-1.416952411501323,1.8485814917291932,-5.578722934232025,-0.9828059498565939,1.666883231822471;0.0,0.11943185329437256,0.0;1.0,0.0,0.0,0.0
0.0;-5.377786260641486,0.7467220037578206,-1.4173822508939389,1.8454731606309802,-5.5804036675065145,-0.9738347232357677,1.6643009808630682;0.0,0.1231640949845314,0.0;1.0,0.0,0.0,0.0
0.0;-5.371361662041046,0.7440876748518427,-1.4178394064767625,1.8423117152263435,-5.582035919501726,-0.9648741386308168,1.6616883018041355;0.0,0.12689633667469025,0.0;1.0,0.0,0.0,0.0
0.0;-5.365016040153195,0.7414527816679308,-1.4183236828117083,1.8390976841777062,-5.5836185679902215,-0.9559248718144123,1.6590453184038274;0.0,0.1306285858154297,0.0;1.0,0.0,0.0,0.0
0.0;-5.358749481012315,0.7388184305675476,-1.4188348982733776,1.8358316062498392,-5.585150511219854,-0.946987583826199,1.6563721632593227;0.0,0.13436082005500793,0.0;1.0,0.0,0.0,0.0
0.0;-5.352562023876016,0.7361857215480426,-1.4193729046599828,1.832514010925512,-5.586630664772136,-0.9380629240304273,1.6536689770971391;0.0,0.13809306919574738,0.0;1.0,0.0,0.0,0.0
0.0;-5.346453699385319,0.7335557598684234,-1.4199375623513868,1.829145436234875,-5.588057971053165,-0.929151502458258,1.650935904115531;0.0,0.14182531833648682,0.0;1.0,0.0,0.0,0.0
0.0;-5.340424509157297,0.7309296461242687,-1.4205287619051201,1.825726413034843,-5.589431390488066,-0.9202539118284111,1.648173095219281;0.0,0.14555758237838745,0.0;1.0,0.0,0.0,0.0
0.0;-5.334474477834038,0.7283084954222661,-1.4211464054159912,1.8222574910945586,-5.590749903129728,-0.9113707455918767,1.6453807154999254;0.0,0.1492898166179657,0.0;1.0,0.0,0.0,0.0
0.0;-5.32860357433413,0.7256934108447425,-1.4217904402472428,1.8187392013482173,-5.592012503075964,-0.9025025973243175,1.642558940891333;0.0,0.15302206575870514,0.0;1.0,0.0,0.0,0.0
0.0;-5.322811757503684,0.7230854976243357,-1.4224608193703017,1.815172081897026,-5.593218215902994,-0.8936500009032352,1.6397079464464595;0.0,0.15675431489944458,0.0;1.0,0.0,0.0,0.0
0.0;-5.317098979834971,0.7204858600909271,-1.4231575204095275,1.8115566727820736,-5.594366086057263,-0.8848134751285097,1.6368279170454714;0.0,0.16048654913902283,0.0;1.0,0.0,0.0,0.0
0.0;-5.311465157613381,0.7178955940171525,-1.4238805596966502,1.807893500013676,-5.595455174904661,-0.8759935303022147,1.633919046583939;0.0,0.16421879827976227,0.0;1.0,0.0,0.0,0.0
0.0;-5.305910208067713,0.715315798681786,-1.4246299661680613,1.8041830972373771,-5.59648456989879,-0.8671906411691412,1.630981534340598;0.0,0.1679510474205017,0.0;1.0,0.0,0.0,0.0
0.0;-5.300434035592411,0.7127475696974682,-1.4254057983963315,1.800425996348066,-5.59745337625001,-0.8584052735986342,1.6280155916009194;0.0,0.17168329656124115,0.0;1.0,0.0,0.0,0.0
0.0;-5.295036532795301,0.7101920009077382,-1.4262081423291046,1.7966227288120835,-5.598360718934936,-0.8496378829802006,1.6250214411781443;0.0,0.1754155457019806,0.0;1.0,0.0,0.0,0.0
0.0;-5.289717590265293,0.7076501868315404,-1.4270371059517826,1.7927738311645718,-5.599205744239985,-0.8408889105349677,1.6219993177706775;0.0,0.17914777994155884,0.0;1.0,0.0,0.0,0.0
0.0;-5.284477081704797,0.7051232161826582,-1.4278928274526332,1.788879835897873,-5.599987617904975,-0.832158784161786,1.6189494675688;0.0,0.1828799992799759,0.0;1.0,0.0,0.0,0.0
0.0;-5.275938589660628,0.7052140087871798,-1.4252115531567486,1.7913153790431529,-5.6016154857927924,-0.8260203673003913,1.6179665413550426;-0.003657599911093712,0.1828799992799759,0.0;1.0,0.0,0.0,0.0
0.0;-5.269357425647615,0.7054512347217011,-1.4215604464071163,1.7968307063882447,-5.601599320453076,-0.8242752208580791,1.6199509142399606;-0.007315199822187424,0.1828799992799759,0.0;1.0,0.0,0.0,0.0
0.0;-5.260305985405201,0.7073877876787502,-1.4161334719603713,1.805455029656641,-5.601834476650567,-0.8246130468163233,1.6230868655150823;-0.010972799733281136,0.1828799992799759,0.0;1.0,0.0,0.0,0.0
0.0;-5.250030686762503,0.7085575444967699,-1.411508038720996,1.8135121458838255,-5.6011320546634265,-0.8254966555136585,1.6265633133553143;-0.014630400575697422,0.1828799992799759,0.0;1.0,0.0,0.0,0.0
0.0;-5.244239321515129,0.7097334977852051,-1.4077902384296883,1.8191517106149802,-5.600624293852939,-0.8252045942272831,1.6286071112902998;-0.01828799955546856,0.1828799992799759,0.0;1.0,0.0,0.0,0.0
0.0;-5.238212612258307,0.7109860880994601,-1.404421183666644,1.824325310619319,-5.600389643879441,-0.8249285723689054,1.6302757764825881;-0.02194559946656227,0.1828799992799759,0.0;1.0,0.0,0.0,0.0
0.0;-5.2274407419504385,0.713695886746451,-1.3984309949063436,1.832967492669089,-5.600876690464845,-0.8247087885733523,1.6328500071904921;-0.025603199377655983,0.1828799992799759,0.0;1.0,0.0,0.0,0.0
0.0;-5.2173598874112725,0.7139329154687732,-1.393525715471441,1.8412088086770668,-5.599241370406122,-0.824365495445828,1.636694870586671;-0.029260801151394844,0.1828799992799759,0.0;1.0,0.0,0.0,0.0
0.0;-5.211152379288126,0.7153337303257492,-1.389775978138541,1.8465857684381988,-5.598718925354301,-0.8240606482286101,1.6385150885593753;-0.032918401062488556,0.1828799992799759,0.0;1.0,0.0,0.0,0.0
0.0;-5.2048608776027745,0.7167707729845391,-1.3863142930179715,1.8516956827017406,-5.598481511515913,-0.8238517571170098,1.640077170010669;-0.03657599911093712,0.1828799992799759,0.0;1.0,0.0,0.0,0.0
0.0;-5.194078668985858,0.7192840335855281,-1.3802379903610482,1.8601345299257737,-5.598772295052073,-0.8234933182122507,1.6426726165203427;-0.04023360088467598,0.1828799992799759,0.0;1.0,0.0,0.0,0.0
0.0;-5.183986082043588,0.7196690880183328,-1.3752378432187802,1.8679606554129926,-5.597245674614052,-0.8229157396154736,1.6462408486064097;-0.04389120265841484,0.1828799992799759,0.0;1.0,0.0,0.0,0.0
0.0;-5.1774071735420675,0.7209018209334118,-1.371376591026145,1.8733389221123686,-5.596606331456003,-0.8223160789039667,1.648065653510046;-0.0475488007068634,0.1828799992799759,0.0;1.0,0.0,0.0,0.0
0.0;-5.170719132435391,0.7222205586224212,-1.36772039517161,1.8785023304250446,-5.596303243182402,-0.8218328185033897,1.6496487212094044;-0.051206402480602264,0.1828799992799759,0.0;1.0,0.0,0.0,0.0
0.0;-5.159686724240305,0.7245422325800659,-1.3615259130620392,1.8867746340654374,-5.596551443642827,-0.8211524052529197,1.652151868556317;-0.05486400052905083,0.1828799992799759,0.0;1.0,0.0,0.0,0.0
0.0;-5.149486325433264,0.7249363793355899,-1.3564112888516955,1.894230426498004,-5.595081322741314,-0.8202460263915407,1.6554963674028051;-0.05852160230278969,0.1828799992799759,0.0;1.0,0.0,0.0,0.0
0.0;-5.139825374054123,0.7272978774085227,-1.3500362581659666,1.902335294680906,-5.594750160962129,-0.818745781765773,1.6577119097017918;-0.06217920035123825,0.1828799992799759,0.0;1.0,0.0,0.0,0.0
0.0;-5.1327633669323545,0.7277446963962568,-1.3469142331727757,1.9067201349505531,-5.593447799651919,-0.8181247981250943,1.659569069131098;-0.06583680212497711,0.1828799992799759,0.0;1.0,0.0,0.0,0.0
0.0;-5.123967608942338,0.7291304163599972,-1.3425624113175625,1.912436659469388,-5.59305328715843,-0.8174036024449727,1.6613313412939565;-0.06949440389871597,0.1828799992799759,0.0;1.0,0.0,0.0,0.0
0.0;-5.114121025777648,0.7305212263240197,-1.3364099350155945,1.9205475075936502,-5.592655966250764,-0.8157022421378705,1.6639334552967517;-0.07315199822187424,0.1828799992799759,0.0;1.0,0.0,0.0,0.0
0.0;-5.10620323738414,0.7309370968428607,-1.332592998032798,1.9255784524942643,-5.591744289953033,-0.8148415174615979,1.6660377456145623;-0.0768095999956131,0.1828799992799759,0.0;1.0,0.0,0.0,0.0
0.0;-5.096490345439939,0.7325004113691386,-1.3275155539637171,1.9318707265850297,-5.591681249842838,-0.8138323918573184,1.6678497131671426;-0.08046720921993256,0.1828799992799759,0.0;1.0,0.0,0.0,0.0
0.0;-5.087668212891081,0.7330781428405952,-1.322554972646712,1.9381733337583618,-5.590722756722564,-0.8122463925715036,1.6702393914359681;-0.08412480354309082,0.1828799992799759,0.0;1.0,0.0,0.0,0.0
0.0;-5.078172368101273,0.7341219913292395,-1.31752433722255,1.9445807051480677,-5.590239127525007,-0.8108344796479842,1.6722472072814891;-0.08778240531682968,0.1828799992799759,0.0;1.0,0.0,0.0,0.0
0.0;-5.068634987901529,0.7350677655850253,-1.312423679668443,1.950850782635422,-5.589739676258319,-0.809355164594561,1.6742940498466905;-0.09144000709056854,0.1828799992799759,0.0;1.0,0.0,0.0,0.0
0.0;-5.059520611886279,0.7357958579284342,-1.307475238704517,1.956853341438698,-5.589096264374194,-0.8077421252638479,1.6763301108828168;-0.0950976014137268,0.1828799992799759,0.0;1.0,0.0,0.0,0.0
0.0;-5.049958364509839,0.7366813138247427,-1.302351765460955,1.9630189377512777,-5.588614492176996,-0.8060772343713531,1.6782451178856748;-0.09875520318746567,0.1828799992799759,0.0;1.0,0.0,0.0,0.0
0.0;-5.040510255155278,0.7373704447567793,-1.297298309634769,1.9690255811991895,-5.5880002421807395,-0.8043083243070088,1.6801943564183557;-0.10241280496120453,0.1828799992799759,0.0;1.0,0.0,0.0,0.0
0.0;-5.030882675580869,0.7380933025493265,-1.2921353437071086,1.9750792888966713,-5.58745766830045,-0.8024513592916629,1.6820758010372607;-0.10607039928436279,0.1828799992799759,0.0;1.0,0.0,0.0,0.0
0.0;-5.021206820956234,0.738732728324403,-1.2869727474928265,1.9810646345440992,-5.586884820905428,-0.8005097935826371,1.6839316402017857;-0.10972799360752106,0.1828799992799759,0.0;1.0,0.0,0.0,0.0
0.0;-5.011478028633292,0.7393249102231298,-1.2817835563607511,1.9870060374177372,-5.586314223701359,-0.7984768963223767,1.6857395123427033;-0.11338560283184052,0.1828799992799759,0.0;1.0,0.0,0.0,0.0
0.0;-5.001659603218085,0.7398698144004016,-1.2765587293164196,1.9929168082406634,-5.585749953566285,-0.7963560634154293,1.6875031394190871;-0.11704319715499878,0.1828799992799759,0.0;1.0,0.0,0.0,0.0
0.0;-4.9917874038628085,0.740349487581654,-1.2713153883511468,1.9987773349434066,-5.585177219064668,-0.7941452117259932,1.6892272664046768;-0.12070079892873764,0.1828799992799759,0.0;1.0,0.0,0.0,0.0
0.0;-4.981832612014425,0.740777842845888,-1.2660397840928554,2.0046062026409492,-5.584611187080817,-0.791845317684203,1.6909043257849057;-0.1243584007024765,0.1828799992799759,0.0;1.0,0.0,0.0,0.0
0.0;-4.971808646984779,0.7411439706350748,-1.2607390274002903,2.010394537346402,-5.584042784870505,-0.7894543534232793,1.6925380960498624;-0.12801600992679596,0.1828799992799759,0.0;1.0,0.0,0.0,0.0
0.0;-4.961713710380058,0.7414499850341452,-1.2554129202499762,2.0161430918449503,-5.583474577629046,-0.7869721603509418,1.6941244841850294;-0.13167360424995422,0.1828799992799759,0.0;1.0,0.0,0.0,0.0
0.0;-4.951543958957022,0.7416949713599531,-1.2500605791654273,2.021854145751978,-5.582906764151084,-0.784397708891403,1.695662382253282;-0.13533121347427368,0.1828799992799759,0.0;1.0,0.0,0.0,0.0
0.0;-4.941303434052786,0.7418761121787659,-1.2446840996549722,2.0275252572396574,-5.582336979434097,-0.7817296431132345,1.697151047608028;-0.13898880779743195,0.1828799992799759,0.0;1.0,0.0,0.0,0.0
0.0;-4.930989247323476,0.7419938446133892,-1.2392829628660014,2.033157485816605,-5.581765767781301,-0.7789669735159761,1.6985879568333893;-0.1426464021205902,0.1828799992799759,0.0;1.0,0.0,0.0,0.0
0.0;-4.920600717511208,0.7420453361922125,-1.2338617325222907,2.038752912278745,-5.581193182218389,-0.7761071614763217,1.6999731333724648;-0.14630401134490967,0.1828799992799759,0.0;1.0,0.0,0.0,0.0
0.0;-4.910133563964143,0.7420078191926158,-1.228686112868529,2.044508532859282,-5.580698447070266,-0.7731322827394691,1.7012879774226441;-0.14996159076690674,0.1828799992799759,0.0;1.0,0.0,0.0,0.0
0.0;-4.900370452852312,0.7417952314191436,-1.2240502414993601,2.0498540667729204,-5.580358977830284,-0.7700269382279861,1.7026832663629918;-0.153619185090065,0.1828799992799759,0.0;1.0,0.0,0.0,0.0
0.0;-4.89056781641724,0.7416361731179308,-1.219553003206249,2.0551004642527824,-5.580485598117358,-0.7669039786848411,1.7041975854423317;-0.15727679431438446,0.1828799992799759,0.0;1.0,0.0,0.0,0.0
0.0;-4.880803739454919,0.7414199414827171,-1.2151288500814041,2.060283341258637,-5.58080630943145,-0.7636845166452926,1.705966653579779;-0.16093440353870392,0.1828799992799759,0.0;1.0,0.0,0.0,0.0
0.0;-4.870954209345431,0.741247503176745,-1.2107203400223863,2.065414657585182,-5.581231498655208,-0.7603414344808147,1.7078831665696987;-0.16459199786186218,0.1828799992799759,0.0;1.0,0.0,0.0,0.0
0.0;-4.860821947298874,0.7411395512347819,-1.2063514530980817,2.0706057801039965,-5.581736711223182,-0.7567837466396351,1.7098816606948328;-0.16824960708618164,0.1828799992799759,0.0;1.0,0.0,0.0,0.0
0.0;-4.850220742188763,0.7412889543167954,-1.2020273589493005,2.0750603321107786,-5.582021067876546,-0.7525098592415943,1.711939842593008;-0.1719072014093399,0.1828799992799759,0.0;1.0,0.0,0.0,0.0
0.0;-4.839576602767211,0.7413357219760606,-1.1973627509068776,2.080595975402334,-5.582571120738138,-0.7482633887776071,1.7142217430996767;-0.17556479573249817,0.1828799992799759,0.0;1.0,0.0,0.0,0.0
0.0;-4.828382329194525,0.7412077112021852,-1.1926764232218008,2.0856375613511027,-5.583006022404116,-0.7444589954579782,1.7165957405283145;-0.17922240495681763,0.1828799992799759,0.0;1.0,0.0,0.0,0.0
0.0;-4.817091203287273,0.7413126302460457,-1.1872335660173825,2.0911390041493716,-5.583492847264263,-0.7401663319801766,1.7187855659047342;-0.1828799992799759,0.1828799992799759,0.0;1.0,0.0,0.0,0.0
0.0;-4.805259426958652,0.7411190382446678,-1.182171567230744,2.0961205816526403,-5.5833842245452,-0.7358220774393043,1.720836300663505;-0.18653759360313416,0.1828799992799759,0.0;1.0,0.0,0.0,0.0
0.0;-4.793034393343468,0.7407724943863934,-1.176082060446924,2.100087248820811,-5.583320165828746,-0.7310282556136588,1.7225501519771715;-0.19019518792629242,0.1828799992799759,0.0;1.0,0.0,0.0,0.0
0.0;-4.780778427512845,0.739999025760867,-1.170037640807288,2.1048820597558975,-5.582824698553747,-0.7250188818444067,1.7228391008609019;-0.19385278224945068,0.1828799992799759,0.0;1.0,0.0,0.0,0.0
0.0;-4.767448817330861,0.7389752094441676,-1.1641404137759572,2.109779167666029,-5.581608194654207,-0.7191069211863667,1.7228485708192929;-0.19751040637493134,0.1828799992799759,0.0;1.0,0.0,0.0,0.0
0.0;-4.755200943511631,0.7383351486037351,-1.1578421494175002,2.115065677292289,-5.580420947938766,-0.7136041083314014,1.7231414032146057;-0.2011680006980896,0.1828799992799759,0.0;1.0,0.0,0.0,0.0
0.0;-4.742518171269642,0.7376925537465004,-1.1518191443880554,2.120048459124788,-5.579122996386828,-0.7089532144387074,1.7236975526936202;-0.20482559502124786,0.1828799992799759,0.0;1.0,0.0,0.0,0.0
0.0;-4.730609325372488,0.7370867727403122,-1.1456393648203607,2.1254076898566465,-5.578034023052261,-0.704188845674026,1.7242907655070916;-0.20848320424556732,0.1828799992799759,0.0;1.0,0.0,0.0,0.0
0.0;-4.717818405861882,0.7363359089619904,-1.139835438500991,2.130039857751927,-5.576590284451801,-0.6991911255437188,1.7247150587656948;-0.21214079856872559,0.1828799992799759,0.0;1.0,0.0,0.0,0.0
0.0;-4.705036855580931,0.7356375349398447,-1.1336163441354856,2.1355069859501024,-5.575662691721905,-0.6935511066834532,1.7251662511785788;-0.21579839289188385,0.1828799992799759,0.0;1.0,0.0,0.0,0.0
0.0;-4.691689037145111,0.7343180271192892,-1.1277820282463011,2.140569135483823,-5.5747645940814134,-0.6879602862819814,1.7258099681356374;-0.2194560170173645,0.1828799992799759,0.0;1.0,0.0,0.0,0.0
0.0;-4.6792078135777455,0.733013196102916,-1.1220876503514643,2.145332663387753,-5.574285360229907,-0.6819651755802663,1.7260239123105778;-0.22311361134052277,0.1828799992799759,0.0;1.0,0.0,0.0,0.0
0.0;-4.666757421980836,0.7314824295733879,-1.1168810792729604,2.149546745257546,-5.573645583565977,-0.6761135614460728,1.7261783213217232;-0.22677120566368103,0.1828799992799759,0.0;1.0,0.0,0.0,0.0
0.0;-4.654825333172524,0.7301417425400312,-1.1114061093189922,2.1541776147464193,-5.573193058190113,-0.670167544767271,1.7263071194945043;-0.2304288148880005,0.1828799992799759,0.0;1.0,0.0,0.0,0.0
0.0;-4.642229319515457,0.7284599245921609,-1.1060339827378551,2.1586726015192705,-5.572679871185294,-0.6646083777593015,1.7265700080455275;-0.23408640921115875,0.1828799992799759,0.0;1.0,0.0,0.0,0.0
0.0;-4.630505582852056,0.7267853866569017,-1.1004879230769593,2.1633336770792577,-5.572149617283333,-0.6589093111935954,1.7266687182453107;-0.23774400353431702,0.1828799992799759,0.0;1.0,0.0,0.0,0.0
0.0;-4.618174302325048,0.7249033277371161,-1.0951726669747397,2.1677325336809425,-5.5715274897111,-0.6535509298652995,1.7266524371938146;-0.24140162765979767,0.1828799992799759,0.0;1.0,0.0,0.0,0.0
0.0;-4.605888281728068,0.7230676032404351,-1.089448465847889,2.172555841405307,-5.570978603681106,-0.6477552966855112,1.7265058684891654;-0.24505922198295593,0.1828799992799759,0.0;1.0,0.0,0.0,0.0
0.0;-4.5928931825092185,0.7208618038685183,-1.0839077224625118,2.1770919027317146,-5.5701410923557635,-0.6418765188448747,1.7263683647081745;-0.2487168163061142,0.1828799992799759,0.0;1.0,0.0,0.0,0.0
0.0;-4.580173940525785,0.7188388125050176,-1.078120581528616,2.181832097879984,-5.569400018869273,-0.6354985889107816,1.7259247624914333;-0.2523743808269501,0.1828799992799759,0.0;1.0,0.0,0.0,0.0
0.0;-4.5670573764605775,0.716504825963209,-1.0727221548304644,2.18611449011915,-5.56840509603481,-0.629188071832073,1.7254563448924045;-0.25603199005126953,0.1828799992799759,0.0;1.0,0.0,0.0,0.0
0.0;-4.554344977032179,0.714362462722034,-1.0670950012511964,2.190626145128589,-5.567550347018575,-0.6224642219202378,1.7247385172940426;-0.2596895694732666,0.1828799992799759,0.0;1.0,0.0,0.0,0.0
0.0;-4.541194671559104,0.7119557080228863,-1.061773876400119,2.194810395823123,-5.5664859080908276,-0.6159406363024196,1.7241076996555782;-0.26334720849990845,0.1828799992799759,0.0;1.0,0.0,0.0,0.0
0.0;-4.528400351267727,0.7098073986973804,-1.0560558451580904,2.1994567648491694,-5.565504288052485,-0.6091421590923264,1.7234704097337865;-0.2670047879219055,0.1828799992799759,0.0;1.0,0.0,0.0,0.0
0.0;-4.515024736664069,0.7072703601364505,-1.050730211051432,2.203661069524171,-5.564370826836772,-0.6025864199280626,1.7228781575509904;-0.270662397146225,0.1828799992799759,0.0;1.0,0.0,0.0,0.0
0.0;-4.5019183228902335,0.7048219986385086,-1.0451280802482665,2.2081342220272893,-5.563435431306488,-0.5954242032275822,1.72193543369425;-0.27431997656822205,0.1828799992799759,0.0;1.0,0.0,0.0,0.0
0.0;-4.488423908342158,0.7019626533886204,-1.0399523817305063,2.2121318513538695,-5.562220545622884,-0.588269658493204,1.7209935588871903;-0.2779775857925415,0.1828799992799759,0.0;1.0,0.0,0.0,0.0
0.0;-4.475179543151921,0.6993625227486173,-1.0344919654676128,2.216420903456024,-5.561186895397818,-0.5806625652622018,1.719734697606726;-0.28163519501686096,0.1828799992799759,0.0;1.0,0.0,0.0,0.0
0.0;-4.4615531176864565,0.6964091842839456,-1.029449576320213,2.220306814325864,-5.559847866046879,-0.5732261235881603,1.7186220683188131;-0.2852928042411804,0.1828799992799759,0.0;1.0,0.0,0.0,0.0
0.0;-4.448242325629477,0.6937318041345463,-1.024089971301266,2.2245090302599917,-5.558706249896662,-0.565372847909827,1.717256654555141;-0.2889504134654999,0.1828799992799759,0.0;1.0,0.0,0.0,0.0
0.0;-4.4345301779504975,0.690682674985809,-1.019159104588868,2.2282913718273205,-5.557305211577413,-0.5577217713297872,1.7160336474963656;-0.29260802268981934,0.1828799992799759,0.0;1.0,0.0,0.0,0.0
0.0;-4.4211290981037115,0.6879087750755539,-1.0139090349575985,2.2323988219259023,-5.556101078906201,-0.5496124647106163,1.7145366048253965;-0.2962656319141388,0.1828799992799759,0.0;1.0,0.0,0.0,0.0
0.0;-4.407276649274621,0.6847303224869449,-1.0091048382631838,2.236091179143832,-5.554619036542896,-0.5416768092615424,1.7131855579176154;-0.29992321133613586,0.1828799992799759,0.0;1.0,0.0,0.0,0.0
0.0;-4.393712796175297,0.681858003121465,-1.0039556664797504,2.2400963996286114,-5.553338207724157,-0.533214414173746,1.711515491838028;-0.3035808205604553,0.1828799992799759,0.0;1.0,0.0,0.0,0.0
0.0;-4.379726446145926,0.6786648967400957,-0.9991024905810069,2.243255957974214,-5.5515471618305074,-0.5246286271974622,1.7099671502299603;-0.3072384297847748,0.1828799992799759,0.0;1.0,0.0,0.0,0.0
0.0;-4.36557505281804,0.6759344556888673,-0.9940348875101118,2.2468996012486477,-5.549833430804106,-0.5152619691158381,1.7079396533234248;-0.31089603900909424,0.1828799992799759,0.0;1.0,0.0,0.0,0.0
0.0;-4.3523075023295865,0.6730420634619931,-0.9908047912373088,2.2493264107297675,-5.5476678418125775,-0.5063563151646976,1.7059593716738612;-0.3145536184310913,0.1828799992799759,0.0;1.0,0.0,0.0,0.0
0.0;-4.338716190144813,0.6696502201628525,-0.9872898554385338,2.2518713196282376,-5.546702623430015,-0.49658275328368906,1.7033635658396367;-0.31821122765541077,0.1828799992799759,0.0;1.0,0.0,0.0,0.0
0.0;-4.324608378165111,0.6661070224831963,-0.9830424285687085,2.2553129510744787,-5.545909856163409,-0.4860174571709989,1.7010983285574326;-0.3218688368797302,0.1828799992799759,0.0;1.0,0.0,0.0,0.0
0.0;-4.309999225867555,0.6625948618796037,-0.9791688578799398,2.258321438085723,-5.5444482814386795,-0.4762580584841243,1.6996152787386374;-0.3255264163017273,0.1828799992799759,0.0;1.0,0.0,0.0,0.0
0.0;-4.295609070404551,0.6600089203747397,-0.9746375990178333,2.2616911150511667,-5.543239944613548,-0.46612823687176896,1.6978312583526651;-0.32918402552604675,0.1828799992799759,0.0;1.0,0.0,0.0,0.0
0.0;-4.28113963536435,0.6568593345704087,-0.9709179103193016,2.2644608828776653,-5.541487596030699,-0.4562903012270135,1.6964370432970501;-0.3328416347503662,0.1828799992799759,0.0;1.0,0.0,0.0,0.0
0.0;-4.26639940141559,0.6542910699019306,-0.9664486551286515,2.266120358791554,-5.539087502386593,-0.44465054558157724,1.694327671886098;-0.33649924397468567,0.1828799992799759,0.0;1.0,0.0,0.0,0.0
0.0;-4.251019504186672,0.651606687535778,-0.962528610186782,2.2697018999832426,-5.537687042215834,-0.4334196664986152,1.6918424199770865;-0.34015682339668274,0.1828799992799759,0.0;1.0,0.0,0.0,0.0
0.0;-4.236257918973806,0.6481971697350809,-0.9591366516862914,2.2725023163358475,-5.5358423062550095,-0.42313068942421345,1.6903462482064227;-0.3438144326210022,0.1828799992799759,0.0;1.0,0.0,0.0,0.0
0.0;-4.222649789112862,0.6461272451119798,-0.9555453550528835,2.274124344728539,-5.533855691803683,-0.4124330674408237,1.6882897640902719;-0.34747201204299927,0.1828799992799759,0.0;1.0,0.0,0.0,0.0
0.0;-4.208168660975444,0.6441734617027122,-0.9523372506732659,2.2755726829527134,-5.5315847118221475,-0.4008850601276989,1.6860544429451958;-0.3511296212673187,0.1828799992799759,0.0;1.0,0.0,0.0,0.0
0.0;-4.193719919306997,0.6410466810719109,-0.948930531478799,2.2786786080037853,-5.530171069049414,-0.38944242219519987,1.6843239123701872;-0.3547872304916382,0.1828799992799759,0.0;1.0,0.0,0.0,0.0
0.0;-4.1794224239958755,0.6372671467827092,-0.9466592182427472,2.2808947837894458,-5.529068945850221,-0.37877764287126575,1.682592332025048;-0.35844483971595764,0.1828799992799759,0.0;1.0,0.0,0.0,0.0
0.0;-4.166399740017938,0.6341839672827384,-0.9451896495523026,2.2822396235941316,-5.528413555133499,-0.3674069985648803,1.6799928979585586;-0.3621024191379547,0.1828799992799759,0.0;1.0,0.0,0.0,0.0
0.0;-4.1541114604808325,0.6318350377852147,-0.9443833797961734,2.281969906971918,-5.527555646880265,-0.35523136422467055,1.6771893864608751;-0.3657599985599518,0.1828799992799759,0.0;1.0,0.0,0.0,0.0
0.0;-4.146248099205654,0.6349132460328998,-0.9420136235112643,2.282350851438131,-5.525762358104025,-0.34572670218812807,1.6773542129886632;-0.3657599985599518,0.17918545007705688,0.0;1.0,0.0,0.0,0.0
0.0;-4.140263171646255,0.6421278257319811,-0.9383733280281934,2.2823966917292093,-5.5234857124386965,-0.34084875157719047,1.6816282950235473;-0.3657599985599518,0.17549090087413788,0.0;1.0,0.0,0.0,0.0
0.0;-4.136512013474444,0.6483109569056205,-0.9344765301714575,2.2843171315172843,-5.521668816608548,-0.33962338607528836,1.6894877421720043;-0.3657599985599518,0.17179636657238007,0.0;1.0,0.0,0.0,0.0
0.0;-4.134101490096739,0.6514448339744819,-0.9308870608345743,2.287823332925157,-5.523768776128413,-0.3408382668346196,1.6956806358509176;-0.3657599985599518,0.16810181736946106,0.0;1.0,0.0,0.0,0.0
0.0;-4.133507835542673,0.6538122137055753,-0.9282825116201046,2.291059212453484,-5.52773523699483,-0.343550511111522,1.702537805682292;-0.3657599985599518,0.16440726816654205,0.0;1.0,0.0,0.0,0.0
0.0;-4.134884328885767,0.6568968650510437,-0.9264032516919214,2.2928320416845804,-5.531363043330224,-0.34660015526146526,1.7094159205072053;-0.3657599985599518,0.16071271896362305,0.0;1.0,0.0,0.0,0.0
0.0;-4.137963254004418,0.6609227025297189,-0.9251833132542117,2.293933657878926,-5.53435388177818,-0.3494924048445519,1.7165507778193212;-0.3657599985599518,0.15701818466186523,0.0;1.0,0.0,0.0,0.0
0.0;-4.140452436148982,0.6666308164919019,-0.9237341219365861,2.2956898783169826,-5.538994500950706,-0.35545068352552217,1.727406059835307;-0.3657599985599518,0.15332363545894623,0.0;1.0,0.0,0.0,0.0
0.0;-4.140911876447746,0.6706446854277862,-0.9199375296244306,2.3002693937861944,-5.545166251025112,-0.3608174359797199,1.7379511230417404;-0.3657599985599518,0.14962908625602722,0.0;1.0,0.0,0.0,0.0
0.0;-4.14085199041578,0.6730848263352265,-0.9160428846575018,2.3049194008043425,-5.5514637741684805,-0.36596033912712134,1.7496188473684802;-0.3657599985599518,0.14593453705310822,0.0;1.0,0.0,0.0,0.0
0.0;-4.142020362886896,0.6774558173645923,-0.9145449180200097,2.3070712723812954,-5.558003731291779,-0.3712892037291561,1.7602859548909424;-0.3657599985599518,0.1422399878501892,0.0;1.0,0.0,0.0,0.0
0.0;-4.145367126777217,0.6825278612537931,-0.9136396011863435,2.308457683777884,-5.563600723944928,-0.3747978295932255,1.7703573429877324;-0.3657599985599518,0.1385454535484314,0.0;1.0,0.0,0.0,0.0
0.0;-4.147214624114883,0.6872885532822547,-0.9126464415854664,2.3099235996308183,-5.56942708905156,-0.3789194590030862,1.780301066332528;-0.3657599985599518,0.1348509043455124,0.0;1.0,0.0,0.0,0.0
0.0;-4.1492468835885505,0.692977057865978,-0.9117480149750768,2.3112663030806484,-5.575480124173548,-0.3830650619629539,1.7910410109606456;-0.3657599985599518,0.13115635514259338,0.0;1.0,0.0,0.0,0.0
0.0;-4.150557520183274,0.6946191581366714,-0.9104881683641446,2.312555543444467,-5.576999573623451,-0.3827339710401668,1.792224018807097;-0.3657599985599518,0.12746180593967438,0.0;1.0,0.0,0.0,0.0
0.0;-4.150558449644278,0.6946220416406709,-0.9104847325302953,2.3125534162730528,-5.577000580005222,-0.3827356547361948,1.7922291088214073;-0.3657599985599518,0.12376727163791656,0.0;1.0,0.0,0.0,0.0
0.0;-4.152375315343076,0.6969842020091337,-0.9078940680698216,2.3152580692596163,-5.578508818087055,-0.382199195336587,1.793713940816727;-0.3657599985599518,0.12007272243499756,0.0;1.0,0.0,0.0,0.0
0.0;-4.157239387931475,0.7124893857026818,-0.896951282621697,2.3264779883471007,-5.582846805488612,-0.3935348572874137,1.8166806229689065;-0.3657599985599518,0.11637817323207855,0.0;1.0,0.0,0.0,0.0
0.0;-4.178447856961736,0.7586735976621739,-0.8858213412484717,2.3261801506289292,-5.57925261419958,-0.4333886484683323,1.8573034881732047;-0.3657599985599518,0.11268363147974014,0.0;1.0,0.0,0.0,0.0
0.0;-4.1917137084380585,0.7724150734275622,-0.8797205863259553,2.330207066077282,-5.586754925063721,-0.47074265758063866,1.8946754885562362;-0.3657599985599518,0.10898908227682114,0.0;1.0,0.0,0.0,0.0
0.0;-4.196563409910073,0.7716614600060682,-0.8746938308079159,2.3359587723325994,-5.601971195227015,-0.48363460424038435,1.9060158751714709;-0.3657599985599518,0.10529453307390213,0.0;1.0,0.0,0.0,0.0
0.0;-4.199472670617889,0.7731253587968547,-0.8733042746720234,2.336221863230496,-5.608463984267338,-0.4832451437323062,1.9107460653480646;-0.3657599985599518,0.10159999132156372,0.0;1.0,0.0,0.0,0.0
0.0;-4.199482043142154,0.7731518660103476,-0.8732678662015458,2.336200762114291,-5.608469243334718,-0.48323487677759813,1.9107599890449565;-0.3657599985599518,0.09790544956922531,0.0;1.0,0.0,0.0,0.0
0.0;-4.2010220782726995,0.7757472257215015,-0.8703348955979531,2.337763896101042,-5.609219928783354,-0.4822214668051486,1.9112425549292658;-0.3657599985599518,0.0942109003663063,0.0;1.0,0.0,0.0,0.0
0.0;-4.198068383087132,0.7901652296195423,-0.8628323907714684,2.3414426725914845,-5.604505218010095,-0.4903474995760135,1.92959097688921;-0.3657599985599518,0.0905163586139679,0.0;1.0,0.0,0.0,0.0
0.0;-4.195810889087254,0.8088886506000331,-0.8533750500921279,2.345787666962643,-5.606314935445906,-0.501462306914289,1.948070721171087;-0.3657599985599518,0.08682180941104889,0.0;1.0,0.0,0.0,0.0
0.0;-4.198227285352977,0.8174011240881225,-0.849408398302064,2.347063284062673,-5.610007766532008,-0.5075111648800879,1.962357489874039;-0.3657599985599518,0.08312726020812988,0.0;1.0,0.0,0.0,0.0
0.0;-4.201003850407438,0.8238895053152152,-0.8478411918640376,2.3472091054184627,-5.616084100928379,-0.5126598994298991,1.9746734071288086;-0.3657599985599518,0.07943272590637207,0.0;1.0,0.0,0.0,0.0
0.0;-4.202478792987226,0.8266575028304491,-0.8451112219091826,2.348348543878247,-5.618473412929888,-0.512406603538294,1.9758737909741024;-0.3657599985599518,0.07573818415403366,0.0;1.0,0.0,0.0,0.0
0.0;-4.199019463483507,0.8330683665640469,-0.8427477900933052,2.349309371844607,-5.61640234055843,-0.5136240092545765,1.9823012732865455;-0.3657599985599518,0.07204362750053406,0.0;1.0,0.0,0.0,0.0
0.0;-4.196545772812619,0.842880794243748,-0.8349401012534996,2.3528575765265036,-5.618031385253947,-0.520365912025518,1.9983882289262913;-0.3657599985599518,0.06834909319877625,0.0;1.0,0.0,0.0,0.0
0.0;-4.193139093966947,0.8553868658713599,-0.8281837751710931,2.3558214657655436,-5.624041962535825,-0.5303000344758877,2.016917950148049;-0.3657599985599518,0.06465454399585724,0.0;1.0,0.0,0.0,0.0
0.0;-4.195321017127437,0.8678857607166889,-0.8254709327801596,2.3564346254786743,-5.62866816145681,-0.5344461185826848,2.034049175314343;-0.3657599985599518,0.060959991067647934,0.0;1.0,0.0,0.0,0.0
0.0;-4.196238027164048,0.8743154390844046,-0.8232202416690164,2.3563706758372986,-5.633084894233172,-0.5357391961791895,2.04184858231747;-0.3657599985599518,0.057265449315309525,0.0;1.0,0.0,0.0,0.0
0.0;-4.196226280120653,0.8743418187477182,-0.8231823478314905,2.356343099133898,-5.633097271958046,-0.5357469588677787,2.0418892983214083;-0.3657599985599518,0.05357090011239052,0.0;1.0,0.0,0.0,0.0
0.0;-4.197268024804045,0.8760425213409508,-0.8205983360770738,2.3577287136673806,-5.634351850697893,-0.5351709922654136,2.0424764281049947;-0.3657599985599518,0.04987635463476181,0.0;1.0,0.0,0.0,0.0
0.0;-4.198238785371769,0.8749575292529145,-0.8156688854754172,2.3613503503787987,-5.63672584066111,-0.536749474894656,2.0477613658291456;-0.3657599985599518,0.046181820333004,0.0;1.0,0.0,0.0,0.0
0.0;-4.197379652037437,0.8751660493584517,-0.8130019553242954,2.3647398870868095,-5.638121517721412,-0.5383417433025606,2.0500983662465595;-0.3657599985599518,0.04248727113008499,0.0;1.0,0.0,0.0,0.0
0.0;-4.195656503242689,0.8738491808023017,-0.8081887201749782,2.367184496010461,-5.639740492503048,-0.5434433440526975,2.0555181608058444;-0.3657599985599518,0.038792721927165985,0.0;1.0,0.0,0.0,0.0
0.0;-4.195892925099493,0.8747583713759502,-0.8061357436857366,2.3692937732657646,-5.640549693754771,-0.5441524123533142,2.0566978723114735;-0.3657599985599518,0.03509816899895668,0.0;1.0,0.0,0.0,0.0
0.0;-4.1956654050272455,0.8753654916999165,-0.8049534412073868,2.3691689712759665,-5.640285082184678,-0.544987588373511,2.057754820273344;-0.3657599985599518,0.031403619796037674,0.0;1.0,0.0,0.0,0.0
0.0;-4.19674268857683,0.8775129271243032,-0.8019807727114305,2.371458021700361,-5.641004595247868,-0.5452418914185486,2.0589732608832203;-0.3657599985599518,0.027709072455763817,0.0;1.0,0.0,0.0,0.0
0.0;-4.197894382029277,0.8802015371270578,-0.8027366811922386,2.37064859367733,-5.639841676698751,-0.5459059161415147,2.0600639970205887;-0.3657599985599518,0.024014540016651154,0.0;1.0,0.0,0.0,0.0
0.0;-4.203520553124746,0.8941619952111283,-0.7912128193900378,2.3738090860500933,-5.638997251001506,-0.550314259799596,2.068801064911698;-0.3657599985599518,0.020319990813732147,0.0;1.0,0.0,0.0,0.0
0.0;-4.1993119418670855,0.8979979015685008,-0.7910842755573125,2.3740746935514982,-5.634628116228869,-0.5597791009783407,2.0786038780874314;-0.3657599985599518,0.01662543974816799,0.0;1.0,0.0,0.0,0.0
0.0;-4.204920089820513,0.9143977282728838,-0.7811717043623916,2.3768092671542096,-5.635114934938619,-0.5649738724506363,2.085897496319056;-0.3657599985599518,0.012930906377732754,0.0;1.0,0.0,0.0,0.0
0.0;-4.202403023880233,0.9273301564546556,-0.7722440563311257,2.3801778264097697,-5.63046101587948,-0.5816952161793981,2.106813129692569;-0.3657599985599518,0.009236358106136322,0.0;1.0,0.0,0.0,0.0
0.0;-4.201322706444094,0.9350404229719317,-0.7659893453119858,2.3835817382265216,-5.631887026672804,-0.5879049214187839,2.1137177779792404;-0.3657599985599518,0.005541808903217316,0.0;1.0,0.0,0.0,0.0
0.0;-4.201750194054694,0.9374981876736221,-0.7679409263369043,2.3804874205272286,-5.630248683053182,-0.5887302035986832,2.1147076089075716;-0.3657599985599518,0.0018472744850441813,0.0;1.0,0.0,0.0,0.0
0.0;-4.2062956811809045,0.9493675886873008,-0.7621710799702422,2.3836658596213542,-5.630614278124121,-0.5906789973949291,2.1219504552389368;-0.3657599985599518,-0.0018472744850441813,0.0;1.0,0.0,0.0,0.0
0.0;-4.202189115820071,0.9578724385202938,-0.7572652340096652,2.384805435160644,-5.6277589420591605,-0.6044484255282632,2.1405600944845116;-0.3657599985599518,-0.0055418238043785095,0.0;1.0,0.0,0.0,0.0
0.0;-4.20295431556347,0.9598595844240986,-0.755153482730218,2.3866887702784196,-5.628941967990508,-0.6047582243461767,2.1414194890252323;-0.3657599985599518,-0.009236373007297516,0.0;1.0,0.0,0.0,0.0
0.0;-4.203732591728364,0.9617108752642588,-0.7554668420131511,2.3846794924476797,-5.628401617933218,-0.6049101471227514,2.1416716934356685;-0.3657599985599518,-0.012930921278893948,0.0;1.0,0.0,0.0,0.0
0.0;-4.204860517910897,0.9638404828456208,-0.7530900558852044,2.3868367659626943,-5.629536537988984,-0.6047673453800961,2.1423630505051565;-0.3657599985599518,-0.01662547141313553,0.0;1.0,0.0,0.0,0.0
0.0;-4.206374863977864,0.968163158765777,-0.7538140734769938,2.383928417942439,-5.628166744088438,-0.6052887426384553,2.143646685037079;-0.3657599985599518,-0.020320020616054535,0.0;1.0,0.0,0.0,0.0
0.0;-4.212080565526744,0.9830147314240153,-0.7461938236351265,2.386961096140461,-5.628664291963108,-0.6076944058015957,2.1515124403084354;-0.3657599985599518,-0.024014538154006004,0.0;1.0,0.0,0.0,0.0
0.0;-4.209383170088849,0.9869408834762087,-0.7383159400106636,2.391261109918289,-5.628173980501134,-0.6182907808090441,2.166396169701409;-0.3657599985599518,-0.02770908735692501,0.0;1.0,0.0,0.0,0.0
0.0;-4.21070347518078,1.0059772048054836,-0.7391734726679542,2.387840240838891,-5.625270152687799,-0.6282510519974474,2.1790243746745417;-0.3657599985599518,-0.031403638422489166,0.0;1.0,0.0,0.0,0.0
0.0;-4.220804445040333,1.006720158641537,-0.7367602311703029,2.3914237447576525,-5.625796608423882,-0.6342458668891007,2.196014575814471;-0.3657599985599518,-0.03509818762540817,0.0;1.0,0.0,0.0,0.0
0.0;-4.220947041475579,1.0066530866446566,-0.7364488806827144,2.3901617979272682,-5.62611840479126,-0.6348640866795727,2.1959621713378863;-0.3657599985599518,-0.03879275172948837,0.0;1.0,0.0,0.0,0.0
0.0;-4.22097249931314,1.0067690296497618,-0.736439761934967,2.39054338896488,-5.626306977774429,-0.6349058031336845,2.195865238612437;-0.3657599985599518,-0.04248729720711708,0.0;1.0,0.0,0.0,0.0
0.0;-4.222549377757189,1.009834031007081,-0.7353175010874525,2.390881937807891,-5.62864443842134,-0.6361708374398395,2.194592124023623;-0.3657599985599518,-0.0461818166077137,0.0;1.0,0.0,0.0,0.0
0.0;-4.224305314514199,1.0102910416229591,-0.7365571602596852,2.390372713597258,-5.6289465626664645,-0.6379994989781778,2.195216016945047;-0.3657599985599518,-0.049876365810632706,0.0;1.0,0.0,0.0,0.0
0.0;-4.23004778025986,1.0130066048182456,-0.7366677055653335,2.39041420432554,-5.629601460512844,-0.6411237597489391,2.1973518533053933;-0.3657599985599518,-0.05357091501355171,0.0;1.0,0.0,0.0,0.0
0.0;-4.234764180272655,1.0169708063564933,-0.735908321398198,2.3906166011529097,-5.6299976414976,-0.6440849748380775,2.1992767736209826;-0.3657599985599518,-0.05726546421647072,0.0;1.0,0.0,0.0,0.0
0.0;-4.234805281981141,1.0169673850247263,-0.7359204683290729,2.390643320360605,-5.6300080800671966,-0.6441164677770109,2.19929387662559;-0.3657599985599518,-0.060960013419389725,0.0;1.0,0.0,0.0,0.0
0.0;-4.236002200206118,1.0169228719136745,-0.7364258994863804,2.390486114465175,-5.629327764873136,-0.6450585510762012,2.2003330768315834;-0.3657599985599518,-0.06465454399585724,0.0;1.0,0.0,0.0,0.0
0.0;-4.2360318138761,1.0169259848484669,-0.7364462062398467,2.39050929913755,-5.629323015867321,-0.6450959749154417,2.200360393882672;-0.3657599985599518,-0.06834909319877625,0.0;1.0,0.0,0.0,0.0
0.0;-4.238586673490917,1.0191795092309484,-0.7346457545046742,2.391483744299352,-5.629660061400682,-0.6455036989817197,2.201018307344188;-0.3657599985599518,-0.07204362750053406,0.0;1.0,0.0,0.0,0.0
0.0;-4.246863748122775,1.0274822675672253,-0.7333826039502195,2.391037056902349,-5.62566081025631,-0.6526929542482345,2.207707807371816;-0.3657599985599518,-0.07573819160461426,0.0;1.0,0.0,0.0,0.0
0.0;-4.2551255958577405,1.0395051326486966,-0.7316636974893294,2.3922258463637704,-5.623225711580442,-0.6656556644592125,2.2143138414150076;-0.3657599985599518,-0.07943272590637207,0.0;1.0,0.0,0.0,0.0
0.0;-4.255143870124945,1.0394831078235973,-0.7317073215398359,2.3922353020996963,-5.623200212576566,-0.665681850828985,2.214337853237283;-0.3657599985599518,-0.08312729746103287,0.0;1.0,0.0,0.0,0.0
0.0;-4.255204896761599,1.0393629560617812,-0.7316662854740518,2.3922854207360817,-5.623194177000851,-0.6657115302327605,2.2143901226122216;-0.3657599985599518,-0.08682183176279068,0.0;1.0,0.0,0.0,0.0
0.0;-4.255277979285917,1.0394516646708247,-0.7316779262962537,2.3922456821809055,-5.623134550169906,-0.6657663670723452,2.2144591431683933;-0.3657599985599518,-0.09051636606454849,0.0;1.0,0.0,0.0,0.0
0.0;-4.255297422034982,1.0394729543051373,-0.7316862158038977,2.3922491149083913,-5.623123836729231,-0.6657862309147295,2.214480493626689;-0.3657599985599518,-0.09421093016862869,0.0;1.0,0.0,0.0,0.0
0.0;-4.25529980432882,1.0394723809935307,-0.7316818752196149,2.3922611107147365,-5.623126841473779,-0.6657855787285971,2.214481430055541;-0.3657599985599518,-0.09790545701980591,0.0;1.0,0.0,0.0,0.0
0.0;-4.25550648060417,1.039399965305381,-0.7317518017243999,2.392276453620201,-5.623090963067033,-0.6660049779534929,2.2146059610743416;-0.3657599985599518,-0.10160002112388611,0.0;1.0,0.0,0.0,0.0
0.0;-4.255657523574015,1.0395760443279383,-0.7315761874099023,2.3923683985861617,-5.623102386416149,-0.6660245987695218,2.214675428577506;-0.3657599985599518,-0.10529455542564392,0.0;1.0,0.0,0.0,0.0
0.0;-4.2614967130131145,1.0409337282446274,-0.730280227580902,2.392818600210763,-5.621116406715395,-0.6663424950635282,2.217213134885246;-0.3657599985599518,-0.10898908972740173,0.0;1.0,0.0,0.0,0.0
0.0;-4.278175765428592,1.0431766476167297,-0.7320006163035929,2.3936277261556556,-5.6195340246697185,-0.6825471870120919,2.2242419680171124;-0.3657599985599518,-0.11268365383148193,0.0;1.0,0.0,0.0,0.0
0.0;-4.278338728108852,1.0435257547951835,-0.7323704977746784,2.3939995319010965,-5.619411539660315,-0.6827074993109328,2.224191496955383;-0.3657599985599518,-0.11637818813323975,0.0;1.0,0.0,0.0,0.0
0.0;-4.27835364591361,1.0434225427119161,-0.7322783954258516,2.393689974438027,-5.619384892190129,-0.6827663157010402,2.2241638347634036;-0.3657599985599518,-0.12007275223731995,0.0;1.0,0.0,0.0,0.0
0.0;-4.278439673339026,1.043515204068239,-0.7323704830984274,2.3937243192592006,-5.619333726674942,-0.6828642730525452,2.224183724825703;-0.3657599985599518,-0.12376728653907776,0.0;1.0,0.0,0.0,0.0
0.0;-4.27844453024281,1.0433748170134884,-0.7324357103248237,2.3937622716991678,-5.6193236820551,-0.6828660611096498,2.2241783873287577;-0.3657599985599518,-0.12746185064315796,0.0;1.0,0.0,0.0,0.0
0.0;-4.27847022873149,1.04346857242794,-0.7324933511330668,2.3938064277027937,-5.61929378151405,-0.6828786473801799,2.2241553654365847;-0.3657599985599518,-0.13115635514259338,0.0;1.0,0.0,0.0,0.0
0.0;-4.278481537399664,1.043493859682419,-0.7324786228799909,2.3937491067134586,-5.61928218178564,-0.6828936873649286,2.224146534688825;-0.3657599985599518,-0.13485091924667358,0.0;1.0,0.0,0.0,0.0
0.0;-4.278499995161661,1.0435243291581016,-0.7325042134093569,2.3937624875787873,-5.619268474316114,-0.6829094690706066,2.2241482882432857;-0.3657599985599518,-0.1385454535484314,0.0;1.0,0.0,0.0,0.0
0.0;-4.2785105762525,1.0435355968707944,-0.7325130184568737,2.3937620469676446,-5.619262364582862,-0.6829195184426601,2.22415135646602;-0.3657599985599518,-0.1422400176525116,0.0;1.0,0.0,0.0,0.0
0.0;-4.2785121182385595,1.0435416749729847,-0.7325167200599337,2.3937625207594193,-5.619259879354235,-0.6829206142991945,2.2241499497908106;-0.3657599985599518,-0.1459345519542694,0.0;1.0,0.0,0.0,0.0
0.0;-4.2785121182385595,1.0435416749729847,-0.7325167200599337,2.3937625207594193,-5.619259879354235,-0.6829206142991945,2.2241499497908106;-0.3657599985599518,-0.1496291309595108,0.0;1.0,0.0,0.0,0.0
0.0;-4.2785121182385595,1.0435416749729847,-0.7325167200599337,2.3937625207594193,-5.619259879354235,-0.6829206142991945,2.2241499497908106;-0.3657599985599518,-0.15332365036010742,0.0;1.0,0.0,0.0,0.0
0.0;-4.2785121182385595,1.0435416749729847,-0.7325167200599337,2.3937625207594193,-5.619259879354235,-0.6829206142991945,2.2241499497908106;-0.3657599985599518,-0.15701818466186523,0.0;1.0,0.0,0.0,0.0
0.0;-4.2785121182385595,1.0435416749729847,-0.7325167200599337,2.3937625207594193,-5.619259879354235,-0.6829206142991945,2.2241499497908106;-0.3657599985599518,-0.16071274876594543,0.0;1.0,0.0,0.0,0.0
0.0;-4.2785121182385595,1.0435416749729847,-0.7325167200599337,2.3937625207594193,-5.619259879354235,-0.6829206142991945,2.2241499497908106;-0.3657599985599518,-0.16440728306770325,0.0;1.0,0.0,0.0,0.0
0.0;-4.2785121182385595,1.0435416749729847,-0.7325167200599337,2.3937625207594193,-5.619259879354235,-0.6829206142991945,2.2241499497908106;-0.3657599985599518,-0.16810184717178345,0.0;1.0,0.0,0.0,0.0
0.0;-4.2785121182385595,1.0435416749729847,-0.7325167200599337,2.3937625207594193,-5.619259879354235,-0.6829206142991945,2.2241499497908106;-0.3657599985599518,-0.17179638147354126,0.0;1.0,0.0,0.0,0.0
0.0;-4.2785121182385595,1.0435416749729847,-0.7325167200599337,2.3937625207594193,-5.619259879354235,-0.6829206142991945,2.2241499497908106;-0.3657599985599518,-0.17549091577529907,0.0;1.0,0.0,0.0,0.0
0.0;-4.2785121182385595,1.0435416749729847,-0.7325167200599337,2.3937625207594193,-5.619259879354235,-0.6829206142991945,2.2241499497908106;-0.3657599985599518,-0.17918545007705688,0.0;1.0,0.0,0.0,0.0
0.0;-4.2785121182385595,1.0435416749729847,-0.7325167200599337,2.3937625207594193,-5.619259879354235,-0.6829206142991945,2.2241499497908106;-0.3657599985599518,-0.1828799992799759,0.0;1.0,0.0,0.0,0.0
0.0;-4.2785121182385595,1.0435416749729847,-0.7325167200599337,2.3937625207594193,-5.619259879354235,-0.6829206142991945,2.2241499497908106;-0.3621385991573334,-0.1828799992799759,0.0;1.0,0.0,0.0,0.0
0.0;-4.2785121182385595,1.0435416749729847,-0.7325167200599337,2.3937625207594193,-5.619259879354235,-0.6829206142991945,2.2241499497908106;-0.35851722955703735,-0.1828799992799759,0.0;1.0,0.0,0.0,0.0
0.0;-4.2785121182385595,1.0435416749729847,-0.7325167200599337,2.3937625207594193,-5.619259879354235,-0.6829206142991945,2.2241499497908106;-0.35489583015441895,-0.1828799992799759,0.0;1.0,0.0,0.0,0.0
0.0;-4.2785121182385595,1.0435416749729847,-0.7325167200599337,2.3937625207594193,-5.619259879354235,-0.6829206142991945,2.2241499497908106;-0.3512744605541229,-0.1828799992799759,0.0;1.0,0.0,0.0,0.0
0.0;-4.2785121182385595,1.0435416749729847,-0.7325167200599337,2.3937625207594193,-5.619259879354235,-0.6829206142991945,2.2241499497908106;-0.3476530611515045,-0.1828799992799759,0.0;1.0,0.0,0.0,0.0
0.0;-4.2785121182385595,1.0435416749729847,-0.7325167200599337,2.3937625207594193,-5.619259879354235,-0.6829206142991945,2.2241499497908106;-0.3440316617488861,-0.1828799992799759,0.0;1.0,0.0,0.0,0.0
0.0;-4.2785121182385595,1.0435416749729847,-0.7325167200599337,2.3937625207594193,-5.619259879354235,-0.6829206142991945,2.2241499497908106;-0.3404102921485901,-0.1828799992799759,0.0;1.0,0.0,0.0,0.0
0.0;-4.2785121182385595,1.0435416749729847,-0.7325167200599337,2.3937625207594193,-5.619259879354235,-0.6829206142991945,2.2241499497908106;-0.3367888927459717,-0.1828799992799759,0.0;1.0,0.0,0.0,0.0
0.0;-4.2785121182385595,1.0435416749729847,-0.7325167200599337,2.3937625207594193,-5.619259879354235,-0.6829206142991945,2.2241499497908106;-0.33316752314567566,-0.1828799992799759,0.0;1.0,0.0,0.0,0.0
0.0;-4.2785121182385595,1.0435416749729847,-0.7325167200599337,2.3937625207594193,-5.619259879354235,-0.6829206142991945,2.2241499497908106;-0.32954612374305725,-0.1828799992799759,0.0;1.0,0.0,0.0,0.0
0.0;-4.2785121182385595,1.0435416749729847,-0.7325167200599337,2.3937625207594193,-5.619259879354235,-0.6829206142991945,2.2241499497908106;-0.32592475414276123,-0.1828799992799759,0.0;1.0,0.0,0.0,0.0
0.0;-4.2785121182385595,1.0435416749729847,-0.7325167200599337,2.3937625207594193,-5.619259879354235,-0.6829206142991945,2.2241499497908106;-0.3223033547401428,-0.1828799992799759,0.0;1.0,0.0,0.0,0.0
0.0;-4.2785121182385595,1.0435416749729847,-0.7325167200599337,2.3937625207594193,-5.619259879354235,-0.6829206142991945,2.2241499497908106;-0.3186819553375244,-0.1828799992799759,0.0;1.0,0.0,0.0,0.0
0.0;-4.2785121182385595,1.0435416749729847,-0.7325167200599337,2.3937625207594193,-5.619259879354235,-0.6829206142991945,2.2241499497908106;-0.3150605857372284,-0.1828799992799759,0.0;1.0,0.0,0.0,0.0
0.0;-4.2785121182385595,1.0435416749729847,-0.7325167200599337,2.3937625207594193,-5.619259879354235,-0.6829206142991945,2.2241499497908106;-0.31143918633461,-0.1828799992799759,0.0;1.0,0.0,0.0,0.0
0.0;-4.2785121182385595,1.0435416749729847,-0.7325167200599337,2.3937625207594193,-5.619259879354235,-0.6829206142991945,2.2241499497908106;-0.30781781673431396,-0.1828799992799759,0.0;1.0,0.0,0.0,0.0
0.0;-4.2785121182385595,1.0435416749729847,-0.7325167200599337,2.3937625207594193,-5.619259879354235,-0.6829206142991945,2.2241499497908106;-0.30419641733169556,-0.1828799992799759,0.0;1.0,0.0,0.0,0.0
0.0;-4.2785121182385595,1.0435416749729847,-0.7325167200599337,2.3937625207594193,-5.619259879354235,-0.6829206142991945,2.2241499497908106;-0.30057501792907715,-0.1828799992799759,0.0;1.0,0.0,0.0,0.0
0.0;-4.2785121182385595,1.0435416749729847,-0.7325167200599337,2.3937625207594193,-5.619259879354235,-0.6829206142991945,2.2241499497908106;-0.29695364832878113,-0.1828799992799759,0.0;1.0,0.0,0.0,0.0
0.0;-4.2785121182385595,1.0435416749729847,-0.7325167200599337,2.3937625207594193,-5.619259879354235,-0.6829206142991945,2.2241499497908106;-0.2933322489261627,-0.1828799992799759,0.0;1.0,0.0,0.0,0.0
0.0;-4.2785121182385595,1.0435416749729847,-0.7325167200599337,2.3937625207594193,-5.619259879354235,-0.6829206142991945,2.2241499497908106;-0.2897108793258667,-0.1828799992799759,0.0;1.0,0.0,0.0,0.0
0.0;-4.2785121182385595,1.0435416749729847,-0.7325167200599337,2.3937625207594193,-5.619259879354235,-0.6829206142991945,2.2241499497908106;-0.2860894799232483,-0.1828799992799759,0.0;1.0,0.0,0.0,0.0
0.0;-4.2785121182385595,1.0435416749729847,-0.7325167200599337,2.3937625207594193,-5.619259879354235,-0.6829206142991945,2.2241499497908106;-0.28246811032295227,-0.1828799992799759,0.0;1.0,0.0,0.0,0.0
0.0;-4.2785121182385595,1.0435416749729847,-0.7325167200599337,2.3937625207594193,-5.619259879354235,-0.6829206142991945,2.2241499497908106;-0.27884671092033386,-0.1828799992799759,0.0;1.0,0.0,0.0,0.0
0.0;-4.2785121182385595,1.0435416749729847,-0.7325167200599337,2.3937625207594193,-5.619259879354235,-0.6829206142991945,2.2241499497908106;-0.27522534132003784,-0.1828799992799759,0.0;1.0,0.0,0.0,0.0
0.0;-4.2785121182385595,1.0435416749729847,-0.7325167200599337,2.3937625207594193,-5.619259879354235,-0.6829206142991945,2.2241499497908106;-0.27160394191741943,-0.1828799992799759,0.0;1.0,0.0,0.0,0.0
0.0;-4.2785121182385595,1.0435416749729847,-0.7325167200599337,2.3937625207594193,-5.619259879354235,-0.6829206142991945,2.2241499497908106;-0.267982542514801,-0.1828799992799759,0.0;1.0,0.0,0.0,0.0
0.0;-4.2785121182385595,1.0435416749729847,-0.7325167200599337,2.3937625207594193,-5.619259879354235,-0.6829206142991945,2.2241499497908106;-0.264361172914505,-0.1828799992799759,0.0;1.0,0.0,0.0,0.0
0.0;-4.2785121182385595,1.0435416749729847,-0.7325167200599337,2.3937625207594193,-5.619259879354235,-0.6829206142991945,2.2241499497908106;-0.2607397735118866,-0.1828799992799759,0.0;1.0,0.0,0.0,0.0
0.0;-4.2785121182385595,1.0435416749729847,-0.7325167200599337,2.3937625207594193,-5.619259879354235,-0.6829206142991945,2.2241499497908106;-0.2571184039115906,-0.1828799992799759,0.0;1.0,0.0,0.0,0.0
0.0;-4.2785121182385595,1.0435416749729847,-0.7325167200599337,2.3937625207594193,-5.619259879354235,-0.6829206142991945,2.2241499497908106;-0.25349700450897217,-0.1828799992799759,0.0;1.0,0.0,0.0,0.0
0.0;-4.2785121182385595,1.0435416749729847,-0.7325167200599337,2.3937625207594193,-5.619259879354235,-0.6829206142991945,2.2241499497908106;-0.24987563490867615,-0.1828799992799759,0.0;1.0,0.0,0.0,0.0
0.0;-4.2785121182385595,1.0435416749729847,-0.7325167200599337,2.3937625207594193,-5.619259879354235,-0.6829206142991945,2.2241499497908106;-0.24625423550605774,-0.1828799992799759,0.0;1.0,0.0,0.0,0.0
0.0;-4.2785121182385595,1.0435416749729847,-0.7325167200599337,2.3937625207594193,-5.619259879354235,-0.6829206142991945,2.2241499497908106;-0.24263285100460052,-0.1828799992799759,0.0;1.0,0.0,0.0,0.0
0.0;-4.2785121182385595,1.0435416749729847,-0.7325167200599337,2.3937625207594193,-5.619259879354235,-0.6829206142991945,2.2241499497908106;-0.2390114665031433,-0.1828799992799759,0.0;1.0,0.0,0.0,0.0
0.0;-4.2785121182385595,1.0435416749729847,-0.7325167200599337,2.3937625207594193,-5.619259879354235,-0.6829206142991945,2.2241499497908106;-0.2353900820016861,-0.1828799992799759,0.0;1.0,0.0,0.0,0.0
0.0;-4.2785121182385595,1.0435416749729847,-0.7325167200599337,2.3937625207594193,-5.619259879354235,-0.6829206142991945,2.2241499497908106;-0.23176869750022888,-0.1828799992799759,0.0;1.0,0.0,0.0,0.0
0.0;-4.278307787652621,1.042092445926716,-0.7346804527743471,2.3922811310726684,-5.617979799240948,-0.6834802606896474,2.223981638974305;-0.22814731299877167,-0.1828799992799759,0.0;1.0,0.0,0.0,0.0
0.0;-4.278478649122802,1.0444620554531132,-0.7364316075984219,2.3925796402387585,-5.616738526171757,-0.684089293044878,2.223356310782973;-0.22452592849731445,-0.1828799992799759,0.0;1.0,0.0,0.0,0.0
0.0;-4.278557555716766,1.0446261153327494,-0.7363255769658282,2.391674177784397,-5.616490844097058,-0.6843445479274002,2.22324557233415;-0.22090454399585724,-0.1828799992799759,0.0;1.0,0.0,0.0,0.0
0.0;-4.278610790609821,1.044158037958029,-0.7367380354723976,2.3915328440771475,-5.6162555568447825,-0.6844758093392586,2.223146395273461;-0.21728314459323883,-0.1828799992799759,0.0;1.0,0.0,0.0,0.0
0.0;-4.278686977725123,1.044715829064296,-0.7371523836403794,2.3914516000213633,-5.615931006597352,-0.6846297063098871,2.2229928675469415;-0.2136617749929428,-0.1828799992799759,0.0;1.0,0.0,0.0,0.0
0.0;-4.278693958054567,1.0444938520612583,-0.7372119225245712,2.3913621243099876,-5.615895692944,-0.6846592137792562,2.2229786926830064;-0.2100403904914856,-0.1828799992799759,0.0;1.0,0.0,0.0,0.0
0.0;-4.278755219531486,1.0450120282038795,-0.7376205776347498,2.391106979591708,-5.615546945209392,-0.6848420800355659,2.2228236203411185;-0.20641900599002838,-0.1828799992799759,0.0;1.0,0.0,0.0,0.0
0.0;-4.278820203692497,1.0442788375951046,-0.7385237715317219,2.3910778311578262,-5.6151360033101065,-0.6850186943596124,2.222646945283383;-0.20279762148857117,-0.1828799992799759,0.0;1.0,0.0,0.0,0.0
0.0;-4.279006570651611,1.0452856564274722,-0.7390985939048751,2.389783490339981,-5.614401134851217,-0.6854861182580677,2.2222555249311124;-0.19917623698711395,-0.1828799992799759,0.0;1.0,0.0,0.0,0.0
0.0;-4.2790819516854,1.0443302417660474,-0.7399677323439126,2.3899385159916577,-5.614096785528463,-0.6855774450651094,2.222104712991106;-0.19555485248565674,-0.1828799992799759,0.0;1.0,0.0,0.0,0.0
0.0;-4.2795409966948155,1.046485875076533,-0.7418349714551075,2.3889683076073345,-5.612760533064816,-0.6861673401011034,2.2212740712882697;-0.19193346798419952,-0.1828799992799759,0.0;1.0,0.0,0.0,0.0
0.0;-4.279983050485238,1.0446583216357117,-0.7438647716684528,2.38878615405568,-5.611914880573235,-0.686431049381145,2.220734376570093;-0.1883120834827423,-0.1828799992799759,0.0;1.0,0.0,0.0,0.0
0.0;-4.28098663509632,1.0469073179757127,-0.7449707343643637,2.386681931528868,-5.610772097200268,-0.6869668994085287,2.2196401549870415;-0.1846906989812851,-0.1828799992799759,0.0;1.0,0.0,0.0,0.0
0.0;-4.281308113392831,1.0457693402053696,-0.7459862415044488,2.38660808613455,-5.6103951113258335,-0.6870483212470533,2.219343216885616;-0.1810692995786667,-0.1828799992799759,0.0;1.0,0.0,0.0,0.0
0.0;-4.282242303022165,1.0477374383727338,-0.7474517431518637,2.386109718878318,-5.609506734650854,-0.68722805487645,2.2184732962317564;-0.17744791507720947,-0.1828799992799759,0.0;1.0,0.0,0.0,0.0
0.0;-4.2830019698679065,1.0459026708933024,-0.7494060016241322,2.3858986246961913,-5.608779259222483,-0.6873569002876811,2.217832148022641;-0.17382653057575226,-0.1828799992799759,0.0;1.0,0.0,0.0,0.0
0.0;-4.284156818653966,1.0475039688931571,-0.7495956588272491,2.3831445855729996,-5.6080599742730355,-0.6877634347614398,2.2168808084311857;-0.17020514607429504,-0.1828799992799759,0.0;1.0,0.0,0.0,0.0
0.0;-4.2846183968476,1.0458466770546846,-0.7515734828980012,2.3844005187128565,-5.607644525690719,-0.687615154349889,2.216481526592127;-0.16658376157283783,-0.1828799992799759,0.0;1.0,0.0,0.0,0.0
0.0;-4.28636702960493,1.048487639046933,-0.752773159782003,2.382263228383519,-5.606657048900055,-0.6878798305215458,2.2150356332549506;-0.16296236217021942,-0.1828799992799759,0.0;1.0,0.0,0.0,0.0
0.0;-4.286597332023952,1.047627122855625,-0.753693507572963,2.382796935530695,-5.606463458197222,-0.6878203730025184,2.2148650273522072;-0.1593409776687622,-0.1828799992799759,0.0;1.0,0.0,0.0,0.0
0.0;-4.2874251454612935,1.0487751006870147,-0.7543541748542955,2.381847959613563,-5.6059637268831795,-0.687940490802086,2.2142717315292755;-0.155719593167305,-0.1828799992799759,0.0;1.0,0.0,0.0,0.0
0.0;-4.287492350188955,1.048360132027676,-0.7546753583804312,2.3820137186197154,-5.605901659465293,-0.6879249861296217,2.214222439834952;-0.15209820866584778,-0.1828799992799759,0.0;1.0,0.0,0.0,0.0
0.0;-4.288122583475755,1.0492694339250752,-0.7554292171441493,2.3815539086267656,-5.605476306577323,-0.6879898648017982,2.2137766476047744;-0.14847682416439056,-0.1828799992799759,0.0;1.0,0.0,0.0,0.0
0.0;-4.289236238714816,1.0478866104551585,-0.7582197894828206,2.3817297919083202,-5.604580299266282,-0.6879906747047974,2.212974868726256;-0.14485543966293335,-0.1828799992799759,0.0;1.0,0.0,0.0,0.0
0.0;-4.30133676645872,1.0558538304676552,-0.7735284923587352,2.3701907902975146,-5.597464165249799,-0.6886298461628241,2.2046134454627655;-0.14123405516147614,-0.1828799992799759,0.0;1.0,0.0,0.0,0.0
0.0;-4.310411804402278,1.044821367613611,-0.7792189940016883,2.3671249459194073,-5.596940278607248,-0.687674288283844,2.200533029624148;-0.13761267066001892,-0.1828799992799759,0.0;1.0,0.0,0.0,0.0
0.0;-4.347728070249721,1.0553822251569938,-0.794826369549966,2.35901161760104,-5.596999364754209,-0.6874594130084198,2.179325440631921;-0.1339912712574005,-0.1828799992799759,0.0;1.0,0.0,0.0,0.0
0.0;-4.375248559739616,1.0635251244602253,-0.8274887062902854,2.342656050786993,-5.577499357868732,-0.704334150994524,2.17913133588434;-0.1303698867559433,-0.1828799992799759,0.0;1.0,0.0,0.0,0.0
0.0;-4.40505994295647,1.0637549377945708,-0.8266258193994549,2.3426860341410563,-5.580833388065489,-0.7043160204023715,2.1723973738397286;-0.12674850225448608,-0.1828799992799759,0.0;1.0,0.0,0.0,0.0
0.0;-4.406402892810232,1.0630087217367807,-0.8302563691170844,2.3444644025748955,-5.579940924386666,-0.7059546860136107,2.171879005986315;-0.12312713265419006,-0.1828799992799759,0.0;1.0,0.0,0.0,0.0
0.0;-4.414870785137425,1.0678050144020004,-0.8438655076255083,2.336346967672932,-5.572958067945773,-0.7208605978888578,2.169175930567491;-0.11950574815273285,-0.1828799992799759,0.0;1.0,0.0,0.0,0.0
0.0;-4.436852245010743,1.066753870358798,-0.8424475789109873,2.3342887149836478,-5.573707276595373,-0.723684938283046,2.1641201577342173;-0.11588436365127563,-0.1828799992799759,0.0;1.0,0.0,0.0,0.0
0.0;-4.47683390098783,1.0722964980095577,-0.8660593751420134,2.3305715468821386,-5.559685628284273,-0.7467752156751347,2.1537193644866544;-0.11226297914981842,-0.1828799992799759,0.0;1.0,0.0,0.0,0.0
0.0;-4.565759776095194,1.0763939193140546,-0.8958725524590063,2.315847712388592,-5.532800753751344,-0.793985983242591,2.1273701737064465;-0.10864157974720001,-0.1828799992799759,0.0;1.0,0.0,0.0,0.0
0.0;-4.721279961988535,1.0817918964932285,-0.9280486551413657,2.307894840623554,-5.465165861566758,-0.9025030842836271,2.084865375149213;-0.10502021014690399,-0.1828799992799759,0.0;1.0,0.0,0.0,0.0
0.0;-4.99434824912399,1.0807111945302883,-0.985501591479037,2.282912446604791,-5.333943160430235,-1.0864098624146927,2.0072628024107186;-0.10139880329370499,-0.1828799992799759,0.0;1.0,0.0,0.0,0.0
0.0;-5.321597500255817,1.0712749476307883,-1.063765493859434,2.2303232616250517,-5.27547020393751,-1.3161120904862602,1.9130254344427344;-0.09777743369340897,-0.1828799992799759,0.0;1.0,0.0,0.0,0.0
0.0;-5.784368126872519,1.1095412319292748,-1.269620307311663,2.135797227914269,-5.166211788519174,-1.535683773193377,1.9024688512271073;-0.09415603429079056,-0.1828799992799759,0.0;1.0,0.0,0.0,0.0
0.0;-6.018405236978828,1.0693340458004132,-1.4260010987623029,2.0576020965523445,-5.236724976997969,-1.71983393490555,1.917911352679243;-0.09053466469049454,-0.1828799992799759,0.0;1.0,0.0,0.0,0.0
0.0;-6.050146872449063,1.0425842485219505,-1.4104885264632692,2.066143886493527,-5.228021182612781,-1.7154867083291065,1.9279515891393986;-0.08691326528787613,-0.1828799992799759,0.0;1.0,0.0,0.0,0.0
0.0;-6.0448043096074935,1.04172058610635,-1.4049245063342215,2.0705177869410485,-5.219669725217986,-1.7178788075798301,1.9236437966005522;-0.0832919031381607,-0.1828799992799759,0.0;1.0,0.0,0.0,0.0
0.0;-6.0431067557992915,1.0433675540306602,-1.4049091262880846,2.0675088847255956,-5.216082472182512,-1.7186198785097868,1.9186898579519192;-0.0796705037355423,-0.1828799992799759,0.0;1.0,0.0,0.0,0.0
0.0;-6.047258702857981,1.0409004781505646,-1.4100535471756401,2.061786290537891,-5.217353491454847,-1.7169442838038333,1.9168407505190987;-0.07604913413524628,-0.1828799992799759,0.0;1.0,0.0,0.0,0.0
0.0;-6.052591753477094,1.0374850209873319,-1.4182164480529016,2.055873115869979,-5.221959577023158,-1.714262164461785,1.9153646431950444;-0.07242770493030548,-0.1828799992799759,0.0;1.0,0.0,0.0,0.0
0.0;-6.057258870773314,1.034380780502525,-1.426872296405428,2.0499893748006977,-5.227488176542083,-1.7106857415784065,1.9131401700152875;-0.06880633533000946,-0.1828799992799759,0.0;1.0,0.0,0.0,0.0
0.0;-6.061169021210325,1.0315181626063379,-1.4350567820510638,2.0437881310234483,-5.232822318579684,-1.706339816244156,1.910432294311024;-0.06518493592739105,-0.1828799992799759,0.0;1.0,0.0,0.0,0.0
0.0;-6.064665850674422,1.0287122858312074,-1.4429297384872013,2.0373527699261853,-5.237958162078927,-1.701490807242348,1.9075733414410996;-0.06156356260180473,-0.1828799992799759,0.0;1.0,0.0,0.0,0.0
0.0;-6.068007938280297,1.0259016630649958,-1.4507761038009723,2.030838058271999,-5.24311060471573,-1.6963439266633296,1.9047178628948156;-0.057942163199186325,-0.1828799992799759,0.0;1.0,0.0,0.0,0.0
0.0;-6.071299648608139,1.0230867503101588,-1.458680632510274,2.024278599016431,-5.248330720361269,-1.6910042107319214,1.901900161464408;-0.0543207973241806,-0.1828799992799759,0.0;1.0,0.0,0.0,0.0
0.0;-6.074563457185543,1.0202624887589564,-1.4665998157585804,2.0176744814966248,-5.253568552686024,-1.6855313348862322,1.899116456151861;-0.050699397921562195,-0.1828799992799759,0.0;1.0,0.0,0.0,0.0
0.0;-6.077763139592195,1.0175586544176918,-1.474445308027381,2.0109354840267764,-5.258681435673552,-1.679937084227262,1.8963895424647843;-0.047078028321266174,-0.1828799992799759,0.0;1.0,0.0,0.0,0.0
0.0;-6.080852489283264,1.0150646734112128,-1.4822959317246351,2.004301126527905,-5.263589399466967,-1.6742154680371373,1.8936173920107386;-0.043456628918647766,-0.1828799992799759,0.0;1.0,0.0,0.0,0.0
0.0;-6.0839467909173015,1.0126302855437734,-1.4901363674896662,1.9976321817837857,-5.268313428426305,-1.6682851998325516,1.8909948930178822;-0.039835259318351746,-0.1828799992799759,0.0;1.0,0.0,0.0,0.0
0.0;-6.087090291982876,1.0101118161001856,-1.4980579053011687,1.9909141731947488,-5.273065890995035,-1.6622889574303705,1.8885038243474945;-0.03621385991573334,-0.1828799992799759,0.0;1.0,0.0,0.0,0.0
0.0;-6.090326390678955,1.0074652460590192,-1.506072539017207,1.984156021029873,-5.27794382129712,-1.656273060005095,1.88606446860114;-0.03259246051311493,-0.1828799992799759,0.0;1.0,0.0,0.0,0.0
0.0;-6.093662859836822,1.004655362403555,-1.5141663282401006,1.977326942442996,-5.28297212739984,-1.650226243591053,1.8836304020534442;-0.02897109091281891,-0.1828799992799759,0.0;1.0,0.0,0.0,0.0
0.0;-6.0971092330407695,1.00163855980207,-1.5223134400699883,1.970415465672602,-5.288204964601981,-1.6441328586868242,1.881181775489065;-0.0253496915102005,-0.1828799992799759,0.0;1.0,0.0,0.0,0.0
0.0;-6.100441712391703,0.9988093849125387,-1.5304283651658395,1.963098667132881,-5.293308385269919,-1.6380184011603551,1.8788280038858982;-0.02172832190990448,-0.1828799992799759,0.0;1.0,0.0,0.0,0.0
0.0;-6.103525496465689,0.997360619545039,-1.5387676183732582,1.9560940851627393,-5.297265368552842,-1.6312384801650994,1.8762197704647126;-0.018106922507286072,-0.1828799992799759,0.0;1.0,0.0,0.0,0.0
0.0;-6.106039266591934,0.9970943847146894,-1.548886673163742,1.948301921236111,-5.3001298466981375,-1.6222342187974927,1.8740018840443304;-0.014485523104667664,-0.1828799992799759,0.0;1.0,0.0,0.0,0.0
0.0;-6.108815960706889,0.9981526488793857,-1.5596179684008273,1.9404381524553014,-5.301828127967315,-1.6108830282894686,1.873268650351907;-0.010864153504371643,-0.1828799992799759,0.0;1.0,0.0,0.0,0.0
0.0;-6.112051182573923,0.999522005147482,-1.5700071870206944,1.934016678918475,-5.303127965108793,-1.6005406219614715,1.8736668221480204;-0.007242754101753235,-0.1828799992799759,0.0;1.0,0.0,0.0,0.0
0.0;-6.115662790536589,1.000433586712046,-1.5796492952412102,1.9286840451539027,-5.3049381131124385,-1.5929229226901986,1.8744243648449699;-0.0036213845014572144,-0.1828799992799759,0.0;1.0,0.0,0.0,0.0
0.0;-6.119461520550718,1.000333387407117,-1.5884209683010162,1.9235281990079418,-5.307254073598754,-1.58727182045123,1.8749938676296807;0.0,-0.1828799992799759,0.0;1.0,0.0,0.0,0.0
0.0;-6.117817207177825,1.0011568294585773,-1.5943388313481595,1.9222859172462852,-5.311008126913764,-1.5814052141576673,1.8762267614843218;0.0,-0.17922239005565643,0.0;1.0,0.0,0.0,0.0
0.0;-6.109762806204248,1.0025468574521517,-1.5951784924822319,1.9247637327048992,-5.314460641398892,-1.5747245340222054,1.8790437273371265;0.0,-0.17556479573249817,0.0;1.0,0.0,0.0,0.0
0.0;-6.098653865395655,1.0035723502326834,-1.592557760642267,1.928378653962897,-5.316235375676318,-1.5677314460918956,1.8819722554317047;0.0,-0.1719071865081787,0.0;1.0,0.0,0.0,0.0
0.0;-6.087933265283402,1.0043710071399865,-1.5897312168044395,1.9311915561216428,-5.317306185062322,-1.5613350573630724,1.8831128199739482;0.0,-0.16824959218502045,0.0;1.0,0.0,0.0,0.0
0.0;-6.078210683176223,1.0051544383118927,-1.5874116226244346,1.9329065357230715,-5.3185309366421345,-1.554961000505697,1.8831731513406607;0.0,-0.164591982960701,0.0;1.0,0.0,0.0,0.0
0.0;-6.0686058961177665,1.0056699853072115,-1.5853223302627257,1.9342484375961584,-5.320148734559676,-1.5482977125992956,1.88333262226048;0.0,-0.16093438863754272,0.0;1.0,0.0,0.0,0.0
0.0;-6.0586924765355405,1.0059683934891175,-1.5832269523892273,1.935886236166222,-5.322106465536886,-1.541379294238602,1.8837608973112336;0.0,-0.15727677941322327,0.0;1.0,0.0,0.0,0.0
0.0;-6.048466202014652,1.0062153827544684,-1.581086777836855,1.9376729524668705,-5.324268465318733,-1.534216390756688,1.884259584123445;0.0,-0.153619185090065,0.0;1.0,0.0,0.0,0.0
0.0;-6.038022338976377,1.0062856005022796,-1.5789652696200285,1.9393726920796377,-5.326606288836292,-1.5266727708063201,1.8846897890421195;0.0,-0.14996159076690674,0.0;1.0,0.0,0.0,0.0
0.0;-6.028078459833544,1.0056793373000155,-1.5772770418895943,1.9406464475907361,-5.329421000886795,-1.5193072046947325,1.8850072661949007;0.0,-0.14630398154258728,0.0;1.0,0.0,0.0,0.0
0.0;-6.01826780737783,1.0046670219585339,-1.5757453552226257,1.9416111310897413,-5.333158776223381,-1.5121038252726946,1.8850327184358342;0.0,-0.14264638721942902,0.0;1.0,0.0,0.0,0.0
0.0;-6.008978709801106,1.0028159897545328,-1.5741751181489365,1.9423183287932586,-5.337215528717684,-1.5053421516149936,1.8847814229685513;0.0,-0.13898879289627075,0.0;1.0,0.0,0.0,0.0
0.0;-5.9993418837101204,1.0008835789850765,-1.5721164901293379,1.9429707069650695,-5.341514547158543,-1.498679869279262,1.8840724529072193;0.0,-0.1353311836719513,0.0;1.0,0.0,0.0,0.0
0.0;-5.988774391572241,0.9987267640895079,-1.5693875924748115,1.943512191099593,-5.346165957104401,-1.4916394372467539,1.8829859151505992;0.0,-0.13167358934879303,0.0;1.0,0.0,0.0,0.0
0.0;-5.977808501390485,0.9961747052843491,-1.5663968368365457,1.9439520397736358,-5.350899871959186,-1.48441745580336,1.8815269110354746;0.0,-0.12801599502563477,0.0;1.0,0.0,0.0,0.0
0.0;-5.967974037586497,0.9930030788406934,-1.5636019965897292,1.9441491928525427,-5.355429138451583,-1.4778154493670297,1.879835502953932;0.0,-0.12435838580131531,0.0;1.0,0.0,0.0,0.0
0.0;-5.959220605879609,0.9897119802006605,-1.5611496376110396,1.9441046105320705,-5.359539414792474,-1.4722517066792875,1.8780293872260376;0.0,-0.12070079147815704,0.0;1.0,0.0,0.0,0.0
0.0;-5.949079058339164,0.9870861147629709,-1.557851262670918,1.944262221348387,-5.364480423877781,-1.4662124292552303,1.8758194814074833;0.0,-0.11704318970441818,0.0;1.0,0.0,0.0,0.0
0.0;-5.938502851066112,0.9837539647599209,-1.554279298593066,1.944373878336232,-5.369060917262908,-1.4597248199780515,1.8737788868558378;0.0,-0.11338558793067932,0.0;1.0,0.0,0.0,0.0
0.0;-5.928054527455995,0.9803825185237692,-1.550686383835213,1.9443725369357239,-5.3735704616356985,-1.4532371847897179,1.871439650158928;0.0,-0.10972798615694046,0.0;1.0,0.0,0.0,0.0
0.0;-5.916108502615557,0.9775883591158586,-1.5462754602317534,1.9442805237184047,-5.378390522607389,-1.4459580364097238,1.8685129548881345;0.0,-0.10607039928436279,0.0;1.0,0.0,0.0,0.0
0.0;-5.904582194986732,0.9745059831154472,-1.5419224197382584,1.9442210094183447,-5.382268744959599,-1.4386043033262288,1.8656697952156758;0.0,-0.10241279751062393,0.0;1.0,0.0,0.0,0.0
0.0;-5.893752075818466,0.9717863295931897,-1.5379394449663286,1.9441270107093331,-5.385808251251335,-1.431713432794532,1.8628900901806205;0.0,-0.09875519573688507,0.0;1.0,0.0,0.0,0.0
0.0;-5.883327924924071,0.9692587194408063,-1.534357108237787,1.94404651282188,-5.389358570011802,-1.425085599646639,1.8603445033651718;0.0,-0.09509759396314621,0.0;1.0,0.0,0.0,0.0
0.0;-5.873072937117742,0.9667680848761943,-1.531042145915149,1.9439786207745835,-5.3928897108509695,-1.418415916963375,1.8581416098344292;0.0,-0.09143999963998795,0.0;1.0,0.0,0.0,0.0
0.0;-5.862763272181275,0.9644338007340677,-1.5278931739710089,1.9439707873613021,-5.396393671169237,-1.41149126185518,1.8560757451119616;0.0,-0.08778240531682968,0.0;1.0,0.0,0.0,0.0
0.0;-5.852134548286039,0.9623096438683497,-1.524810303645769,1.9439041585562733,-5.399831188232299,-1.4042095298456096,1.8540716695657626;0.0,-0.08412480354309082,0.0;1.0,0.0,0.0,0.0
0.0;-5.841532573083392,0.9604440458406913,-1.5217648679752822,1.9438765239602174,-5.402989035210278,-1.3965746476489673,1.8521571199812021;0.0,-0.08046720176935196,0.0;1.0,0.0,0.0,0.0
0.0;-5.831328506342765,0.9586898248398982,-1.5191513093621825,1.9437926994362336,-5.405832857466278,-1.3890331292062366,1.8504461336208533;0.0,-0.0768095999956131,0.0;1.0,0.0,0.0,0.0
0.0;-5.821784927895636,0.9574564686071789,-1.5172715161553318,1.9438144445331986,-5.408344879716039,-1.3815978630019374,1.849139488867962;0.0,-0.07315200567245483,0.0;1.0,0.0,0.0,0.0
0.0;-5.812417748222376,0.9562630783660838,-1.5157814578112336,1.9436926493750908,-5.411030712104551,-1.374086595560303,1.8483204993595976;0.0,-0.06949441134929657,0.0;1.0,0.0,0.0,0.0
0.0;-5.8028816298052535,0.9549772455493974,-1.51442347706229,1.943586293423583,-5.414103183557688,-1.3662470400479556,1.8476181312290536;0.0,-0.06583679467439651,0.0;1.0,0.0,0.0,0.0
0.0;-5.793166710447544,0.9536103126173119,-1.5130859206236469,1.9434393027078336,-5.417344006184333,-1.3580985422424268,1.8468559308892005;0.0,-0.06217920035123825,0.0;1.0,0.0,0.0,0.0
0.0;-5.783455515238882,0.952201478418019,-1.5117665742123254,1.9431521370574896,-5.4205299491697305,-1.3498278691937369,1.8460306329903649;0.0,-0.05852160602807999,0.0;1.0,0.0,0.0,0.0
0.0;-5.773904445168475,0.9507841923559107,-1.5105276921880297,1.942792065079992,-5.42361978114701,-1.3415982408732694,1.845148239945831;0.0,-0.05486401170492172,0.0;1.0,0.0,0.0,0.0
0.0;-5.764412698363201,0.9493739651843054,-1.5093608713069886,1.9423671368336626,-5.426732866973977,-1.3333833499530336,1.844258820014554;0.0,-0.051206402480602264,0.0;1.0,0.0,0.0,0.0
0.0;-5.754618447188925,0.9481870641686913,-1.5082196062566002,1.941877699408627,-5.429917804955624,-1.3247405727858503,1.8433923645418333;0.0,-0.0475488044321537,0.0;1.0,0.0,0.0,0.0
0.0;-5.745241923202998,0.9467929123047301,-1.507367279401866,1.941347997934275,-5.432896196344581,-1.3162201849760504,1.8426839524846155;0.0,-0.04389121010899544,0.0;1.0,0.0,0.0,0.0
0.0;-5.736351413908967,0.9455489987313191,-1.5068253963444116,1.9407623758019485,-5.435778587732241,-1.3079665500562818,1.8420636929920082;0.0,-0.04023360460996628,0.0;1.0,0.0,0.0,0.0
0.0;-5.727289500227581,0.9443604962246821,-1.506387540054116,1.9400849460074385,-5.438928818168464,-1.299536032580392,1.8414972864674384;0.0,-0.036576010286808014,0.0;1.0,0.0,0.0,0.0
0.0;-5.718328772028247,0.9429160843908025,-1.506069465456828,1.9393084187095977,-5.442264261025419,-1.2909421780236459,1.8410072213244169;0.0,-0.032918401062488556,0.0;1.0,0.0,0.0,0.0
0.0;-5.709351471853558,0.9414172796260251,-1.5058003110255442,1.9384707908833954,-5.445751191972784,-1.2822363981658256,1.8404600729659775;0.0,-0.029260804876685143,0.0;1.0,0.0,0.0,0.0
0.0;-5.700462531748604,0.9399392251636633,-1.505568379681689,1.9375805195998939,-5.449181330781413,-1.2736289911548135,1.8398843387672488;0.0,-0.025603197515010834,0.0;1.0,0.0,0.0,0.0
0.0;-5.690972371543211,0.9387107629880268,-1.5049330454411292,1.9367471666494314,-5.452551503917714,-1.2646747105489486,1.8393199287404993;0.0,-0.02194560319185257,0.0;1.0,0.0,0.0,0.0
0.0;-5.68151959845942,0.9374233816425122,-1.5042004841235295,1.9359445074856316,-5.455536351668753,-1.2557301475750071,1.838705062231805;0.0,-0.01828799396753311,0.0;1.0,0.0,0.0,0.0
0.0;-5.672369878260872,0.9361396831884761,-1.503590790115292,1.9350085093512304,-5.458384993972194,-1.2470002976779648,1.83793973355023;0.0,-0.014630399644374847,0.0;1.0,0.0,0.0,0.0
0.0;-5.663414278906734,0.9348052196756196,-1.5030847238419538,1.933933713141498,-5.461300515874579,-1.2383481168889805,1.8371036056917673;0.0,-0.01097279042005539,0.0;1.0,0.0,0.0,0.0
0.0;-5.654499354708916,0.9333384028087238,-1.502615480709105,1.9327985527779112,-5.464330671685963,-1.2296531355196925,1.8362659884238948;0.0,-0.007315196096897125,0.0;1.0,0.0,0.0,0.0
0.0;-5.645609343693493,0.9317169085705171,-1.502211425605465,1.9316349930278045,-5.467473082863167,-1.2208885821375797,1.8353995371341654;0.0,-0.003657601773738861,0.0;1.0,0.0,0.0,0.0
0.0;-5.636845215944477,0.9299832491010631,-1.5019358176781001,1.9303539140677912,-5.470738784047991,-1.2121029123095024,1.8345023491045287;0.0,0.0,0.0;1.0,0.0,0.0,0.0
