0.0;-5.533934756274179,2.182509613943302,-2.100910542740628,-1.782679076902276,-3.1069194993345,0.8302541129964268,-0.5504283293670161;0.0,0.0,0.0;1.0,0.0,0.0,0.0
0.0;-5.540345963525557,2.1820874851908636,-2.1055210388808114,-1.781763071724969,-3.09977115053154,0.8380455364980907,-0.5562544432826751;0.0,0.003732245182618499,0.0;1.0,0.0,0.0,0.0
0.0;-5.5381629875600975,2.1830226722415977,-2.1080118909978256,-1.7811621392361419,-3.097390901556379,0.8376237848420843,-0.5578251149714633;0.0,0.007464490365236998,0.0;1.0,0.0,0.0,0.0
0.0;-5.531853472862905,2.184558374130131,-2.1075257883986653,-1.7810263425561512,-3.0986658446360558,0.8315675167681512,-0.555745772283587;0.0,0.011196735315024853,0.0;1.0,0.0,0.0,0.0
0.0;-5.524414150961927,2.185810187101365,-2.1067847670172535,-1.7807348316339016,-3.1027277558501365,0.8247164989275989,-0.5529809362817079;0.0,0.014928980730473995,0.0;1.0,0.0,0.0,0.0
0.0;-5.517218943226907,2.1859825008877913,-2.1063788335607088,-1.7802449623422625,-3.108139102309349,0.8188800245002291,-0.5500400873370946;0.0,0.018661227077245712,0.0;1.0,0.0,0.0,0.0
0.0;-5.510258976452492,2.185413598628796,-2.105954146166028,-1.7796156961596745,-3.114062794432541,0.8137896531830973,-0.5467895307222341;0.0,0.022393470630049706,0.0;1.0,0.0,0.0,0.0
0.0;-5.503172421387609,2.1847361114240043,-2.105449851489177,-1.7790044495751116,-3.1203928037356934,0.8086773843850413,-0.5434262491393583;0.0,0.026125717908143997,0.0;1.0,0.0,0.0,0.0
0.0;-5.495815249058436,2.1840838118558574,-2.104835294793091,-1.7784228172018437,-3.1270423785817836,0.8032275993516902,-0.5399438618018352;0.0,0.02985796332359314,0.0;1.0,0.0,0.0,0.0
0.0;-5.488316545313607,2.183360812733085,-2.1041071040587647,-1.7777716314615777,-3.133865344855877,0.7975998719574016,-0.5363251440130447;0.0,0.03359020873904228,0.0;1.0,0.0,0.0,0.0
0.0;-5.480836522163206,2.182524710109474,-2.103346216916204,-1.7770151686477909,-3.1408144329457617,0.7919815505412847,-0.5326810846963943;0.0,0.037322454154491425,0.0;1.0,0.0,0.0,0.0
0.0;-5.473407430624728,2.1815717109398154,-2.102579446253728,-1.7761660317170498,-3.1478770651567376,0.7863970337879547,-0.5290471122816363;0.0,0.04105469956994057,0.0;1.0,0.0,0.0,0.0
0.0;-5.46600078417904,2.1805209006579593,-2.1017794146995405,-1.7752302256393486,-3.1550221066197572,0.7808083275314451,-0.5253969421338945;0.0,0.04478694498538971,0.0;1.0,0.0,0.0,0.0
0.0;-5.458601097347147,2.179398984349614,-2.1009370989617366,-1.7742122884247398,-3.162234901904597,0.7751855225505423,-0.5217316112725675;0.0,0.04851919040083885,0.0;1.0,0.0,0.0,0.0
0.0;-5.451215421457501,2.17821383844062,-2.1000588800845112,-1.7731119222113267,-3.1695051554725158,0.7695277550186473,-0.5180640490332943;0.0,0.052251435816287994,0.0;1.0,0.0,0.0,0.0
0.0;-5.443855158428885,2.176958932901398,-2.0991471669308313,-1.7719246872949221,-3.176822065653394,0.7638457502405828,-0.5143970252072392;0.0,0.05598367378115654,0.0;1.0,0.0,0.0,0.0
0.0;-5.436525778746957,2.1756315026772692,-2.098202570391039,-1.7706484874263086,-3.1841826738443793,0.7581444145607734,-0.5107323987628052;0.0,0.05971592292189598,0.0;1.0,0.0,0.0,0.0
0.0;-5.429227179270031,2.174232968094572,-2.0972248446782946,-1.7692842093132224,-3.191587488210076,0.7524217983752127,-0.5070717108302805;0.0,0.06344816833734512,0.0;1.0,0.0,0.0,0.0
0.0;-5.42195764204888,2.172764189625372,-2.0962119944397486,-1.767832821375179,-3.199035853907614,0.7466746457892,-0.503413828547993;0.0,0.06718041747808456,0.0;1.0,0.0,0.0,0.0
0.0;-5.414716713117971,2.1712252714028564,-2.0951624646313496,-1.7662945481325072,-3.2065272745747024,0.7409014083030576,-0.49975816781758764;0.0,0.070912666618824,0.0;1.0,0.0,0.0,0.0
0.0;-5.407505304294336,2.1696157940085135,-2.0940757405851986,-1.7646693131880096,-3.2140616384947367,0.7351021253647615,-0.49610539224769984;0.0,0.07464490830898285,0.0;1.0,0.0,0.0,0.0
0.0;-5.400324538267266,2.1679349568100315,-2.0929512608501946,-1.7629570216247812,-3.2216385105799734,0.7292771925212733,-0.4924559603038404;0.0,0.0783771499991417,0.0;1.0,0.0,0.0,0.0
0.0;-5.393175169910008,2.166182217043791,-2.091788183401524,-1.761157732360484,-3.2292574147758137,0.723426558830445,-0.48881007906890417;0.0,0.08210939168930054,0.0;1.0,0.0,0.0,0.0
0.0;-5.386057669858945,2.164357343168518,-2.0905856105477474,-1.759271647724404,-3.2369180395985286,0.7175497599247429,-0.48516798733784805;0.0,0.08584164083003998,0.0;1.0,0.0,0.0,0.0
0.0;-5.378972481338897,2.1624600636804034,-2.089342595939649,-1.7572989712017846,-3.2446201039735945,0.7116462716405907,-0.4815298614487406;0.0,0.08957388252019882,0.0;1.0,0.0,0.0,0.0
0.0;-5.371920031958775,2.1604899680730103,-2.0880581801608473,-1.7552398162080627,-3.2523634428441492,0.7057156021440794,-0.47789581978632895;0.0,0.09330613166093826,0.0;1.0,0.0,0.0,0.0
0.0;-5.364900974389279,2.158446650511682,-2.0867314271874466,-1.7530943343160972,-3.260147849618774,0.6997574092397592,-0.47426610586808143;0.0,0.0970383733510971,0.0;1.0,0.0,0.0,0.0
0.0;-5.357915886847156,2.1563296972309303,-2.085361430477865,-1.7508626542590577,-3.2679730965644516,0.6937713493484167,-0.4706409611386676;0.0,0.10077062249183655,0.0;1.0,0.0,0.0,0.0
0.0;-5.3509653240621,2.154138711522075,-2.0839472170124336,-1.7485449308518408,-3.2758389994517185,0.6877569870479021,-0.4670205940091358;0.0,0.10450286418199539,0.0;1.0,0.0,0.0,0.0
0.0;-5.344049798814248,2.151873306653872,-2.0824877838386513,-1.7461413207243581,-3.283745433648616,0.6817138149718591,-0.4634052040840617;0.0,0.10823511332273483,0.0;1.0,0.0,0.0,0.0
0.0;-5.337169830568515,2.149533079720054,-2.0809820991020924,-1.7436519822204195,-3.29169231121745,0.6756413060773541,-0.45979498911863875;0.0,0.11196736246347427,0.0;1.0,0.0,0.0,0.0
0.0;-5.330325948477325,2.14711761094858,-2.0794291143982453,-1.7410770717955415,-3.2996795679088837,0.6695389337266261,-0.45619015639566113;0.0,0.11569961160421371,0.0;1.0,0.0,0.0,0.0
0.0;-5.3235186934248535,2.1446264739665786,-2.0778277609871,-1.7384167522123297,-3.3077071589841336,0.6634061640207336,-0.45259092680446694;0.0,0.11943185329437256,0.0;1.0,0.0,0.0,0.0
0.0;-5.316748594329363,2.1420592400197216,-2.0761769480535888,-1.735671188226864,-3.3157750633153076,0.6572424341971063,-0.4489975281176074;0.0,0.1231640949845314,0.0;1.0,0.0,0.0,0.0
0.0;-5.310016174233386,2.139415474441789,-2.0744755499995744,-1.7328405489402645,-3.3238832906657474,0.6510471454012634,-0.44541018960358686;0.0,0.12689633667469025,0.0;1.0,0.0,0.0,0.0
0.0;-5.303321945087394,2.136694731842554,-2.0727224100371746,-1.7299250025560151,-3.332031888894749,0.6448196643960985,-0.44182914516628513;0.0,0.1306285858154297,0.0;1.0,0.0,0.0,0.0
0.0;-5.296666438110877,2.1338965521427053,-2.0709163325475575,-1.7269247279492326,-3.340220935066535,0.6385593447561189,-0.4382546396801427;0.0,0.13436082005500793,0.0;1.0,0.0,0.0,0.0
0.0;-5.290050151348847,2.131020463129454,-2.0690561050335954,-1.7238398925975453,-3.3484505433460647,0.632265506465366,-0.4346869305837153;0.0,0.13809306919574738,0.0;1.0,0.0,0.0,0.0
0.0;-5.2834735983589365,2.1280659758193328,-2.0671404619098706,-1.7206706750783982,-3.356720863656648,0.6259374386776552,-0.4311262801332134;0.0,0.14182531833648682,0.0;1.0,0.0,0.0,0.0
0.0;-5.276937275281676,2.125032585817841,-2.0651681065107645,-1.7174172491621564,-3.365032084447411,0.6195743986728182,-0.4275729646954973;0.0,0.14555758237838745,0.0;1.0,0.0,0.0,0.0
0.0;-5.2704417171977935,2.1219197718376246,-2.0631376912044956,-1.7140798108660371,-3.373384415777162,0.6131756395716886,-0.4240272816031611;0.0,0.1492898166179657,0.0;1.0,0.0,0.0,0.0
0.0;-5.263987407038617,2.1187270001000718,-2.0610478555448832,-1.7106585363726436,-3.3817781023183464,0.6067403736434221,-0.4204895501175502;0.0,0.15302206575870514,0.0;1.0,0.0,0.0,0.0
0.0;-5.257574843473286,2.115453714058647,-2.0588971692398483,-1.707153613214663,-3.3902134309563867,0.6002677667928837,-0.41696009515384613;0.0,0.15675431489944458,0.0;1.0,0.0,0.0,0.0
0.0;-5.251204532612346,2.1120993339753897,-2.056684153300612,-1.7035652345641763,-3.3986907253115035,0.5937569626791701,-0.41343926526802444;0.0,0.16048654913902283,0.0;1.0,0.0,0.0,0.0
0.0;-5.244876948147984,2.1086632577657114,-2.0544072966507922,-1.6998935809627163,-3.4072103521241837,0.5872070632657385,-0.40992743571448803;0.0,0.16421879827976227,0.0;1.0,0.0,0.0,0.0
0.0;-5.238592581564668,2.105144853277628,-2.0520650164145056,-1.6961388441494802,-3.415772717043914,0.5806171336891921,-0.40642499845518987;0.0,0.1679510474205017,0.0;1.0,0.0,0.0,0.0
0.0;-5.232351920877679,2.101543462346739,-2.0496556794983247,-1.692301216841279,-3.4243782625073433,0.5739862094334575,-0.40293237798565085;0.0,0.17168329656124115,0.0;1.0,0.0,0.0,0.0
0.0;-5.226155452017557,2.097858400538612,-2.0471775993944075,-1.6883808947258403,-3.4330274651371027,0.5673132916145988,-0.3994500337238139;0.0,0.1754155457019806,0.0;1.0,0.0,0.0,0.0
0.0;-5.220003671615555,2.0940889543751275,-2.0446290245550487,-1.6843780826996486,-3.4417208302694933,0.5605973497990437,-0.3959784594933803;0.0,0.17914777994155884,0.0;1.0,0.0,0.0,0.0
0.0;-5.213897069533203,2.0902343825581244,-2.0420081461890494,-1.6802929858525524,-3.4504588954906312,0.5538373139172509,-0.3925181902453444;0.0,0.1828799992799759,0.0;1.0,0.0,0.0,0.0
0.0;-5.207747027781325,2.088839540415401,-2.0388389748110844,-1.6828344409407299,-3.457184921474094,0.5510041284326994,-0.38994373747144984;-0.003657599911093712,0.1828799992799759,0.0;1.0,0.0,0.0,0.0
0.0;-5.198125755092085,2.0890702258563243,-2.0355944580877723,-1.6930846106428659,-3.4625797098448525,0.5518625077742061,-0.3873512813211713;-0.007315199822187424,0.1828799992799759,0.0;1.0,0.0,0.0,0.0
0.0;-5.188931941465502,2.0917789882791844,-2.0316426456046193,-1.70377761236881,-3.466843138079567,0.5552852673211489,-0.38571856416975786;-0.010972799733281136,0.1828799992799759,0.0;1.0,0.0,0.0,0.0
0.0;-5.180526474450479,2.093822914130884,-2.028869733558155,-1.7149006401672642,-3.469573390836438,0.5586494013769939,-0.384183098997841;-0.014630400575697422,0.1828799992799759,0.0;1.0,0.0,0.0,0.0
0.0;-5.172408461051167,2.096440097807247,-2.026497861895955,-1.7252053694507645,-3.4718410156916866,0.5620504148852771,-0.3831331097861803;-0.01828799955546856,0.1828799992799759,0.0;1.0,0.0,0.0,0.0
0.0;-5.1647723802380465,2.099070769218841,-2.0239914004278035,-1.73564716028823,-3.4736520081960345,0.5653231673953207,-0.38197013699747767;-0.02194559946656227,0.1828799992799759,0.0;1.0,0.0,0.0,0.0
0.0;-5.156284188243103,2.1021296025993714,-2.021679210190885,-1.7466216792629798,-3.4753820228441743,0.5688983321258649,-0.38094351204170374;-0.025603199377655983,0.1828799992799759,0.0;1.0,0.0,0.0,0.0
0.0;-5.148213288028761,2.1051796071415785,-2.019036351698398,-1.757867040994377,-3.4769659949985994,0.5725577720386209,-0.379802651919587;-0.029260801151394844,0.1828799992799759,0.0;1.0,0.0,0.0,0.0
0.0;-5.139700203091155,2.1083738849952884,-2.0166995995569614,-1.7689322367293097,-3.478492094682495,0.5763950699656092,-0.3788278268672263;-0.032918401062488556,0.1828799992799759,0.0;1.0,0.0,0.0,0.0
0.0;-5.131796598356968,2.1113706467905033,-2.014185341157073,-1.7799443287677439,-3.479899219775936,0.5800645009853339,-0.3777565245601181;-0.03657599911093712,0.1828799992799759,0.0;1.0,0.0,0.0,0.0
0.0;-5.123357560957206,2.11457881749282,-2.011899119638424,-1.7908877285704834,-3.481341934831777,0.5838402168879805,-0.37683152091554545;-0.04023360088467598,0.1828799992799759,0.0;1.0,0.0,0.0,0.0
0.0;-5.11541899692223,2.1176178838979247,-2.009348863925739,-1.8018245115428824,-3.4827140302382147,0.5874559252860427,-0.3757574403764208;-0.04389120265841484,0.1828799992799759,0.0;1.0,0.0,0.0,0.0
0.0;-5.106897339788342,2.120830479871118,-2.007023003555745,-1.8127404542744163,-3.484154707228391,0.5911756873877001,-0.3748059988202678;-0.0475488007068634,0.1828799992799759,0.0;1.0,0.0,0.0,0.0
0.0;-5.09892854764972,2.1238526485156783,-2.0044264833506724,-1.8235738553282226,-3.4855703869861703,0.5947212094086668,-0.37371944484110586;-0.051206402480602264,0.1828799992799759,0.0;1.0,0.0,0.0,0.0
0.0;-5.090323344639812,2.1270200618274377,-2.0020724912381964,-1.8344237361252198,-3.4870650353191244,0.5983702256735322,-0.3727407782307138;-0.05486400052905083,0.1828799992799759,0.0;1.0,0.0,0.0,0.0
0.0;-5.082338926229728,2.1300021141919414,-1.9994154712476124,-1.8451203154101377,-3.4885606555044175,0.6018241384373553,-0.37163521724115506;-0.05852160230278969,0.1828799992799759,0.0;1.0,0.0,0.0,0.0
0.0;-5.073620187874075,2.1331092595002024,-1.997029783803234,-1.8559078536707843,-3.4901269359924547,0.6053856220326145,-0.37061416988769724;-0.06217920035123825,0.1828799992799759,0.0;1.0,0.0,0.0,0.0
0.0;-5.065612706456024,2.136050864732902,-1.9942978381615728,-1.8664658501325633,-3.4917243928856756,0.6087385198504661,-0.369485981197703;-0.06583680212497711,0.1828799992799759,0.0;1.0,0.0,0.0,0.0
0.0;-5.056773021934352,2.1390840002838565,-1.9918800816164584,-1.8771860161020502,-3.4933726145228357,0.612202750888554,-0.3684153207562699;-0.06949440389871597,0.1828799992799759,0.0;1.0,0.0,0.0,0.0
0.0;-5.048741574774712,2.1419766703641065,-1.9890716987986976,-1.8875936914642257,-3.495081825284462,0.6154505690634624,-0.36726322473233136;-0.07315199822187424,0.1828799992799759,0.0;1.0,0.0,0.0,0.0
0.0;-5.039791044819223,2.144926941014403,-1.9866220596489608,-1.8982336217706413,-3.4968196180069766,0.6188066029772502,-0.36614266525676553;-0.0768095999956131,0.1828799992799759,0.0;1.0,0.0,0.0,0.0
0.0;-5.0317254237761375,2.1477639963459043,-1.983740294379299,-1.9084901709828255,-3.498643299248712,0.6219468345354254,-0.3649640933713785;-0.08046720921993256,0.1828799992799759,0.0;1.0,0.0,0.0,0.0
0.0;-5.0226731005077445,2.1506315380793026,-1.9812550540900098,-1.919040467314473,-3.500477731512766,0.6251877809046356,-0.36379640151058545;-0.08412480354309082,0.1828799992799759,0.0;1.0,0.0,0.0,0.0
0.0;-5.014559226067539,2.153407297589106,-1.9783052024322403,-1.9291544171637898,-3.502415810112334,0.6282187386919725,-0.36258864581185324;-0.08778240531682968,0.1828799992799759,0.0;1.0,0.0,0.0,0.0
0.0;-5.005406370475479,2.1561954391993385,-1.9757798654404937,-1.9396122671566567,-3.5043529837959717,0.6313430720978028,-0.36137667798845535;-0.09144000709056854,0.1828799992799759,0.0;1.0,0.0,0.0,0.0
0.0;-4.997230840347883,2.1589065938394025,-1.9727651750369863,-1.9495957169555302,-3.5064060581250205,0.6342643920169022,-0.36013786306450296;-0.0950976014137268,0.1828799992799759,0.0;1.0,0.0,0.0,0.0
0.0;-4.987972799604869,2.1616176822053217,-1.9701963956608686,-1.9599628350039877,-3.5084503267689624,0.6372724565255227,-0.3588829039359871;-0.09875520318746567,0.1828799992799759,0.0;1.0,0.0,0.0,0.0
0.0;-4.979725243459704,2.164262440501673,-1.9671177768440218,-1.9698255306098207,-3.5106201546063858,0.6400838299555304,-0.35761204662302887;-0.10241280496120453,0.1828799992799759,0.0;1.0,0.0,0.0,0.0
0.0;-4.970356504310952,2.1668968067651826,-1.9645039048614292,-1.9801035161554246,-3.5127747361094586,0.6429750150867868,-0.3563145790834276;-0.10607039928436279,0.1828799992799759,0.0;1.0,0.0,0.0,0.0
0.0;-4.96202940907684,2.169473419660735,-1.9613615594459677,-1.9898515815412314,-3.5150635951427707,0.645675288157247,-0.35501128116625125;-0.10972799360752106,0.1828799992799759,0.0;1.0,0.0,0.0,0.0
0.0;-4.9525452750771475,2.1720301243831885,-1.9587019085215494,-2.0000406555196135,-3.5173312557340264,0.6484478928657154,-0.35367163269684887;-0.11338560283184052,0.1828799992799759,0.0;1.0,0.0,0.0,0.0
0.0;-4.944132249647481,2.1745365828565286,-1.9554960133513488,-2.009678547287265,-3.519741637325874,0.6510352715861304,-0.35233572810430114;-0.11704319715499878,0.1828799992799759,0.0;1.0,0.0,0.0,0.0
0.0;-4.934528552657991,2.1770141517734265,-1.9527901340390077,-2.0197780551122,-3.5221250869322005,0.6536871117458698,-0.3509542358235108;-0.12070079892873764,0.1828799992799759,0.0;1.0,0.0,0.0,0.0
0.0;-4.926023452058469,2.1794481563336108,-1.9495209792348502,-2.0293096836097644,-3.5246596430920927,0.656159357065669,-0.34958561003515687;-0.1243584007024765,0.1828799992799759,0.0;1.0,0.0,0.0,0.0
0.0;-4.916296017330659,2.1818448316836774,-1.9467684412573414,-2.039318697748398,-3.5271617298449764,0.6586880383979369,-0.34816261133971604;-0.12801600992679596,0.1828799992799759,0.0;1.0,0.0,0.0,0.0
0.0;-4.907692590057931,2.184203871870185,-1.9434362814912318,-2.0487478443841787,-3.5298233809819477,0.6610425972397626,-0.34676112659012476;-0.13167360424995422,0.1828799992799759,0.0;1.0,0.0,0.0,0.0
0.0;-4.897837204119222,2.1865175683306655,-1.9406366270481215,-2.0586651700289598,-3.532447123992294,0.6634455000665458,-0.34529690249854994;-0.13533121347427368,0.1828799992799759,0.0;1.0,0.0,0.0,0.0
0.0;-4.889129098356098,2.188798876840869,-1.9372417274673146,-2.067995435039605,-3.5352390852646964,0.6656794410824558,-0.3438623953998392;-0.13898880779743195,0.1828799992799759,0.0;1.0,0.0,0.0,0.0
0.0;-4.8791415082314264,2.1910271738363853,-1.9343944776041058,-2.077819618071008,-3.5379877172694765,0.6679536921965119,-0.34235717808493304;-0.1426464021205902,0.1828799992799759,0.0;1.0,0.0,0.0,0.0
0.0;-4.870391795731095,2.1932124481289694,-1.9309543038171126,-2.0869680632783596,-3.5408917196320733,0.6700531823612781,-0.3408987495936133;-0.14630401134490967,0.1828799992799759,0.0;1.0,0.0,0.0,0.0
0.0;-4.860230292981791,2.1953490653952312,-1.9280792941284743,-2.0967662968026377,-3.5437690530539108,0.6721887494809837,-0.33934949341201054;-0.14996159076690674,0.1828799992799759,0.0;1.0,0.0,0.0,0.0
0.0;-4.85138693685808,2.1974614228495573,-1.924554071465112,-2.1057743976979344,-3.5468102437270534,0.6741830281043533,-0.3378639673613815;-0.153619185090065,0.1828799992799759,0.0;1.0,0.0,0.0,0.0
0.0;-4.841056086302182,2.19950204562235,-1.9216377836699576,-2.1155353267840526,-3.5498203571852462,0.6761756986216884,-0.3362646601179685;-0.15727679431438446,0.1828799992799759,0.0;1.0,0.0,0.0,0.0
0.0;-4.832095591134878,2.2015344239069243,-1.9180399699986272,-2.1244267915027435,-3.5530045927351557,0.6780491971718199,-0.3347495680104302;-0.16093440353870392,0.1828799992799759,0.0;1.0,0.0,0.0,0.0
0.0;-4.821614497119605,2.2034802642212683,-1.9150765026240022,-2.134107927168387,-3.5561542888735325,0.679895442431311,-0.33310823808539025;-0.16459199786186218,0.1828799992799759,0.0;1.0,0.0,0.0,0.0
0.0;-4.812510501116452,2.2054246379720404,-1.9114132712269776,-2.142920525205576,-3.5594879342735677,0.6816386664645466,-0.33155850693556127;-0.16824960708618164,0.1828799992799759,0.0;1.0,0.0,0.0,0.0
0.0;-4.801879941621651,2.207202230318324,-1.908552388484955,-2.152341938153822,-3.5627530750228087,0.6833095744810285,-0.3299427576852221;-0.1719072014093399,0.1828799992799759,0.0;1.0,0.0,0.0,0.0
0.0;-4.79251572459686,2.208299121182733,-1.9047076448879456,-2.1605005497245777,-3.566659349555361,0.68456960861223,-0.32840008431193113;-0.17556479573249817,0.1828799992799759,0.0;1.0,0.0,0.0,0.0
0.0;-4.781623120702459,2.2075092902172933,-1.9020604300806176,-2.1669371919907654,-3.5710402938714987,0.6847933810252087,-0.32718564029018565;-0.17922240495681763,0.1828799992799759,0.0;1.0,0.0,0.0,0.0
0.0;-4.772540748919695,2.2050455476333344,-1.8970715740971642,-2.1743180025075324,-3.5780180655240437,0.682881265890745,-0.3269222695596684;-0.1828799992799759,0.1828799992799759,0.0;1.0,0.0,0.0,0.0
0.0;-4.7631997915377005,2.2022853985631796,-1.8935802144920655,-2.1783095571840687,-3.5829588879480863,0.6817112530421141,-0.3273113985390638;-0.18653759360313416,0.1828799992799759,0.0;1.0,0.0,0.0,0.0
0.0;-4.754020117558758,2.1998315642266038,-1.8899027533289559,-2.18391153692222,-3.5869033094519382,0.6809391502777801,-0.3280770539187897;-0.19019518792629242,0.1828799992799759,0.0;1.0,0.0,0.0,0.0
0.0;-4.741555930591469,2.1968449247791497,-1.8851725416113871,-2.194945766514428,-3.5914833430448394,0.6798028702993434,-0.32964195280784386;-0.19385278224945068,0.1828799992799759,0.0;1.0,0.0,0.0,0.0
0.0;-4.727031212169409,2.1952586920739208,-1.8784955595725306,-2.2037802548377825,-3.596032602066539,0.6805889889578107,-0.33189019003165304;-0.19751040637493134,0.1828799992799759,0.0;1.0,0.0,0.0,0.0
0.0;-4.714956413420007,2.1941279926715436,-1.8720026307496336,-2.214838797279267,-3.5993974386294925,0.679704646848369,-0.33348775911187706;-0.2011680006980896,0.1828799992799759,0.0;1.0,0.0,0.0,0.0
0.0;-4.701421784785363,2.1946856270648074,-1.866887992687438,-2.224822197113889,-3.6011395288233503,0.6800105059383991,-0.3347129213078599;-0.20482559502124786,0.1828799992799759,0.0;1.0,0.0,0.0,0.0
0.0;-4.690795542406354,2.1964223502383238,-1.861211663085265,-2.2349260939320965,-3.602716971397345,0.6808125163824378,-0.33518073638805584;-0.20848320424556732,0.1828799992799759,0.0;1.0,0.0,0.0,0.0
0.0;-4.67933950809135,2.1984988616798407,-1.856944234707358,-2.2450124892365,-3.6038267356026794,0.6821397831090648,-0.3350026205169872;-0.21214079856872559,0.1828799992799759,0.0;1.0,0.0,0.0,0.0
0.0;-4.668988109867346,2.200488887296452,-1.8525203622886381,-2.2544807162959954,-3.6055869251850843,0.6834504305330351,-0.3344840342556256;-0.21579839289188385,0.1828799992799759,0.0;1.0,0.0,0.0,0.0
0.0;-4.658120593507876,2.2018396882095304,-1.8487190705857146,-2.2631524146643316,-3.6079034880183363,0.6845257813612335,-0.33387126758794117;-0.2194560170173645,0.1828799992799759,0.0;1.0,0.0,0.0,0.0
0.0;-4.64743353549907,2.2022515190809173,-1.8446654671673222,-2.272070688739184,-3.6112785485109016,0.6848346674231818,-0.3332796902641853;-0.22311361134052277,0.1828799992799759,0.0;1.0,0.0,0.0,0.0
0.0;-4.636273490021811,2.2020819836963206,-1.8407458285159173,-2.2797304618884087,-3.6150768765490264,0.6850375396297225,-0.3328771499713379;-0.22677120566368103,0.1828799992799759,0.0;1.0,0.0,0.0,0.0
0.0;-4.625233552831095,2.2014271807010646,-1.8365458906674166,-2.2882767124190186,-3.6193588426388748,0.6844278806504346,-0.3324758634405331;-0.2304288148880005,0.1828799992799759,0.0;1.0,0.0,0.0,0.0
0.0;-4.613458609643689,2.20069534809687,-1.83244351913129,-2.295882660285503,-3.623593147322001,0.6840526628862541,-0.33224170688216315;-0.23408640921115875,0.1828799992799759,0.0;1.0,0.0,0.0,0.0
0.0;-4.602105446639456,2.199670563583671,-1.8279657914969352,-2.3042213578576405,-3.6280660877190836,0.6830172472418979,-0.33196140665459906;-0.23774400353431702,0.1828799992799759,0.0;1.0,0.0,0.0,0.0
0.0;-4.589976311812138,2.1984799845892766,-1.8237460628025117,-2.311540604872729,-3.632432958479337,0.68206860584995,-0.3318255368380657;-0.24140162765979767,0.1828799992799759,0.0;1.0,0.0,0.0,0.0
0.0;-4.578630895523068,2.197076728789948,-1.8191173142283044,-2.3195678129861226,-3.637058474806939,0.6805259940250735,-0.33173713679784383;-0.24505922198295593,0.1828799992799759,0.0;1.0,0.0,0.0,0.0
0.0;-4.566177673518287,2.1955487324229352,-1.814858815561511,-2.3270563570312186,-3.641456895268019,0.6792742214529514,-0.3317532117311952;-0.2487168163061142,0.1828799992799759,0.0;1.0,0.0,0.0,0.0
0.0;-4.554649755655971,2.193897986887844,-1.810078495597942,-2.3349610125726215,-3.6461091361558458,0.6776083268392495,-0.33185701947030627;-0.2523743808269501,0.1828799992799759,0.0;1.0,0.0,0.0,0.0
0.0;-4.541956196813423,2.192048744077851,-1.8059143748740196,-2.342467020792875,-3.6504628474236815,0.6760227067831845,-0.33203027201389596;-0.25603199005126953,0.1828799992799759,0.0;1.0,0.0,0.0,0.0
0.0;-4.529570902663351,2.1895118332504073,-1.8008562425438277,-2.3498627707784316,-3.655880898194556,0.6734382874198842,-0.33243341216158684;-0.2596895694732666,0.1828799992799759,0.0;1.0,0.0,0.0,0.0
0.0;-4.515514291744444,2.1846127603388137,-1.796863825245007,-2.354253959784388,-3.6617164356044394,0.6689618745294105,-0.33269603250741125;-0.26334720849990845,0.1828799992799759,0.0;1.0,0.0,0.0,0.0
0.0;-4.502588812687067,2.1794161425658967,-1.7906838716415994,-2.361440989892353,-3.6698938884094665,0.6623492192467582,-0.3338086264023373;-0.2670047879219055,0.1828799992799759,0.0;1.0,0.0,0.0,0.0
0.0;-4.49041459044674,2.1748137478868594,-1.7860411425237794,-2.365109944226245,-3.675691747453413,0.6580587795835244,-0.33486454573804453;-0.270662397146225,0.1828799992799759,0.0;1.0,0.0,0.0,0.0
0.0;-4.480150631949479,2.170369669411323,-1.7829871457244735,-2.3687634442080423,-3.680247350327512,0.653806688402338,-0.3358209593667443;-0.27431997656822205,0.1828799992799759,0.0;1.0,0.0,0.0,0.0
0.0;-4.4670526909870345,2.1646771782677634,-1.7795145573632074,-2.37637998136072,-3.685936398255232,0.6483699438651115,-0.33706676010881975;-0.2779775857925415,0.1828799992799759,0.0;1.0,0.0,0.0,0.0
0.0;-4.45299694854973,2.15917668565278,-1.7742632400186211,-2.3808664382784817,-3.6922780930725505,0.6444087871460966,-0.3389908852909538;-0.28163519501686096,0.1828799992799759,0.0;1.0,0.0,0.0,0.0
0.0;-4.439219532596551,2.152814640500013,-1.7679376481212197,-2.389621554339643,-3.69965168375454,0.6374366290308037,-0.34110083118249257;-0.2852928042411804,0.1828799992799759,0.0;1.0,0.0,0.0,0.0
0.0;-4.4278248096453225,2.1472865231201146,-1.7636295146190721,-2.3908703801567857,-3.7046962944372033,0.6319954930966354,-0.34298698096748753;-0.2889504134654999,0.1828799992799759,0.0;1.0,0.0,0.0,0.0
0.0;-4.417966938401056,2.1415823732610337,-1.7610041774543004,-2.3928303923229657,-3.7089614566977165,0.6257052339957967,-0.3444838491890363;-0.29260802268981934,0.1828799992799759,0.0;1.0,0.0,0.0,0.0
0.0;-4.407221025050096,2.135109309693021,-1.7572697795580923,-2.3961238651341445,-3.714469146321891,0.6192480128235416,-0.3464216337489997;-0.2962656319141388,0.1828799992799759,0.0;1.0,0.0,0.0,0.0
0.0;-4.395650403727457,2.128239203144558,-1.7525277254170901,-2.3993498343140502,-3.720330844648232,0.6130146547273009,-0.3486525905599789;-0.29992321133613586,0.1828799992799759,0.0;1.0,0.0,0.0,0.0
0.0;-4.380880873275594,2.1180247745126395,-1.7480007517134049,-2.402656571952296,-3.727195297174265,0.602313376607099,-0.3511819434373003;-0.3035808205604553,0.1828799992799759,0.0;1.0,0.0,0.0,0.0
0.0;-4.367369037057958,2.1078672879352878,-1.7407033973269492,-2.4066022655505197,-3.7342756574973475,0.5921047742327451,-0.35452807089744565;-0.3072384297847748,0.1828799992799759,0.0;1.0,0.0,0.0,0.0
0.0;-4.352054546761303,2.09790543568476,-1.7335227335205647,-2.411701650299889,-3.7398190657039088,0.5817441999250436,-0.3586958120989813;-0.31089603900909424,0.1828799992799759,0.0;1.0,0.0,0.0,0.0
0.0;-4.334428224075312,2.0875549914519547,-1.727088807440601,-2.4158231696199195,-3.7446979655270494,0.5703337667424196,-0.3641286963804886;-0.3145536184310913,0.1828799992799759,0.0;1.0,0.0,0.0,0.0
0.0;-4.3197141051400765,2.0755434424300234,-1.7195164257284914,-2.4192234714653202,-3.749425897698947,0.5560207382858232,-0.36926448027161096;-0.31821122765541077,0.1828799992799759,0.0;1.0,0.0,0.0,0.0
0.0;-4.304229974241774,2.062718320643029,-1.7113398923917804,-2.4216998410092185,-3.7538285516374343,0.5421626036181509,-0.37536709018171643;-0.3218688368797302,0.1828799992799759,0.0;1.0,0.0,0.0,0.0
0.0;-4.2915096716429355,2.0526369969093534,-1.7048573758976817,-2.4255779373323714,-3.7570576712476185,0.5316464561348607,-0.38136782846771117;-0.3255264163017273,0.1828799992799759,0.0;1.0,0.0,0.0,0.0
0.0;-4.277980617524431,2.0419496920846925,-1.6998663878740385,-2.429682414814272,-3.758838159338002,0.5216976747708405,-0.3872706393530082;-0.32918402552604675,0.1828799992799759,0.0;1.0,0.0,0.0,0.0
0.0;-4.266636081701621,2.0322840857304216,-1.694130753578728,-2.433013757719096,-3.761224378574929,0.5125425590623074,-0.39352529178272344;-0.3328416347503662,0.1828799992799759,0.0;1.0,0.0,0.0,0.0
0.0;-4.254352922424578,2.022632171698864,-1.6891311524566646,-2.437176359583089,-3.763583750990927,0.5025971058839099,-0.4001242296600687;-0.33649924397468567,0.1828799992799759,0.0;1.0,0.0,0.0,0.0
0.0;-4.239094492780391,2.01137328450566,-1.684082026593643,-2.4404308859903754,-3.7660819289765852,0.4915969462268294,-0.4075046909227874;-0.34015682339668274,0.1828799992799759,0.0;1.0,0.0,0.0,0.0
0.0;-4.226039019481281,2.000587605811062,-1.6780643893997444,-2.443476803888201,-3.7688154116301127,0.47933904577271336,-0.41432713747300565;-0.3438144326210022,0.1828799992799759,0.0;1.0,0.0,0.0,0.0
0.0;-4.21008114173155,1.9934330310662707,-1.668668038796384,-2.4442911984883504,-3.768669429350874,0.462150451957752,-0.4184986252634666;-0.34747201204299927,0.1828799992799759,0.0;1.0,0.0,0.0,0.0
0.0;-4.196940300644841,1.98902432689455,-1.6529696809137076,-2.444800454128888,-3.764301117429196,0.445207260750965,-0.4177758857257098;-0.3511296212673187,0.1828799992799759,0.0;1.0,0.0,0.0,0.0
0.0;-4.183303191254014,1.9865806683636908,-1.6409548837684174,-2.446586898580392,-3.7606278269298588,0.4317856017762415,-0.41845362786378776;-0.3547872304916382,0.1828799992799759,0.0;1.0,0.0,0.0,0.0
0.0;-4.173876876287565,1.982484136349043,-1.6341022137102792,-2.4465944297728277,-3.75883121097984,0.4203968294553033,-0.42052641244103367;-0.35844483971595764,0.1828799992799759,0.0;1.0,0.0,0.0,0.0
0.0;-4.160817537408324,1.9740376292317925,-1.6291358973909624,-2.4471530681729217,-3.757931504138567,0.408537944983255,-0.42406189306073055;-0.3621024191379547,0.1828799992799759,0.0;1.0,0.0,0.0,0.0
0.0;-4.150409154609559,1.9648106981490037,-1.62263231888299,-2.4494192337137335,-3.759275200581884,0.39662453624261756,-0.42888430058143595;-0.3657599985599518,0.1828799992799759,0.0;1.0,0.0,0.0,0.0
0.0;-4.145729669474022,1.9525133013397935,-1.6126853226592288,-2.4491864536628265,-3.7587543954721117,0.38130160241232364,-0.43508793388166944;-0.3657599985599518,0.17918545007705688,0.0;1.0,0.0,0.0,0.0
0.0;-4.1397229342878905,1.9431535612807962,-1.6078673991983934,-2.4504391377805987,-3.7532303067839354,0.36854505669020116,-0.4441509370681187;-0.3657599985599518,0.17549090087413788,0.0;1.0,0.0,0.0,0.0
0.0;-4.137037902353105,1.937154563147274,-1.603220368327566,-2.4526380458439276,-3.7454822946386597,0.36434153283337867,-0.4548806439803305;-0.3657599985599518,0.17179636657238007,0.0;1.0,0.0,0.0,0.0
0.0;-4.139460031416792,1.934272632178627,-1.6011105165903605,-2.4533452427869307,-3.7360306131355396,0.3640558815766507,-0.4639508562140176;-0.3657599985599518,0.16810181736946106,0.0;1.0,0.0,0.0,0.0
0.0;-4.145981393798201,1.9336159389621903,-1.599323098149268,-2.4531544306404265,-3.72329181992584,0.366305464510314,-0.4756951360859549;-0.3657599985599518,0.16440726816654205,0.0;1.0,0.0,0.0,0.0
0.0;-4.151146203058007,1.9342556870760106,-1.5982619185130063,-2.4567351238453052,-3.708870925981912,0.3712789866167771,-0.48904646419008646;-0.3657599985599518,0.16071271896362305,0.0;1.0,0.0,0.0,0.0
0.0;-4.155916859325832,1.9345814550476461,-1.5975312245497844,-2.458066569728141,-3.6957161833764665,0.37542555912778675,-0.5003856952098423;-0.3657599985599518,0.15701818466186523,0.0;1.0,0.0,0.0,0.0
0.0;-4.163577173867319,1.9343091949148032,-1.5955306171131198,-2.457995125638071,-3.6789753344936114,0.3805723969822766,-0.5141604991734171;-0.3657599985599518,0.15332363545894623,0.0;1.0,0.0,0.0,0.0
0.0;-4.171210043874885,1.9350260387917535,-1.5939643615521368,-2.4601583630158315,-3.6596434106614533,0.38711250273143094,-0.5314522654724269;-0.3657599985599518,0.14962908625602722,0.0;1.0,0.0,0.0,0.0
0.0;-4.179243974279661,1.9351509505024505,-1.59262834879204,-2.4624850104848397,-3.6361384710894797,0.3951624143558953,-0.5524351036500058;-0.3657599985599518,0.14593453705310822,0.0;1.0,0.0,0.0,0.0
0.0;-4.188912351067316,1.9337047589278862,-1.5902900689113475,-2.464426821378173,-3.6096409053586345,0.40363012077998567,-0.5764615225952813;-0.3657599985599518,0.1422399878501892,0.0;1.0,0.0,0.0,0.0
0.0;-4.203700390102494,1.9305679832313627,-1.586564831950605,-2.4649679622064733,-3.5806413654394103,0.4082672629264144,-0.6038255816747944;-0.3657599985599518,0.1385454535484314,0.0;1.0,0.0,0.0,0.0
0.0;-4.2076680539106786,1.9277262024098152,-1.5848006831459542,-2.4681974997658127,-3.5613487474027217,0.413850391426097,-0.6239477222506274;-0.3657599985599518,0.1348509043455124,0.0;1.0,0.0,0.0,0.0
0.0;-4.211822342851926,1.922198902437446,-1.5813294248297876,-2.471408486134002,-3.538587002998052,0.42073447388774715,-0.6477813360752772;-0.3657599985599518,0.13115635514259338,0.0;1.0,0.0,0.0,0.0
0.0;-4.2207396992044135,1.917123310276449,-1.5791660596087644,-2.4714447133096513,-3.5169315932121092,0.42204429577365427,-0.6687348231874414;-0.3657599985599518,0.12746180593967438,0.0;1.0,0.0,0.0,0.0
0.0;-4.227841173320696,1.913800696301218,-1.5761930708956142,-2.4737039125338387,-3.500505639874714,0.4248212834403919,-0.6865240439272731;-0.3657599985599518,0.12376727163791656,0.0;1.0,0.0,0.0,0.0
0.0;-4.232380544490305,1.9106596196740002,-1.5737507220107279,-2.473662081941731,-3.4853300321132354,0.4299207504700503,-0.7017676312336295;-0.3657599985599518,0.12007272243499756,0.0;1.0,0.0,0.0,0.0
0.0;-4.239933055203189,1.9078906555215627,-1.5714552724956332,-2.4748061355232958,-3.468415237056354,0.43426041785282404,-0.718143602584276;-0.3657599985599518,0.11637817323207855,0.0;1.0,0.0,0.0,0.0
0.0;-4.248878473862076,1.9048649579878827,-1.5685262154730808,-2.4756277671632385,-3.448532091835912,0.44034613875022666,-0.7376759991285763;-0.3657599985599518,0.11268363147974014,0.0;1.0,0.0,0.0,0.0
0.0;-4.258388270933747,1.9007025192132774,-1.5654546985365176,-2.4770822374784998,-3.424095886742556,0.44873813314759003,-0.7617031991529262;-0.3657599985599518,0.10898908227682114,0.0;1.0,0.0,0.0,0.0
0.0;-4.268560268707613,1.8947015768560496,-1.5619452775093965,-2.4772749219538635,-3.3972267835534877,0.4572781900969199,-0.7887800660146426;-0.3657599985599518,0.10529453307390213,0.0;1.0,0.0,0.0,0.0
0.0;-4.276011559758636,1.8890551460305574,-1.5582361469893973,-2.479341726486844,-3.3760469212673536,0.4641488328895542,-0.8116376880502177;-0.3657599985599518,0.10159999132156372,0.0;1.0,0.0,0.0,0.0
0.0;-4.28369401442447,1.883391086693452,-1.5548833899743355,-2.480235903830357,-3.358376377198403,0.4681444357053333,-0.8307626442112481;-0.3657599985599518,0.09790544956922531,0.0;1.0,0.0,0.0,0.0
0.0;-4.29157758177252,1.87695322968204,-1.55173699366442,-2.4813685506926912,-3.3370266148534857,0.47429713986970806,-0.8540145395461628;-0.3657599985599518,0.0942109003663063,0.0;1.0,0.0,0.0,0.0
0.0;-4.301715499980284,1.8681901002285242,-1.5469320827421091,-2.4822933861362073,-3.309858530201563,0.48339131069898383,-0.8831624131965764;-0.3657599985599518,0.0905163586139679,0.0;1.0,0.0,0.0,0.0
0.0;-4.3110719389062755,1.8597105825801856,-1.5419574589099232,-2.4868678363796715,-3.2841995654841116,0.49261034468803827,-0.9113662047650433;-0.3657599985599518,0.08682180941104889,0.0;1.0,0.0,0.0,0.0
0.0;-4.31676353064871,1.8516871248174058,-1.5370952144063952,-2.4923634228028773,-3.261634352134689,0.5034802254949152,-0.9364721855624553;-0.3657599985599518,0.08312726020812988,0.0;1.0,0.0,0.0,0.0
0.0;-4.325141422197212,1.8427532900073187,-1.5313212676559305,-2.49506697021313,-3.23772790185782,0.5136454188900621,-0.9636022950149874;-0.3657599985599518,0.07943272590637207,0.0;1.0,0.0,0.0,0.0
0.0;-4.335394010342445,1.8327592470255865,-1.5260936830862901,-2.4970801083940986,-3.211517451905683,0.5228661241088204,-0.9943478059191388;-0.3657599985599518,0.07573818415403366,0.0;1.0,0.0,0.0,0.0
0.0;-4.348063550058321,1.8191365845622423,-1.5200106116377432,-2.4936707212466502,-3.1823769328942113,0.5308739675444237,-1.0259862762379;-0.3657599985599518,0.07204362750053406,0.0;1.0,0.0,0.0,0.0
0.0;-4.360597712197335,1.8074706305089854,-1.5122354890963519,-2.4926012093209082,-3.1553861220343595,0.5388622159854067,-1.060684315236336;-0.3657599985599518,0.06834909319877625,0.0;1.0,0.0,0.0,0.0
0.0;-4.3685480628332956,1.7955290020655446,-1.5065007786096851,-2.4966364383503397,-3.1303989448824336,0.5484447624357742,-1.0884804594202053;-0.3657599985599518,0.06465454399585724,0.0;1.0,0.0,0.0,0.0
0.0;-4.374322127739138,1.789509589680162,-1.5025146676541903,-2.495175936032422,-3.107765506220292,0.5563244435385982,-1.112849278064114;-0.3657599985599518,0.060959991067647934,0.0;1.0,0.0,0.0,0.0
0.0;-4.383867862022895,1.7873532798325475,-1.4942025086701334,-2.4950452478131693,-3.0885618862069255,0.560184107781862,-1.1305127203281402;-0.3657599985599518,0.057265449315309525,0.0;1.0,0.0,0.0,0.0
0.0;-4.389500908706952,1.785498192464536,-1.4869760635540044,-2.495236789913435,-3.072490679197016,0.5668822906547661,-1.1423999834791292;-0.3657599985599518,0.05357090011239052,0.0;1.0,0.0,0.0,0.0
0.0;-4.394888503196664,1.7837615097973867,-1.481764670801577,-2.495749335037364,-3.059885954402204,0.5729752399315159,-1.152654662223423;-0.3657599985599518,0.04987635463476181,0.0;1.0,0.0,0.0,0.0
0.0;-4.401091002685892,1.7817356525183647,-1.4778232615392894,-2.4954463098876847,-3.049266009199376,0.5779091244652704,-1.1624987903436468;-0.3657599985599518,0.046181820333004,0.0;1.0,0.0,0.0,0.0
0.0;-4.40744209737473,1.777837351873876,-1.4731364155413162,-2.494809172229505,-3.0358537835632533,0.5861914927006844,-1.1736844446772325;-0.3657599985599518,0.04248727113008499,0.0;1.0,0.0,0.0,0.0
0.0;-4.419351402141096,1.7725038840118421,-1.4661499183855067,-2.4968445717328693,-3.016468937503156,0.5978500787412552,-1.1916234857349477;-0.3657599985599518,0.038792721927165985,0.0;1.0,0.0,0.0,0.0
0.0;-4.442628442061697,1.7618517270645173,-1.4546039825221715,-2.4985757583311963,-2.9840886061185072,0.623362175598529,-1.2241109897117173;-0.3657599985599518,0.03509816899895668,0.0;1.0,0.0,0.0,0.0
0.0;-4.473214668259252,1.7550019001382593,-1.449157941383042,-2.500567871541203,-2.962614532164273,0.6546737174677492,-1.2455206198519992;-0.3657599985599518,0.031403619796037674,0.0;1.0,0.0,0.0,0.0
0.0;-4.502368463580885,1.748863163898864,-1.445371289950381,-2.500531792581617,-2.9521825811641467,0.6825530361857188,-1.2579793179242307;-0.3657599985599518,0.027709072455763817,0.0;1.0,0.0,0.0,0.0
0.0;-4.523932315690497,1.742180967454617,-1.442608629786406,-2.4984683375693204,-2.9449816960497657,0.7075195047313125,-1.2672805151839428;-0.3657599985599518,0.024014540016651154,0.0;1.0,0.0,0.0,0.0
0.0;-4.540908251014796,1.7365115424998643,-1.4400791749733348,-2.499857424881674,-2.938541814927542,0.7249847220755158,-1.2766769052874378;-0.3657599985599518,0.020319990813732147,0.0;1.0,0.0,0.0,0.0
0.0;-4.554290076338574,1.7307784992063064,-1.4375325790283247,-2.4988803673642503,-2.9314761733480585,0.7391646344021436,-1.2863482296558064;-0.3657599985599518,0.01662543974816799,0.0;1.0,0.0,0.0,0.0
0.0;-4.566615504974444,1.7251123856273356,-1.4336953503584136,-2.4996397412919475,-2.924643640230727,0.7517924985373444,-1.2960868313910359;-0.3657599985599518,0.012930906377732754,0.0;1.0,0.0,0.0,0.0
0.0;-4.585660978282084,1.7159780875103716,-1.426552005291796,-2.4993628771440624,-2.9137123152583833,0.7724838665317905,-1.3120374487347486;-0.3657599985599518,0.009236358106136322,0.0;1.0,0.0,0.0,0.0
0.0;-4.60314260642961,1.7059102246121234,-1.420677657840746,-2.499683800963897,-2.903268594819618,0.7927880110116969,-1.32798434826456;-0.3657599985599518,0.005541808903217316,0.0;1.0,0.0,0.0,0.0
0.0;-4.629409897496569,1.6901078090529082,-1.4128136443179904,-2.498944090702654,-2.888426992563794,0.8178531709954988,-1.3490452038102696;-0.3657599985599518,0.0018472744850441813,0.0;1.0,0.0,0.0,0.0
0.0;-4.653096260702417,1.6834682816246203,-1.3975105756050645,-2.4990240512438957,-2.878118178222412,0.8474730591812686,-1.360814448599618;-0.3657599985599518,-0.0018472744850441813,0.0;1.0,0.0,0.0,0.0
0.0;-4.675434638864237,1.6817878780106275,-1.3855791676013374,-2.4975364556403723,-2.865319323584142,0.8737124733308756,-1.3697399426660173;-0.3657599985599518,-0.0055418238043785095,0.0;1.0,0.0,0.0,0.0
0.0;-4.6944510557727375,1.6800614759081798,-1.378329534226431,-2.497426380301193,-2.852444763184595,0.8956102291013216,-1.3793181440496751;-0.3657599985599518,-0.009236373007297516,0.0;1.0,0.0,0.0,0.0
0.0;-4.709954348167773,1.6749757770504896,-1.3727251788897892,-2.4973957533495925,-2.843872032077118,0.9132427607334219,-1.3890275352537351;-0.3657599985599518,-0.012930921278893948,0.0;1.0,0.0,0.0,0.0
0.0;-4.7340758815688515,1.6623268821693888,-1.3615627919290454,-2.494272844831731,-2.835656369174925,0.9364481634384907,-1.4041578464652122;-0.3657599985599518,-0.01662547141313553,0.0;1.0,0.0,0.0,0.0
0.0;-4.774417377448863,1.646919472842575,-1.3468701228451094,-2.490017407811125,-2.822643473097077,0.9722214973025335,-1.4318484300289802;-0.3657599985599518,-0.020320020616054535,0.0;1.0,0.0,0.0,0.0
0.0;-4.858703005128873,1.6391436045975918,-1.3137788213148407,-2.496204721223076,-2.7892477267818436,1.055214039849714,-1.4567437636359588;-0.3657599985599518,-0.024014538154006004,0.0;1.0,0.0,0.0,0.0
0.0;-4.968320428002136,1.6485831817853975,-1.2798847688564772,-2.4900255558353854,-2.7627704112069575,1.1753077089708723,-1.4614327429979599;-0.3657599985599518,-0.02770908735692501,0.0;1.0,0.0,0.0,0.0
0.0;-5.077829804433702,1.6701155125767766,-1.2680043277054445,-2.487929454847468,-2.746447619086321,1.3056901864736787,-1.4356179792195147;-0.3657599985599518,-0.031403638422489166,0.0;1.0,0.0,0.0,0.0
0.0;-5.151492007401177,1.6703139868450605,-1.2989843939245311,-2.4969091997566557,-2.785572632119324,1.3886743943854056,-1.409777314713702;-0.3657599985599518,-0.03509818762540817,0.0;1.0,0.0,0.0,0.0
0.0;-5.195653908259845,1.6592851584731418,-1.343142080557238,-2.5146186764682015,-2.8400235753370726,1.445325943793834,-1.3880084787657812;-0.3657599985599518,-0.03879275172948837,0.0;1.0,0.0,0.0,0.0
0.0;-5.242027117500669,1.647397582658903,-1.3871959505395373,-2.5201789706004236,-2.894772910927631,1.4905296494046973,-1.3701809100412157;-0.3657599985599518,-0.04248729720711708,0.0;1.0,0.0,0.0,0.0
0.0;-5.283757310415635,1.6384002152462795,-1.416754146156432,-2.510897763624235,-2.9320529517805607,1.5276535787499188,-1.3558322928674396;-0.3657599985599518,-0.0461818166077137,0.0;1.0,0.0,0.0,0.0
0.0;-5.311245813067331,1.6356661880655397,-1.4297798485219528,-2.5166241435857457,-2.9488573515824683,1.5536570148129374,-1.3498076877816454;-0.3657599985599518,-0.049876365810632706,0.0;1.0,0.0,0.0,0.0
0.0;-5.326754231824778,1.6348674272804646,-1.4343566294729684,-2.51735385006726,-2.953759788771522,1.5721603200440055,-1.3466680481759299;-0.3657599985599518,-0.05357091501355171,0.0;1.0,0.0,0.0,0.0
0.0;-5.342895962815838,1.6346820202831263,-1.4389517442886284,-2.516993575868112,-2.9547361625698274,1.5919065605713918,-1.3437480376671396;-0.3657599985599518,-0.05726546421647072,0.0;1.0,0.0,0.0,0.0
0.0;-5.358305637827406,1.6350910463031993,-1.4442583837909182,-2.5177557329132583,-2.9602585244621413,1.6065937707135076,-1.339779615243589;-0.3657599985599518,-0.060960013419389725,0.0;1.0,0.0,0.0,0.0
0.0;-5.37272184642366,1.6352973528128305,-1.450580614753995,-2.517401746992292,-2.9671248698304122,1.6192236181070019,-1.3354223299500854;-0.3657599985599518,-0.06465454399585724,0.0;1.0,0.0,0.0,0.0
0.0;-5.392122961063349,1.6355973520494473,-1.458218881063093,-2.516994460720328,-2.973840764515979,1.6331619125951582,-1.330463646016128;-0.3657599985599518,-0.06834909319877625,0.0;1.0,0.0,0.0,0.0
0.0;-5.408511896896048,1.636284727017833,-1.464550008333058,-2.515049944120688,-2.9791380302696457,1.6515761006978107,-1.3255185383127226;-0.3657599985599518,-0.07204362750053406,0.0;1.0,0.0,0.0,0.0
0.0;-5.425994808210421,1.6380212859661585,-1.468856977639081,-2.5157530468923355,-2.982517118761966,1.6674086500948275,-1.3213836479434486;-0.3657599985599518,-0.07573819160461426,0.0;1.0,0.0,0.0,0.0
0.0;-5.444315630974973,1.639491694539651,-1.4723928219064555,-2.5119358333089843,-2.9839635562508358,1.684620712066945,-1.316888755649571;-0.3657599985599518,-0.07943272590637207,0.0;1.0,0.0,0.0,0.0
0.0;-5.457950760586759,1.6411002766171348,-1.474246210840233,-2.511954616524895,-2.984598949846807,1.6970799690623732,-1.3142994485718038;-0.3657599985599518,-0.08312729746103287,0.0;1.0,0.0,0.0,0.0
0.0;-5.4774795096371705,1.6447786270162206,-1.475370746711336,-2.508234668076798,-2.9847521266402817,1.7132274683249502,-1.3110127994609475;-0.3657599985599518,-0.08682183176279068,0.0;1.0,0.0,0.0,0.0
0.0;-5.531144915074233,1.6545358846343086,-1.476371186127002,-2.517021823439547,-2.9805704954146828,1.7570670350611233,-1.3016152643145131;-0.3657599985599518,-0.09051636606454849,0.0;1.0,0.0,0.0,0.0
0.0;-5.587725812300149,1.6583270711129758,-1.4902904700083635,-2.516136382587225,-2.975326869650188,1.8263261139981672,-1.2868294023270768;-0.3657599985599518,-0.09421093016862869,0.0;1.0,0.0,0.0,0.0
0.0;-5.635620366134492,1.6723648270955231,-1.5044821591745086,-2.5179638256226506,-2.9795129094027506,1.8709980603051524,-1.267169579957976;-0.3657599985599518,-0.09790545701980591,0.0;1.0,0.0,0.0,0.0
0.0;-5.646392787699343,1.6851896128545707,-1.517951094425468,-2.518714522320738,-2.976824440719554,1.8834859570732883,-1.245767289984124;-0.3657599985599518,-0.10160002112388611,0.0;1.0,0.0,0.0,0.0
0.0;-5.6429025911614366,1.6989571761349926,-1.525819615498402,-2.5188063584245817,-2.969814374753878,1.8783090209374698,-1.2277405090560514;-0.3657599985599518,-0.10529455542564392,0.0;1.0,0.0,0.0,0.0
0.0;-5.646233465887175,1.711508334659345,-1.5282611925474021,-2.5133816535192257,-2.9607293754430657,1.877971539914799,-1.2169396656640166;-0.3657599985599518,-0.10898908972740173,0.0;1.0,0.0,0.0,0.0
0.0;-5.658613321370753,1.7198276193980362,-1.5289511480904716,-2.5117845997328856,-2.951847118266345,1.8840496983876938,-1.2104719072163996;-0.3657599985599518,-0.11268365383148193,0.0;1.0,0.0,0.0,0.0
0.0;-5.672055556070206,1.725269870387193,-1.528557158987847,-2.5092530834202873,-2.946413545640587,1.8929324210650038,-1.2049906211247734;-0.3657599985599518,-0.11637818813323975,0.0;1.0,0.0,0.0,0.0
0.0;-5.687830594730988,1.7309372688774183,-1.529013270116612,-2.506353583451732,-2.94160492664861,1.9019736037792225,-1.1984058578000412;-0.3657599985599518,-0.12007275223731995,0.0;1.0,0.0,0.0,0.0
0.0;-5.698086416390421,1.7377065198364046,-1.5325497186103612,-2.503215368510216,-2.9357092258427357,1.9080300807435004,-1.1913611347054385;-0.3657599985599518,-0.12376728653907776,0.0;1.0,0.0,0.0,0.0
0.0;-5.708232560709403,1.7492731308536684,-1.5374024178062768,-2.502332884290324,-2.92761072106118,1.9132488330563682,-1.1788083283417237;-0.3657599985599518,-0.12746185064315796,0.0;1.0,0.0,0.0,0.0
0.0;-5.7174322026497775,1.7605226436967747,-1.5415390909794713,-2.502226758471637,-2.9192932900029107,1.9184258141692667,-1.1657005807905096;-0.3657599985599518,-0.13115635514259338,0.0;1.0,0.0,0.0,0.0
0.0;-5.728352274042064,1.7722621956655906,-1.5457757270476948,-2.5013805502746207,-2.909805026673415,1.9233106922527798,-1.152571821336374;-0.3657599985599518,-0.13485091924667358,0.0;1.0,0.0,0.0,0.0
0.0;-5.744113475227891,1.7828915729866839,-1.5512727310044905,-2.496777697480769,-2.898072406768759,1.939559622201622,-1.1391489978756173;-0.3657599985599518,-0.1385454535484314,0.0;1.0,0.0,0.0,0.0
0.0;-5.7673979723505076,1.7938336761277616,-1.5576737442713866,-2.495221685791114,-2.8865884946949474,1.953850828407056,-1.1271617982076805;-0.3657599985599518,-0.1422400176525116,0.0;1.0,0.0,0.0,0.0
0.0;-5.781818128635425,1.800873951246095,-1.5596729253245216,-2.487589459959646,-2.8809718379973805,1.96212149875005,-1.1170091792146903;-0.3657599985599518,-0.1459345519542694,0.0;1.0,0.0,0.0,0.0
0.0;-5.795237070811061,1.8079616720935296,-1.56223006870124,-2.4858431545693542,-2.8748587819813216,1.9699284500546637,-1.1076339908359576;-0.3657599985599518,-0.1496291309595108,0.0;1.0,0.0,0.0,0.0
0.0;-5.810885403517483,1.817562678208976,-1.56870416071934,-2.484751000715891,-2.863736045810753,1.9811066471859236,-1.0965436966816806;-0.3657599985599518,-0.15332365036010742,0.0;1.0,0.0,0.0,0.0
0.0;-5.823400134523715,1.826321958003809,-1.5722318669246669,-2.4814428020119284,-2.8553628159117403,1.9872884133981379,-1.0850717533183947;-0.3657599985599518,-0.15701818466186523,0.0;1.0,0.0,0.0,0.0
0.0;-5.833334391935034,1.8327974138395804,-1.5747720004608616,-2.478086856597442,-2.848483547883441,1.9937339646660455,-1.0765652544411957;-0.3657599985599518,-0.16071274876594543,0.0;1.0,0.0,0.0,0.0
0.0;-5.846493773904077,1.8394389528499273,-1.5768413948692774,-2.473843778500025,-2.8420734357981225,1.999496564209706,-1.0692602919560978;-0.3657599985599518,-0.16440728306770325,0.0;1.0,0.0,0.0,0.0
0.0;-5.857546079810484,1.8430241622324064,-1.5795351061100125,-2.4711432048286586,-2.836135403915619,2.005871175137791,-1.064454775354909;-0.3657599985599518,-0.16810184717178345,0.0;1.0,0.0,0.0,0.0
0.0;-5.8703335603256335,1.8481921469915064,-1.5817284611464115,-2.4699038044224726,-2.830277635353051,2.011440381671978,-1.0579415070073732;-0.3657599985599518,-0.17179638147354126,0.0;1.0,0.0,0.0,0.0
0.0;-5.88172150634425,1.8548047762114597,-1.5858089336682557,-2.466390117801091,-2.822432634275932,2.016402828890394,-1.0497194114576165;-0.3657599985599518,-0.17549091577529907,0.0;1.0,0.0,0.0,0.0
0.0;-5.892257404710863,1.8589431576699427,-1.5884279105651593,-2.467441661107103,-2.8154134850284738,2.030881885974478,-1.0412915421401705;-0.3657599985599518,-0.17918545007705688,0.0;1.0,0.0,0.0,0.0
0.0;-5.907562274305065,1.861787293191453,-1.5903683834344369,-2.465579989704361,-2.809350074413149,2.045548932404596,-1.0349425044079832;-0.3657599985599518,-0.1828799992799759,0.0;1.0,0.0,0.0,0.0
0.0;-5.922056268332867,1.8648718280774108,-1.5946465243910373,-2.4613052893122944,-2.803604612512388,2.0561345687602803,-1.0288616233027847;-0.3621385991573334,-0.1828799992799759,0.0;1.0,0.0,0.0,0.0
0.0;-5.92530577502854,1.8683243904350275,-1.5987153475042934,-2.460673565911567,-2.8007772006580702,2.0595547342536675,-1.0227072972188336;-0.35851722955703735,-0.1828799992799759,0.0;1.0,0.0,0.0,0.0
0.0;-5.921091972664734,1.8711919430277257,-1.6018562201376003,-2.460367519977133,-2.800472768951264,2.055148581110383,-1.0181002640104422;-0.35489583015441895,-0.1828799992799759,0.0;1.0,0.0,0.0,0.0
0.0;-5.914087157933426,1.874947051339088,-1.6049013920234576,-2.4590512390539643,-2.8016684685036073,2.043794630828142,-1.0150912688372933;-0.3512744605541229,-0.1828799992799759,0.0;1.0,0.0,0.0,0.0
0.0;-5.906182442059923,1.8788014074610901,-1.6074568660402764,-2.4574660764400518,-2.802777360550088,2.0321418706895793,-1.0128874470289315;-0.3476530611515045,-0.1828799992799759,0.0;1.0,0.0,0.0,0.0
0.0;-5.89686328576683,1.8822045605421678,-1.6090860351023897,-2.457227447674028,-2.8035143012287396,2.0239259345886547,-1.0104848547510639;-0.3440316617488861,-0.1828799992799759,0.0;1.0,0.0,0.0,0.0
0.0;-5.888803580569777,1.885146908814598,-1.6102446539868331,-2.457059516718966,-2.8041497616847715,2.0152941275600402,-1.0084471948403761;-0.3404102921485901,-0.1828799992799759,0.0;1.0,0.0,0.0,0.0
0.0;-5.8807231994695925,1.8888038463098393,-1.6122981658291446,-2.4543183548875303,-2.8048627861197963,2.003919985447288,-1.0073828997330578;-0.3367888927459717,-0.1828799992799759,0.0;1.0,0.0,0.0,0.0
0.0;-5.874972452239085,1.8915346774498545,-1.6137033424379235,-2.4515653181040644,-2.805964137039004,1.9926792588230162,-1.0063710578507747;-0.33316752314567566,-0.1828799992799759,0.0;1.0,0.0,0.0,0.0
0.0;-5.870372526389321,1.8933772949794307,-1.6150185941632293,-2.449605580629939,-2.806918992739936,1.9846314547983535,-1.005823414736114;-0.32954612374305725,-0.1828799992799759,0.0;1.0,0.0,0.0,0.0
0.0;-5.863103822791277,1.8951861723951398,-1.6160135063626617,-2.4487109104371507,-2.8087810110114027,1.976501335012132,-1.0048186411451858;-0.32592475414276123,-0.1828799992799759,0.0;1.0,0.0,0.0,0.0
0.0;-5.852672500619062,1.8974358830128564,-1.6168917515621433,-2.449519793476071,-2.8121573837492697,1.9637499999140995,-1.004012588788695;-0.3223033547401428,-0.1828799992799759,0.0;1.0,0.0,0.0,0.0
0.0;-5.842678326583943,1.8993762081114973,-1.618084532045752,-2.448118066588672,-2.8146411918547956,1.9528876290225665,-1.0040061763630772;-0.3186819553375244,-0.1828799992799759,0.0;1.0,0.0,0.0,0.0
0.0;-5.83441144838373,1.9012089524003246,-1.6189779920872238,-2.44615533544347,-2.817159680748926,1.9398147130912258,-1.0050676424486178;-0.3150605857372284,-0.1828799992799759,0.0;1.0,0.0,0.0,0.0
0.0;-5.826888785169554,1.9020066839172405,-1.6192760444252865,-2.44290021704952,-2.819347766367564,1.9294869728514519,-1.0056263712667024;-0.31143918633461,-0.1828799992799759,0.0;1.0,0.0,0.0,0.0
0.0;-5.820508640331388,1.9026160685584168,-1.6197579213061424,-2.4402865236834796,-2.8216195502457255,1.9202754153118509,-1.0064499681740793;-0.30781781673431396,-0.1828799992799759,0.0;1.0,0.0,0.0,0.0
0.0;-5.814656387950328,1.9032709886738177,-1.6209472909297251,-2.4375331611313564,-2.823691687852725,1.9124141698836754,-1.0074754430970088;-0.30419641733169556,-0.1828799992799759,0.0;1.0,0.0,0.0,0.0
0.0;-5.807726284313631,1.9037569072023128,-1.6220265368978404,-2.4345029813906858,-2.82735418539487,1.899954967799576,-1.0081451829467196;-0.30057501792907715,-0.1828799992799759,0.0;1.0,0.0,0.0,0.0
0.0;-5.800718465914212,1.904329789597906,-1.6237294087941454,-2.4288951445728073,-2.8307166441119596,1.8877565237368703,-1.0091757400387453;-0.29695364832878113,-0.1828799992799759,0.0;1.0,0.0,0.0,0.0
0.0;-5.795321755560232,1.9048553827095296,-1.6256033096882025,-2.422553095895923,-2.833662376149157,1.8758256298743332,-1.0105525382269653;-0.2933322489261627,-0.1828799992799759,0.0;1.0,0.0,0.0,0.0
0.0;-5.790458919478196,1.905275806461806,-1.6273108287245832,-2.416601782552518,-2.836462861668547,1.864784499074984,-1.011690997885733;-0.2897108793258667,-0.1828799992799759,0.0;1.0,0.0,0.0,0.0
0.0;-5.785199887958804,1.9055767958401282,-1.628998503571858,-2.411284299532438,-2.8391545064725823,1.8552582251124419,-1.0124478383694007;-0.2860894799232483,-0.1828799992799759,0.0;1.0,0.0,0.0,0.0
0.0;-5.78071212658987,1.9056919582251364,-1.6307837015559228,-2.4053192206856426,-2.8422235395979074,1.8444439163738908,-1.0133549019345305;-0.28246811032295227,-0.1828799992799759,0.0;1.0,0.0,0.0,0.0
0.0;-5.7767260287146955,1.9057363640337268,-1.6329640656468523,-2.397837655172771,-2.845356943723851,1.832581677979874,-1.0146975389953377;-0.27884671092033386,-0.1828799992799759,0.0;1.0,0.0,0.0,0.0
0.0;-5.772686087287362,1.905774011300068,-1.63512826794347,-2.3900907565353786,-2.8483822593308856,1.8209399123627057,-1.0161156069688784;-0.27522534132003784,-0.1828799992799759,0.0;1.0,0.0,0.0,0.0
0.0;-5.768360058948752,1.9056893899391656,-1.6368031013988742,-2.383001099729309,-2.851391200259162,1.809594262470271,-1.0174097098439465;-0.27160394191741943,-0.1828799992799759,0.0;1.0,0.0,0.0,0.0
0.0;-5.76399243341314,1.9055187346740974,-1.6385756621786056,-2.3755895143006587,-2.8543099797405183,1.7980880582363583,-1.0188403860634072;-0.267982542514801,-0.1828799992799759,0.0;1.0,0.0,0.0,0.0
0.0;-5.760222023932339,1.9053407979950485,-1.6403359361938605,-2.3683631319203475,-2.8572765882318976,1.7864968125298557,-1.0203572402731858;-0.264361172914505,-0.1828799992799759,0.0;1.0,0.0,0.0,0.0
0.0;-5.75661975571608,1.9050692467082408,-1.6421129082737915,-2.361020576922405,-2.859961647203631,1.776077773948683,-1.0216859253746031;-0.2607397735118866,-0.1828799992799759,0.0;1.0,0.0,0.0,0.0
0.0;-5.753637442993118,1.9047047075622787,-1.6438940688459815,-2.353609081585977,-2.8625886018321824,1.7658162892531395,-1.022991595795553;-0.2571184039115906,-0.1828799992799759,0.0;1.0,0.0,0.0,0.0
0.0;-5.75092869155352,1.9042818847695053,-1.6457778194192363,-2.345848950626028,-2.865255754823428,1.75542036922549,-1.0243501727437925;-0.25349700450897217,-0.1828799992799759,0.0;1.0,0.0,0.0,0.0
0.0;-5.748326063353966,1.9038159882593324,-1.6477405501816165,-2.3379629921001848,-2.8679085356495277,1.745133262404739,-1.0256974273897344;-0.24987563490867615,-0.1828799992799759,0.0;1.0,0.0,0.0,0.0
0.0;-5.745832091717507,1.9032993304675525,-1.6496902577986814,-2.329954962844595,-2.870557766901532,1.7348188794942971,-1.0270002575249702;-0.24625423550605774,-0.1828799992799759,0.0;1.0,0.0,0.0,0.0
0.0;-5.743517891893364,1.9027568573327083,-1.6516714954602199,-2.32169738190896,-2.873196161183013,1.7242958928652938,-1.0283246420076702;-0.24263285100460052,-0.1828799992799759,0.0;1.0,0.0,0.0,0.0
0.0;-5.741307214860966,1.9022108041018642,-1.653679535085822,-2.313282599431629,-2.8757758952994803,1.7137772810668617,-1.029655019349938;-0.2390114665031433,-0.1828799992799759,0.0;1.0,0.0,0.0,0.0
0.0;-5.739219935900269,1.9016418638700883,-1.655657810388939,-2.3048119111274143,-2.878288071718963,1.7033765878788198,-1.0309455556543161;-0.2353900820016861,-0.1828799992799759,0.0;1.0,0.0,0.0,0.0
0.0;-5.73734062935459,1.9010387868043634,-1.6576582016600896,-2.29611113119029,-2.880757227140172,1.692886713487681,-1.0322375486397308;-0.23176869750022888,-0.1828799992799759,0.0;1.0,0.0,0.0,0.0
0.0;-5.73570713522137,1.9004108800802526,-1.6597077684082953,-2.286968805244182,-2.883176304657258,1.682252848586428,-1.0335343476816685;-0.22814731299877167,-0.1828799992799759,0.0;1.0,0.0,0.0,0.0
0.0;-5.734602680230771,1.899718561695932,-1.6620354670484858,-2.2765666833859983,-2.885623457967092,1.670413104797383,-1.0349979462884875;-0.22452592849731445,-0.1828799992799759,0.0;1.0,0.0,0.0,0.0
0.0;-5.733252178193743,1.899215170234141,-1.6643659030926863,-2.266774238457283,-2.8879910480012585,1.6589117330411822,-1.0362915849073038;-0.22090454399585724,-0.1828799992799759,0.0;1.0,0.0,0.0,0.0
0.0;-5.731576789645223,1.8988546123267764,-1.666431827847996,-2.2582183069608215,-2.8900781471658075,1.6489109517074305,-1.037194205909274;-0.21728314459323883,-0.1828799992799759,0.0;1.0,0.0,0.0,0.0
0.0;-5.730166025533132,1.8985211081008382,-1.6683249309074557,-2.2502585154812476,-2.8920045180608893,1.6395767993907926,-1.0379509887655225;-0.2136617749929428,-0.1828799992799759,0.0;1.0,0.0,0.0,0.0
0.0;-5.728961748119719,1.898190018059207,-1.670211470522249,-2.242528096527324,-2.893888177433832,1.6304155762705967,-1.0387666594029914;-0.2100403904914856,-0.1828799992799759,0.0;1.0,0.0,0.0,0.0
0.0;-5.727414244605782,1.8978736619339471,-1.6718165705236159,-2.235624746698595,-2.8956338812078783,1.622370617588021,-1.0394429376120002;-0.20641900599002838,-0.1828799992799759,0.0;1.0,0.0,0.0,0.0
0.0;-5.726170661426581,1.8974174980115381,-1.673347897728125,-2.228710558416511,-2.8973665491121485,1.6143833067593467,-1.040165105906677;-0.20279762148857117,-0.1828799992799759,0.0;1.0,0.0,0.0,0.0
0.0;-5.725299698839323,1.8968261268513302,-1.6749835049292514,-2.221307470009767,-2.899189059433454,1.6060512184068427,-1.0410590004672529;-0.19917623698711395,-0.1828799992799759,0.0;1.0,0.0,0.0,0.0
0.0;-5.724446002231406,1.8961539818085682,-1.676618811690898,-2.2138882671769653,-2.9010274320573144,1.5979918607289472,-1.0419893301307104;-0.19555485248565674,-0.1828799992799759,0.0;1.0,0.0,0.0,0.0
0.0;-5.723666567211535,1.8953598706836163,-1.678230121800706,-2.206120526284193,-2.9028631911294145,1.5899447602432581,-1.0429283277225898;-0.19193346798419952,-0.1828799992799759,0.0;1.0,0.0,0.0,0.0
0.0;-5.723396407566361,1.8944159391417366,-1.6799791180788157,-2.1973848365043773,-2.9048203373910284,1.5808362643433171,-1.044084929784441;-0.1883120834827423,-0.1828799992799759,0.0;1.0,0.0,0.0,0.0
0.0;-5.723189133055484,1.8934459455721517,-1.6818387488076263,-2.188189715441013,-2.906780614345253,1.5714012373290782,-1.045358425348634;-0.1846906989812851,-0.1828799992799759,0.0;1.0,0.0,0.0,0.0
0.0;-5.7228433665536755,1.89250980429762,-1.6836006069435734,-2.1793220524672,-2.9086306988289232,1.5624323245852914,-1.0465308026328843;-0.1810692995786667,-0.1828799992799759,0.0;1.0,0.0,0.0,0.0
0.0;-5.722572289124059,1.8915783753093407,-1.6852666742444278,-2.1706946440483237,-2.9104061515322117,1.5537365007087083,-1.0476310669513624;-0.17744791507720947,-0.1828799992799759,0.0;1.0,0.0,0.0,0.0
0.0;-5.722509847761334,1.890616236636678,-1.686953243409898,-2.1618846210065907,-2.912163940472691,1.544946949565585,-1.0487675626296928;-0.17382653057575226,-0.1828799992799759,0.0;1.0,0.0,0.0,0.0
0.0;-5.722596338907065,1.8896182506161705,-1.688676607713622,-2.1528467875722828,-2.913904462842402,1.5360725753746272,-1.0499366812245243;-0.17020514607429504,-0.1828799992799759,0.0;1.0,0.0,0.0,0.0
0.0;-5.722743193225139,1.8886035406570705,-1.6903864087122047,-2.143786198858053,-2.915606315952605,1.5272896013152195,-1.05108780064448;-0.16658376157283783,-0.1828799992799759,0.0;1.0,0.0,0.0,0.0
0.0;-5.722948652818063,1.8875830539763083,-1.6920643168663532,-2.1347800976817086,-2.917265643535113,1.5186375576587439,-1.0522139620851159;-0.16296236217021942,-0.1828799992799759,0.0;1.0,0.0,0.0,0.0
0.0;-5.723255173332371,1.8865481011228111,-1.6937275599212362,-2.1257450396595363,-2.918891136896219,1.5100361652641332,-1.0533362056879774;-0.1593409776687622,-0.1828799992799759,0.0;1.0,0.0,0.0,0.0
0.0;-5.72367511184699,1.8854909440709364,-1.6953894172169166,-2.116618620034193,-2.920487004812396,1.501441911008184,-1.0544643234620146;-0.155719593167305,-0.1828799992799759,0.0;1.0,0.0,0.0,0.0
0.0;-5.724188084835651,1.8844154634912087,-1.6970456483244991,-2.107427266555471,-2.922050615027846,1.4928840732938082,-1.0555920379698136;-0.15209820866584778,-0.1828799992799759,0.0;1.0,0.0,0.0,0.0
0.0;-5.724780251550713,1.883326624349231,-1.6986882792100222,-2.0982102356991144,-2.9235800464553976,1.484390767738417,-1.0567126279588275;-0.14847682416439056,-0.1828799992799759,0.0;1.0,0.0,0.0,0.0
0.0;-5.725456164846187,1.8822236665434775,-1.700317313893704,-2.088964164311095,-2.925077282804832,1.4759519279862572,-1.0578274916102102;-0.14485543966293335,-0.1828799992799759,0.0;1.0,0.0,0.0,0.0
0.0;-5.726221960653329,1.881104247822329,-1.7019370091192187,-2.0796679591661924,-2.926544845953221,1.4675483849680429,-1.0589410309835228;-0.14123405516147614,-0.1828799992799759,0.0;1.0,0.0,0.0,0.0
0.0;-5.727074999211388,1.8799684164855575,-1.7035484463674875,-2.0703177156114987,-2.9279830223117718,1.459178250746301,-1.0600541700051267;-0.13761267066001892,-0.1828799992799759,0.0;1.0,0.0,0.0,0.0
0.0;-5.728009588345734,1.878817633148489,-1.7051496249303542,-2.0609230977454156,-2.929391150190449,1.4508489976372414,-1.0611652882413145;-0.1339912712574005,-0.1828799992799759,0.0;1.0,0.0,0.0,0.0
0.0;-5.729023783043241,1.8776525725948345,-1.7067394666891686,-2.051488605128789,-2.9307695697307774,1.4425618664036002,-1.0622739278903648;-0.1303698867559433,-0.1828799992799759,0.0;1.0,0.0,0.0,0.0
0.0;-5.730118269391477,1.8764728813184717,-1.7083187396811472,-2.0420103185875997,-2.9321194048669756,1.434311595258616,-1.0633811649015563;-0.12674850225448608,-0.1828799992799759,0.0;1.0,0.0,0.0,0.0
0.0;-5.731292582030957,1.875278294773872,-1.709888205153912,-2.0324846737702273,-2.93344145395422,1.426094303144223,-1.0644878515535097;-0.12312713265419006,-0.1828799992799759,0.0;1.0,0.0,0.0,0.0
0.0;-5.732544611632954,1.8740691422162337,-1.7114476898944606,-2.0229124785631027,-2.934735989036083,1.417909867858557,-1.0655940323619137;-0.11950574815273285,-0.1828799992799759,0.0;1.0,0.0,0.0,0.0
0.0;-5.733872470934376,1.8728458714221188,-1.7129967708352818,-2.0132955739506784,-2.9360032659629365,1.4097585452279169,-1.0666996526813766;-0.11588436365127563,-0.1828799992799759,0.0;1.0,0.0,0.0,0.0
0.0;-5.735275238104227,1.8716086273051606,-1.7145354269370277,-2.003633791838018,-2.937243777057707,1.4016388211006747,-1.067805010119783;-0.11226297914981842,-0.1828799992799759,0.0;1.0,0.0,0.0,0.0
0.0;-5.7367522218965,1.8703573960513225,-1.7160638817721356,-1.9939258216150395,-2.938458082589388,1.3935484925435666,-1.0689105435381783;-0.10864157974720001,-0.1828799992799759,0.0;1.0,0.0,0.0,0.0
0.0;-5.738302335228991,1.8690922838579347,-1.7175822225010364,-1.9841711207568142,-2.9396466192673607,1.385486137678917,-1.0700165479079096;-0.10502021014690399,-0.1828799992799759,0.0;1.0,0.0,0.0,0.0
0.0;-5.739924305544913,1.867813490567271,-1.719090381130278,-1.9743698229187456,-2.940809735797058,1.3774508988344905,-1.0711231932952223;-0.10139880329370499,-0.1828799992799759,0.0;1.0,0.0,0.0,0.0
0.0;-5.741617096806708,1.8665211850335042,-1.7205883096446064,-1.9645219413101422,-2.9419478015565317,1.3694417089692041,-1.0722306914483788;-0.09777743369340897,-0.1828799992799759,0.0;1.0,0.0,0.0,0.0
0.0;-5.743379838414062,1.8652154609760347,-1.7220760542038358,-1.95462697205946,-2.943061212846752,1.3614571954771364,-1.073339310301864;-0.09415603429079056,-0.1828799992799759,0.0;1.0,0.0,0.0,0.0
0.0;-5.745211695907598,1.8638964065643635,-1.7235536707462225,-1.9446843951394852,-2.944150351381312,1.3534959992286104,-1.0744493199871368;-0.09053466469049454,-0.1828799992799759,0.0;1.0,0.0,0.0,0.0
0.0;-5.747111756704001,1.8625641325891338,-1.7250211824661388,-1.9346938258657715,-2.9452155584447164,1.345556958712605,-1.075560948525596;-0.08691326528787613,-0.1828799992799759,0.0;1.0,0.0,0.0,0.0
0.0;-5.7490791567040285,1.8612187631840253,-1.726478587949127,-1.9246550136385825,-2.9462571557336585,1.3376389826530577,-1.0766744136763338;-0.0832919031381607,-0.1828799992799759,0.0;1.0,0.0,0.0,0.0
0.0;-5.751113092791664,1.8598603952687778,-1.727925908078017,-1.91456752864756,-2.9472754615161723,1.3297409144916588,-1.0777899382800133;-0.0796705037355423,-0.1828799992799759,0.0;1.0,0.0,0.0,0.0
0.0;-5.753212855811762,1.8584891134925052,-1.7293631766456645,-1.9044308946385875,-2.9482707912474146,1.321861541977256,-1.0789077616246536;-0.07604913413524628,-0.1828799992799759,0.0;1.0,0.0,0.0,0.0
0.0;-5.755377725564334,1.8571049931590728,-1.7307904335228166,-1.894244553376147,-2.9492434414574458,1.3139996891615227,-1.08002811068432;-0.07242770493030548,-0.1828799992799759,0.0;1.0,0.0,0.0,0.0
0.0;-5.757607022750071,1.855708128529695,-1.732207696507388,-1.884008110032929,-2.950193686487488,1.3061542624112603,-1.081151208040383;-0.06880633533000946,-0.1828799992799759,0.0;1.0,0.0,0.0,0.0
0.0;-5.759900047994396,1.8542986065119649,-1.733614983670219,-1.8737211016281832,-2.9511217793994162,1.2983242264954966,-1.0822772574101462;-0.06518493592739105,-0.1828799992799759,0.0;1.0,0.0,0.0,0.0
0.0;-5.762256229614428,1.8528764951648484,-1.7350123232546837,-1.8633829908034416,-2.9520279791941264,1.2905084431696845,-1.0834064824406902;-0.06156356260180473,-0.1828799992799759,0.0;1.0,0.0,0.0,0.0
0.0;-5.764675005216319,1.851441850430958,-1.736399760567687,-1.8529931382615321,-2.952912533005737,1.282705771366995,-1.0845391088712253;-0.057942163199186325,-0.1828799992799759,0.0;1.0,0.0,0.0,0.0
0.0;-5.767155837435332,1.8499947373786578,-1.7377773262054583,-1.8425509884220377,-2.953775666297705,1.2749151308194555,-1.0856753561488919;-0.0543207973241806,-0.1828799992799759,0.0;1.0,0.0,0.0,0.0
0.0;-5.769698194549465,1.8485352146732743,-1.7391450496488698,-1.832055932091892,-2.9546175883538606,1.2671354694966497,-1.0868154335256306;-0.050699397921562195,-0.1828799992799759,0.0;1.0,0.0,0.0,0.0
0.0;-5.772301628248474,1.84706333559949,-1.7405029633408076,-1.8215073533099766,-2.9554385033255355,1.2593657026627962,-1.087959563633486;-0.047078028321266174,-0.1828799992799759,0.0;1.0,0.0,0.0,0.0
0.0;-5.774965689966334,1.8455791429779087,-1.7418511081280388,-1.810904554758453,-2.95623860013651,1.251604762123105,-1.0891079637766559;-0.043456628918647766,-0.1828799992799759,0.0;1.0,0.0,0.0,0.0
0.0;-5.7776899911046895,1.8440826796467777,-1.7431895184164024,-1.8002468651398735,-2.957018055862757,1.2438515808219823,-1.0902608558834608;-0.039835259318351746,-0.1828799992799759,0.0;1.0,0.0,0.0,0.0
0.0;-5.780474143048671,1.842573981640496,-1.7445182334617142,-1.7895335489609372,-2.9577770325964075,1.236105112755244,-1.0914184569788519;-0.03621385991573334,-0.1828799992799759,0.0;1.0,0.0,0.0,0.0
0.0;-5.78331783389039,1.8410530755634205,-1.7458372945186507,-1.7787638357994802,-2.9585156862101205,1.2283642709826434,-1.0925809949018412;-0.03259246051311493,-0.1828799992799759,0.0;1.0,0.0,0.0,0.0
0.0;-5.7862207408085045,1.839519997216719,-1.7471467383351031,-1.7679370006883508,-2.959234149314782,1.2206280429811394,-1.093748693025247;-0.02897109091281891,-0.1828799992799759,0.0;1.0,0.0,0.0,0.0
0.0;-5.789182570080715,1.8379747685649246,-1.7484466021272578,-1.7570522351159408,-2.9599325442086233,1.2128954022465903,-1.0949217695263749;-0.0253496915102005,-0.1828799992799759,0.0;1.0,0.0,0.0,0.0
0.0;-5.792203119815417,1.8364174019013113,-1.74973693045773,-1.7461086872419536,-2.960610990719773,1.2051652616189075,-1.096100462771135;-0.02172832190990448,-0.1828799992799759,0.0;1.0,0.0,0.0,0.0
0.0;-5.795282167699195,1.8348479043618344,-1.7510177737362196,-1.735105447107169,-2.961269589363517,1.1974365697144345,-1.097285005939381;-0.018106922507286072,-0.1828799992799759,0.0;1.0,0.0,0.0,0.0
0.0;-5.798419560902707,1.8332662775925581,-1.7522891763713573,-1.7240415924556354,-2.9619084295081355,1.189708250473792,-1.0984756395303996;-0.014485523104667664,-0.1828799992799759,0.0;1.0,0.0,0.0,0.0
0.0;-5.801615135869703,1.8316725341182896,-1.7535511790500218,-1.7129162472225092,-2.9625275780470557,1.1819792986978703,-1.0996726033159325;-0.010864153504371643,-0.1828799992799759,0.0;1.0,0.0,0.0,0.0
0.0;-5.804868760294609,1.8300666705149615,-1.7548038251093845,-1.7017284413207827,-2.9631270925392488,1.1742486847450995,-1.1008761348772245;-0.007242754101753235,-0.1828799992799759,0.0;1.0,0.0,0.0,0.0
0.0;-5.808180401147439,1.8284486700288194,-1.756047165500016,-1.6904771399388292,-2.9637070277065267,1.1665153037005722,-1.1020864942747584;-0.0036213845014572144,-0.1828799992799759,0.0;1.0,0.0,0.0,0.0
0.0;-5.8115499945873434,1.826818516098258,-1.7572812548198868,-1.6791612749489468,-2.964267416087937,1.1587781019359127,-1.1033039377820102;0.0,-0.1828799992799759,0.0;1.0,0.0,0.0,0.0
0.0;-5.80799151605075,1.8266402402132402,-1.758017773168509,-1.6761448527524379,-2.964818254365574,1.153758313315969,-1.103736338556211;0.0,-0.17922239005565643,0.0;1.0,0.0,0.0,0.0
0.0;-5.7994420604007635,1.8275080938351806,-1.7576489219797236,-1.6801347387160002,-2.965690910810992,1.1489680944891798,-1.1030830176041204;0.0,-0.17556479573249817,0.0;1.0,0.0,0.0,0.0
0.0;-5.789257773668086,1.8286627175426642,-1.7568203086175913,-1.6860938836487007,-2.9670068309687867,1.1439604059266837,-1.101850023975729;0.0,-0.1719071865081787,0.0;1.0,0.0,0.0,0.0
0.0;-5.780260167975456,1.8295035124822663,-1.7563958344290542,-1.6905756784335608,-2.9684809625599082,1.1395771572328788,-1.1007445728806309;0.0,-0.16824959218502045,0.0;1.0,0.0,0.0,0.0
0.0;-5.772467069520147,1.830042833284961,-1.7562326264872095,-1.6938058771370472,-2.969922963441746,1.13552580683151,-1.099781821146554;0.0,-0.164591982960701,0.0;1.0,0.0,0.0,0.0
0.0;-5.764616504583999,1.8305649788049896,-1.7560209579504682,-1.6970069064825504,-2.9713871834392793,1.1311636459277432,-1.0988039243637238;0.0,-0.16093438863754272,0.0;1.0,0.0,0.0,0.0
0.0;-5.756159267030769,1.831198296601092,-1.7556952342376233,-1.700676866730709,-2.972941993910025,1.1263491606698186,-1.0977675704943641;0.0,-0.15727677941322327,0.0;1.0,0.0,0.0,0.0
0.0;-5.7474391369584445,1.8318716732852138,-1.7553249899675096,-1.7045296882780934,-2.974542321646166,1.1214198399693793,-1.0966950488679859;0.0,-0.153619185090065,0.0;1.0,0.0,0.0,0.0
0.0;-5.7388919207526525,1.832502164513805,-1.7549839122810127,-1.7081993794864692,-2.976134088655926,1.116640243582488,-1.0956318940878214;0.0,-0.14996159076690674,0.0;1.0,0.0,0.0,0.0
0.0;-5.730557367702804,1.8330830985421773,-1.7546828679660795,-1.7116419214441758,-2.9777236073475533,1.1119437628217235,-1.0945961189083702;0.0,-0.14630398154258728,0.0;1.0,0.0,0.0,0.0
0.0;-5.722249417173455,1.8336416170152963,-1.7543878727876363,-1.714985922668275,-2.979339029865006,1.1071514619688518,-1.0935673991858108;0.0,-0.14264638721942902,0.0;1.0,0.0,0.0,0.0
0.0;-5.71386720385759,1.8341938854625073,-1.7540784612298685,-1.7183026076951793,-2.9809915346915536,1.102205057311291,-1.0925302209207897;0.0,-0.13898879289627075,0.0;1.0,0.0,0.0,0.0
0.0;-5.70545400729222,1.8347362488584111,-1.7537631599894103,-1.7215658095330955,-2.982671939093619,1.09716630382622,-1.091490253330219;0.0,-0.1353311836719513,0.0;1.0,0.0,0.0,0.0
0.0;-5.697078096591034,1.835258859680128,-1.7534544430333472,-1.7247325765776915,-2.984368051781651,1.092096255053875,-1.090456286484139;0.0,-0.13167358934879303,0.0;1.0,0.0,0.0,0.0
0.0;-5.68875040148213,1.8357590887316382,-1.7531534271217177,-1.7277966946445669,-2.9860784282637076,1.0869950968773683,-1.0894293241362216;0.0,-0.12801599502563477,0.0;1.0,0.0,0.0,0.0
0.0;-5.680443813315977,1.8362403619307648,-1.752855099038089,-1.730775186391802,-2.987808945412156,1.0818333437728522,-1.0884060241941678;0.0,-0.12435838580131531,0.0;1.0,0.0,0.0,0.0
0.0;-5.672141210639797,1.8367049053952802,-1.7525565364508253,-1.7336780404812018,-2.989563136371726,1.0765967610584604,-1.087384064097688;0.0,-0.12070079147815704,0.0;1.0,0.0,0.0,0.0
0.0;-5.663848251984904,1.8371518218309244,-1.7522586740228188,-1.73650140303217,-2.9913397876717176,1.0712931327284205,-1.0863638160301603;0.0,-0.11704318970441818,0.0;1.0,0.0,0.0,0.0
0.0;-5.655576368300801,1.8375795325831332,-1.75196337484223,-1.7392388052052439,-2.993136608701573,1.0659335786797088,-1.0853466350561758;0.0,-0.11338558793067932,0.0;1.0,0.0,0.0,0.0
0.0;-5.6473287053920656,1.8379875170443727,-1.7516709828745223,-1.7418891602931976,-2.9949530151808164,1.0605202007285228,-1.084332892664397;0.0,-0.10972798615694046,0.0;1.0,0.0,0.0,0.0
0.0;-5.639101840627503,1.83837604204837,-1.7513806547644655,-1.7444549824058972,-2.9967897852623318,1.0550491822390815,-1.083322006864585;0.0,-0.10607039928436279,0.0;1.0,0.0,0.0,0.0
0.0;-5.630893232248654,1.8387452519732488,-1.7510917754420903,-1.7469378527318509,-2.998647571928881,1.0495181784026457,-1.0823134761075142;0.0,-0.10241279751062393,0.0;1.0,0.0,0.0,0.0
0.0;-5.6227039348354655,1.839094842635896,-1.750804388063517,-1.749337239187888,-3.0005262935810655,1.0439283802710904,-1.0813072772219139;0.0,-0.09875519573688507,0.0;1.0,0.0,0.0,0.0
0.0;-5.614536261082717,1.839424359461031,-1.7505187278222025,-1.7516520660346087,-3.0024255566274056,1.0382820003529547,-1.080303570635918;0.0,-0.09509759396314621,0.0;1.0,0.0,0.0,0.0
0.0;-5.606391429171691,1.839733497652321,-1.7502347993349174,-1.7538820176202221,-3.0043451686797193,1.032580063532353,-1.0793023887839126;0.0,-0.09143999963998795,0.0;1.0,0.0,0.0,0.0
0.0;-5.598269534660097,1.8400220889040275,-1.749952402294136,-1.7560273867715654,-3.006285177709641,1.0268225424851856,-1.0783036182540435;0.0,-0.08778240531682968,0.0;1.0,0.0,0.0,0.0
0.0;-5.59017066768486,1.8402899540134605,-1.7496713394219723,-1.7580883962803604,-3.008245647326703,1.0210094703344954,-1.0773071365917215;0.0,-0.08412480354309082,0.0;1.0,0.0,0.0,0.0
0.0;-5.582095469652534,1.840536843002475,-1.7493915077500253,-1.7600649497226515,-3.0102265292276082,1.0151414244915395,-1.0763128919833884;0.0,-0.08046720176935196,0.0;1.0,0.0,0.0,0.0
0.0;-5.574044850612978,1.8407624760227805,-1.7491128461317555,-1.761956830635603,-3.0122277066760925,1.0092192296155023,-1.0753208763719233;0.0,-0.0768095999956131,0.0;1.0,0.0,0.0,0.0
0.0;-5.5660196073057095,1.8409665903621069,-1.748835259089089,-1.7637639209775595,-3.0142490763807377,1.0032435800584996,-1.0743310724341457;0.0,-0.07315200567245483,0.0;1.0,0.0,0.0,0.0
0.0;-5.558020347023557,1.8411489447603457,-1.7485586109512066,-1.7654862048995958,-3.0162905690212987,0.9972149947651469,-1.0733434424513584;0.0,-0.06949441134929657,0.0;1.0,0.0,0.0,0.0
0.0;-5.550047626130082,1.8413092999367235,-1.748282755418047,-1.7671236779875974,-3.0183521242020963,0.9911339592411923,-1.072357945916152;0.0,-0.06583679467439651,0.0;1.0,0.0,0.0,0.0
0.0;-5.54210213870115,1.8414474033695822,-1.7480075460987838,-1.7686762977295118,-3.0204336593548917,0.9850010572106233,-1.071374555789572;0.0,-0.06217920035123825,0.0;1.0,0.0,0.0,0.0
0.0;-5.534184616933716,1.841562995397207,-1.7477328538653227,-1.7701439771030723,-3.022535068034897,0.9788169523858802,-1.0703932628682982;0.0,-0.05852160602807999,0.0;1.0,0.0,0.0,0.0
0.0;-5.5262957779423205,1.8416558188153505,-1.7474585351797962,-1.7715266572932176,-3.024656242478159,0.9725822811769639,-1.0694140597975055;0.0,-0.05486401170492172,0.0;1.0,0.0,0.0,0.0
0.0;-5.518436288428971,1.8417256207412267,-1.7471844304817101,-1.7728243059037787,-3.0267970807132114,0.9662976343539516,-1.0684369371100446;0.0,-0.051206402480602264,0.0;1.0,0.0,0.0,0.0
0.0;-5.510606847585866,1.8417721467191408,-1.7469103680137303,-1.7740368969094211,-3.0289574758128612,0.9599636137171847,-1.067461890050911;0.0,-0.0475488044321537,0.0;1.0,0.0,0.0,0.0
0.0;-5.5028081717627995,1.8417951391492549,-1.7466361808785373,-1.775164384274783,-3.031137306872441,0.9535808627732439,-1.0664889255501968;0.0,-0.04389121010899544,0.0;1.0,0.0,0.0,0.0
0.0;-5.495040968246826,1.8417943403236592,-1.7463616966336282,-1.7762067275090516,-3.033336447241709,0.9471500231397251,-1.0655180565191873;0.0,-0.04023360460996628,0.0;1.0,0.0,0.0,0.0
0.0;-5.48730596463532,1.8417694925686101,-1.7460867268096725,-1.7771639027549389,-3.035554766372017,0.9406717320271298,-1.064549299080029;0.0,-0.036576010286808014,0.0;1.0,0.0,0.0,0.0
0.0;-5.479603858932365,1.841720339380441,-1.7458110829864986,-1.778035880490245,-3.0377921283769607,0.934146628898342,-1.0635826771345018;0.0,-0.032918401062488556,0.0;1.0,0.0,0.0,0.0
0.0;-5.471935385466909,1.8416466230193376,-1.7455345627230747,-1.7788226446687294,-3.040048390806894,0.9275753601369044,-1.062618220157877;0.0,-0.029260804876685143,0.0;1.0,0.0,0.0,0.0
0.0;-5.464301256699663,1.8415480863238711,-1.7452569643542433,-1.7795241704012132,-3.042323403054889,0.9209585825707598,-1.061655966341334;0.0,-0.025603197515010834,0.0;1.0,0.0,0.0,0.0
0.0;-5.45670221215879,1.8414244720646298,-1.7449780723635884,-1.7801404478249188,-3.0446170085163375,0.9142969547714301,-1.0606959597386147;0.0,-0.02194560319185257,0.0;1.0,0.0,0.0,0.0
0.0;-5.449138958664445,1.8412755247261618,-1.7446976702480381,-1.7806714624962612,-3.046929044935649,0.907591133601919,-1.0597382522374619;0.0,-0.01828799396753311,0.0;1.0,0.0,0.0,0.0
0.0;-5.441612235962347,1.8411009885711596,-1.7444155259408858,-1.7811172163947848,-3.049259344307135,0.9008417773630437,-1.058782901370468;0.0,-0.014630399644374847,0.0;1.0,0.0,0.0,0.0
0.0;-5.434122752766943,1.8409006095778164,-1.7441314089073265,-1.7814777019495742,-3.0516077311210243,0.8940495499875319,-1.0578299741623935;0.0,-0.01097279042005539,0.0;1.0,0.0,0.0,0.0
0.0;-5.426671250895671,1.840674133839851,-1.7438450732108666,-1.7817529288759513,-3.05397402357856,0.8872151166298221,-1.056879543874182;0.0,-0.007315196096897125,0.0;1.0,0.0,0.0,0.0
0.0;-5.419258454552968,1.8404213093415143,-1.7435562723998914,-1.781942899886232,-3.056358030799997,0.8803391530060098,-1.0559316936496992;0.0,-0.003657601773738861,0.0;1.0,0.0,0.0,0.0
0.0;-5.411885074342806,1.840141886361979,-1.7432647507484789,-1.7820476281308488,-3.058759558366312,0.8734223194944425,-1.0549865133098393;0.0,0.0,0.0;1.0,0.0,0.0,0.0
