0.0;0.0,0.0,0.0;1.0,0.0,0.0,0.0
0.02;-4.656612873077393e-10,-1.9713825167855248e-06,0.0;1.0,0.0,0.0,0.0
0.04;-4.190951585769653e-09,-8.74303441378288e-06,0.0;1.0,0.0,0.0,0.0
0.06;-1.4202669262886047e-08,-2.1181467673159204e-05,0.0;1.0,0.0,0.0,0.0
0.08;-3.4458935260772705e-08,-3.8862955989316106e-05,0.0;1.0,0.0,0.0,0.0
0.1;-6.845220923423767e-08,-6.004577880958095e-05,0.0;1.0,0.0,0.0,0.0
0.12;-1.2048985809087753e-07,-8.278043242171407e-05,0.0;1.0,0.0,0.0,0.0
0.14;-1.9476283341646194e-07,-0.00011094749061157927,0.0;1.0,0.0,0.0,0.0
0.16;-2.9604416340589523e-07,-0.00014720953186042607,0.0;1.0,0.0,0.0,0.0
0.18;-4.289904609322548e-07,-0.00018628752150107175,0.0;1.0,0.0,0.0,0.0
0.2;-5.988404154777527e-07,-0.0002300949563505128,0.0;1.0,0.0,0.0,0.0
0.22;-8.109491318464279e-07,-0.00027846137527376413,0.0;1.0,0.0,0.0,0.0
0.24;-1.0710209608078003e-06,-0.00033144716871902347,0.0;1.0,0.0,0.0,0.0
0.26;-1.3846438378095627e-06,-0.0003890627413056791,0.0;1.0,0.0,0.0,0.0
0.28;-1.7581041902303696e-06,-0.0004512976738624275,0.0;1.0,0.0,0.0,0.0
0.3;-2.1975720301270485e-06,-0.0005181519663892686,0.0;1.0,0.0,0.0,0.0
0.32;-2.709450200200081e-06,-0.0005896360380575061,0.0;1.0,0.0,0.0,0.0
0.34;-3.300141543149948e-06,-0.0006657604244537652,0.0;1.0,0.0,0.0,0.0
0.36;-3.9763981476426125e-06,-0.0007465145899914205,0.0;1.0,0.0,0.0,0.0
0.38;-4.744972102344036e-06,-0.0008319092448800802,0.0;1.0,0.0,0.0,0.0
0.4;-5.612499080598354e-06,-0.00092192308511585,0.0;1.0,0.0,0.0,0.0
0.42;-6.5856147557497025e-06,-0.0010165981948375702,0.0;1.0,0.0,0.0,0.0
0.44;-7.670954801142216e-06,-0.0011159032583236694,0.0;1.0,0.0,0.0,0.0
0.46;-8.875038474798203e-06,-0.0012198381591588259,0.0;1.0,0.0,0.0,0.0
0.48;-1.0204152204096317e-05,-0.0013284446904435754,0.0;1.0,0.0,0.0,0.0
0.5;-1.1664233170449734e-05,-0.0014416708145290613,0.0;1.0,0.0,0.0,0.0
0.52;-1.3261218555271626e-05,-0.0015595685690641403,0.0;1.0,0.0,0.0,0.0
0.54;-1.5000463463366032e-05,-0.001682106638327241,0.0;1.0,0.0,0.0,0.0
0.56;-1.688697375357151e-05,-0.0018092954996973276,0.0;1.0,0.0,0.0,0.0
0.58;-1.8925522454082966e-05,-0.001941145397722721,0.0;1.0,0.0,0.0,0.0
0.6;-2.1120300516486168e-05,-0.0020776535384356976,0.0;1.0,0.0,0.0,0.0
0.62;-2.3474800400435925e-05,-0.0022187959402799606,0.0;1.0,0.0,0.0,0.0
0.64;-2.5992398150265217e-05,-0.0023645861074328423,0.0;1.0,0.0,0.0,0.0
0.66;-2.8675654903054237e-05,-0.0025150578003376722,0.0;1.0,0.0,0.0,0.0
0.68;-3.15267825499177e-05,-0.0026701693423092365,0.0;1.0,0.0,0.0,0.0
0.7;-3.454729449003935e-05,-0.00282997265458107,0.0;1.0,0.0,0.0,0.0
0.72;-3.773823846131563e-05,-0.002994411624968052,0.0;1.0,0.0,0.0,0.0
0.74;-4.110019654035568e-05,-0.0031635232735425234,0.0;1.0,0.0,0.0,0.0
0.76;-4.463305231183767e-05,-0.0033373087644577026,0.0;1.0,0.0,0.0,0.0
0.78;-4.833657294511795e-05,-0.003515796735882759,0.0;1.0,0.0,0.0,0.0
0.8;-5.2209594286978245e-05,-0.003698934568092227,0.0;1.0,0.0,0.0,0.0
0.82;-5.625095218420029e-05,-0.00388672249391675,0.0;1.0,0.0,0.0,0.0
0.84;-6.045890040695667e-05,-0.0040792194195091724,0.0;1.0,0.0,0.0,0.0
0.86;-6.483111064881086e-05,-0.004276330582797527,0.0;1.0,0.0,0.0,0.0
0.88;-6.936548743396997e-05,-0.0044781239703297615,0.0;1.0,0.0,0.0,0.0
0.9;-7.405912037938833e-05,-0.004684586077928543,0.0;1.0,0.0,0.0,0.0
0.92;-7.890898268669844e-05,-0.004895729944109917,0.0;1.0,0.0,0.0,0.0
0.94;-8.391216397285461e-05,-0.005111552309244871,0.0;1.0,0.0,0.0,0.0
0.96;-8.906505536288023e-05,-0.005332045257091522,0.0;1.0,0.0,0.0,0.0
0.98;-9.43642808124423e-05,-0.005557249300181866,0.0;1.0,0.0,0.0,0.0
1.0;-0.00010019226465374231,-0.005787122994661331,0.0;1.0,0.0,0.0,0.0
1.02;-0.0001070518046617508,-0.006021698471158743,0.0;1.0,0.0,0.0,0.0
1.04;-0.00011509435717016459,-0.006260912865400314,0.0;1.0,0.0,0.0,0.0
1.06;-0.00012438616249710321,-0.006504738237708807,0.0;1.0,0.0,0.0,0.0
1.08;-0.00013484538067132235,-0.006753252353519201,0.0;1.0,0.0,0.0,0.0
1.1;-0.00014623370952904224,-0.007006456144154072,0.0;1.0,0.0,0.0,0.0
1.12;-0.0001582251861691475,-0.007264346815645695,0.0;1.0,0.0,0.0,0.0
1.14;-0.00017050467431545258,-0.007526957895606756,0.0;1.0,0.0,0.0,0.0
1.16;-0.00018282979726791382,-0.007794247940182686,0.0;1.0,0.0,0.0,0.0
1.18;-0.00019541115034371614,-0.008066214621067047,0.0;1.0,0.0,0.0,0.0
1.2;-0.00020875444170087576,-0.008342837914824486,0.0;1.0,0.0,0.0,0.0
1.22;-0.00022309203632175922,-0.00862402468919754,0.0;1.0,0.0,0.0,0.0
1.24;-0.00023846363183110952,-0.008909938856959343,0.0;1.0,0.0,0.0,0.0
1.26;-0.0002546486211940646,-0.00920052733272314,0.0;1.0,0.0,0.0,0.0
1.28;-0.00027132430113852024,-0.009495801292359829,0.0;1.0,0.0,0.0,0.0
1.3;-0.00028845469933003187,-0.00979579333215952,0.0;1.0,0.0,0.0,0.0
1.32;-0.00030640873592346907,-0.010100459679961205,0.0;1.0,0.0,0.0,0.0
1.34;-0.00032540911342948675,-0.010409772396087646,0.0;1.0,0.0,0.0,0.0
1.36;-0.00034534104634076357,-0.010723614133894444,0.0;1.0,0.0,0.0,0.0
1.38;-0.0003658357309177518,-0.011042126454412937,0.0;1.0,0.0,0.0,0.0
1.4;-0.00038661330472677946,-0.011365377344191074,0.0;1.0,0.0,0.0,0.0
1.42;-0.0004081203369423747,-0.011693296022713184,0.0;1.0,0.0,0.0,0.0
1.44;-0.00043106626253575087,-0.012025948613882065,0.0;1.0,0.0,0.0,0.0
1.46;-0.00045547669287770987,-0.012363234534859657,0.0;1.0,0.0,0.0,0.0
1.48;-0.00048151949886232615,-0.012704974971711636,0.0;1.0,0.0,0.0,0.0
1.5;-0.0005095883971080184,-0.013051414862275124,0.0;1.0,0.0,0.0,0.0
1.52;-0.0005381660303100944,-0.013402502983808517,0.0;1.0,0.0,0.0,0.0
1.54;-0.0005661776522174478,-0.013758319430053234,0.0;1.0,0.0,0.0,0.0
1.56;-0.0005946954479441047,-0.014118804596364498,0.0;1.0,0.0,0.0,0.0
1.58;-0.0006252910243347287,-0.014483964070677757,0.0;1.0,0.0,0.0,0.0
1.6;-0.000658714328892529,-0.014853430911898613,0.0;1.0,0.0,0.0,0.0
1.62;-0.000693938578478992,-0.015227637253701687,0.0;1.0,0.0,0.0,0.0
1.64;-0.0007286224281415343,-0.015606537461280823,0.0;1.0,0.0,0.0,0.0
1.66;-0.0007643246790394187,-0.01599014364182949,0.0;1.0,0.0,0.0,0.0
1.68;-0.0008011547615751624,-0.016378404572606087,0.0;1.0,0.0,0.0,0.0
1.7;-0.0008399261860176921,-0.016771038994193077,0.0;1.0,0.0,0.0,0.0
1.72;-0.0008810170693323016,-0.017168216407299042,0.0;1.0,0.0,0.0,0.0
1.74;-0.0009235729230567813,-0.01757011003792286,0.0;1.0,0.0,0.0,0.0
1.76;-0.0009654749883338809,-0.017976664006710052,0.0;1.0,0.0,0.0,0.0
1.78;-0.001009180094115436,-0.018387915566563606,0.0;1.0,0.0,0.0,0.0
1.8;-0.0010561476228758693,-0.01880350522696972,0.0;1.0,0.0,0.0,0.0
1.82;-0.001105143572203815,-0.019223563373088837,0.0;1.0,0.0,0.0,0.0
1.84;-0.0011548748007044196,-0.019648311659693718,0.0;1.0,0.0,0.0,0.0
1.86;-0.0012051527155563235,-0.02007773146033287,0.0;1.0,0.0,0.0,0.0
1.88;-0.001256118412129581,-0.020511826500296593,0.0;1.0,0.0,0.0,0.0
1.9;-0.0013117826310917735,-0.020950082689523697,0.0;1.0,0.0,0.0,0.0
1.92;-0.0013691367348656058,-0.021392887458205223,0.0;1.0,0.0,0.0,0.0
1.94;-0.0014270985266193748,-0.021840380504727364,0.0;1.0,0.0,0.0,0.0
1.96;-0.001485661487095058,-0.02229251340031624,0.0;1.0,0.0,0.0,0.0
1.98;-0.0015462202718481421,-0.022749125957489014,0.0;1.0,0.0,0.0,0.0
2.0;-0.0016116531332954764,-0.023209884762763977,0.0;1.0,0.0,0.0,0.0
2.02;-0.0016777421114966273,-0.023675259202718735,0.0;1.0,0.0,0.0,0.0
2.04;-0.0017444941913709044,-0.024145308881998062,0.0;1.0,0.0,0.0,0.0
2.06;-0.001812091446481645,-0.02462000958621502,0.0;1.0,0.0,0.0,0.0
2.08;-0.001885142526589334,-0.025098660960793495,0.0;1.0,0.0,0.0,0.0
2.1;-0.0019598151557147503,-0.02558182366192341,0.0;1.0,0.0,0.0,0.0
2.12;-0.0020352057181298733,-0.026069635525345802,0.0;1.0,0.0,0.0,0.0
2.14;-0.002111318986862898,-0.026562120765447617,0.0;1.0,0.0,0.0,0.0
2.16;-0.0021923240274190903,-0.0270585585385561,0.0;1.0,0.0,0.0,0.0
2.18;-0.002276026178151369,-0.027559343725442886,0.0;1.0,0.0,0.0,0.0
2.2;-0.0023605073802173138,-0.028064792975783348,0.0;1.0,0.0,0.0,0.0
2.22;-0.0024457634426653385,-0.028574880212545395,0.0;1.0,0.0,0.0,0.0
2.24;-0.002535909414291382,-0.02908886969089508,0.0;1.0,0.0,0.0,0.0
2.26;-0.0026290896348655224,-0.029607122763991356,0.0;1.0,0.0,0.0,0.0
2.28;-0.0027230954729020596,-0.030129970982670784,0.0;1.0,0.0,0.0,0.0
2.3;-0.002817962784320116,-0.030657481402158737,0.0;1.0,0.0,0.0,0.0
2.32;-0.0029185819439589977,-0.031188687309622765,0.0;1.0,0.0,0.0,0.0
2.34;-0.0030216826125979424,-0.031724218279123306,0.0;1.0,0.0,0.0,0.0
2.36;-0.00312567176297307,-0.03226436674594879,0.0;1.0,0.0,0.0,0.0
2.38;-0.0032308618538081646,-0.032809048891067505,0.0;1.0,0.0,0.0,0.0
2.4;-0.0033430359326303005,-0.0333571583032608,0.0;1.0,0.0,0.0,0.0
2.42;-0.003456501290202141,-0.033909786492586136,0.0;1.0,0.0,0.0,0.0
2.44;-0.00357090774923563,-0.034467004239559174,0.0;1.0,0.0,0.0,0.0
2.46;-0.0036886599846184254,-0.03502831608057022,0.0;1.0,0.0,0.0,0.0
2.48;-0.003811910282820463,-0.03559325262904167,0.0;1.0,0.0,0.0,0.0
2.5;-0.003936158027499914,-0.03616275265812874,0.0;1.0,0.0,0.0,0.0
2.52;-0.004061456304043531,-0.03673682361841202,0.0;1.0,0.0,0.0,0.0
2.54;-0.0041933669708669186,-0.03731423243880272,0.0;1.0,0.0,0.0,0.0
2.56;-0.004327768925577402,-0.03789587691426277,0.0;1.0,0.0,0.0,0.0
2.58;-0.004463231191039085,-0.03848210722208023,0.0;1.0,0.0,0.0,0.0
2.6;-0.004602340515702963,-0.03907224163413048,0.0;1.0,0.0,0.0,0.0
2.62;-0.004747203551232815,-0.03966584429144859,0.0;1.0,0.0,0.0,0.0
2.64;-0.004893175791949034,-0.04026399180293083,0.0;1.0,0.0,0.0,0.0
2.66;-0.00504058413207531,-0.040866583585739136,0.0;1.0,0.0,0.0,0.0
2.68;-0.005195898469537497,-0.041472043842077255,0.0;1.0,0.0,0.0,0.0
2.7;-0.005352683365345001,-0.04208191856741905,0.0;1.0,0.0,0.0,0.0
2.72;-0.005510639399290085,-0.04269634932279587,0.0;1.0,0.0,0.0,0.0
2.74;-0.005675266496837139,-0.04331379756331444,0.0;1.0,0.0,0.0,0.0
2.76;-0.005843175575137138,-0.043935246765613556,0.0;1.0,0.0,0.0,0.0
2.78;-0.006012300960719585,-0.04456119239330292,0.0;1.0,0.0,0.0,0.0
2.8;-0.006186742801219225,-0.04519050568342209,0.0;1.0,0.0,0.0,0.0
2.82;-0.006366073619574308,-0.045823320746421814,0.0;1.0,0.0,0.0,0.0
2.84;-0.006546657998114824,-0.04646056517958641,0.0;1.0,0.0,0.0,0.0
2.86;-0.006731708068400621,-0.04710140824317932,0.0;1.0,0.0,0.0,0.0
2.88;-0.006922751199454069,-0.047745365649461746,0.0;1.0,0.0,0.0,0.0
2.9;-0.007115101907402277,-0.04839374125003815,0.0;1.0,0.0,0.0,0.0
2.92;-0.007311553228646517,-0.049045782536268234,0.0;1.0,0.0,0.0,0.0
2.94;-0.007514588069170713,-0.04970063641667366,0.0;1.0,0.0,0.0,0.0
2.96;-0.007719016168266535,-0.050359971821308136,0.0;1.0,0.0,0.0,0.0
2.98;-0.00792763289064169,-0.051022790372371674,0.0;1.0,0.0,0.0,0.0
3.0;-0.00814297329634428,-0.05168839171528816,0.0;1.0,0.0,0.0,0.0
3.02;-0.008359734900295734,-0.05235838145017624,0.0;1.0,0.0,0.0,0.0
3.04;-0.008581317961215973,-0.053031664341688156,0.0;1.0,0.0,0.0,0.0
3.06;-0.008809239603579044,-0.05370774492621422,0.0;1.0,0.0,0.0,0.0
3.08;-0.009038630872964859,-0.05438818037509918,0.0;1.0,0.0,0.0,0.0
3.1;-0.009273945353925228,-0.05507152900099754,0.0;1.0,0.0,0.0,0.0
3.12;-0.00951472669839859,-0.05575784295797348,0.0;1.0,0.0,0.0,0.0
3.14;-0.009757029823958874,-0.05644848942756653,0.0;1.0,0.0,0.0,0.0
3.16;-0.010006813332438469,-0.057141415774822235,0.0;1.0,0.0,0.0,0.0
3.18;-0.010260744020342827,-0.05783774331212044,0.0;1.0,0.0,0.0,0.0
3.2;-0.01051642931997776,-0.05853831768035889,0.0;1.0,0.0,0.0,0.0
3.22;-0.010781249962747097,-0.0592404343187809,0.0;1.0,0.0,0.0,0.0
3.24;-0.011048592627048492,-0.059946492314338684,0.0;1.0,0.0,0.0,0.0
3.26;-0.011319160461425781,-0.06065625697374344,0.0;1.0,0.0,0.0,0.0
3.28;-0.011598525568842888,-0.06136756017804146,0.0;1.0,0.0,0.0,0.0
3.3;-0.011879571713507175,-0.06208314001560211,0.0;1.0,0.0,0.0,0.0
3.32;-0.012166651897132397,-0.06280126422643661,0.0;1.0,0.0,0.0,0.0
3.34;-0.012459938414394855,-0.06352183222770691,0.0;1.0,0.0,0.0,0.0
3.36;-0.012754980474710464,-0.06424663215875626,0.0;1.0,0.0,0.0,0.0
3.38;-0.013059250079095364,-0.06497254967689514,0.0;1.0,0.0,0.0,0.0
3.4;-0.013366724364459515,-0.06570213288068771,0.0;1.0,0.0,0.0,0.0
3.42;-0.013678104616701603,-0.06643499433994293,0.0;1.0,0.0,0.0,0.0
3.44;-0.013998178765177727,-0.06716910004615784,0.0;1.0,0.0,0.0,0.0
3.46;-0.014320064336061478,-0.06790737807750702,0.0;1.0,0.0,0.0,0.0
3.48;-0.014649871736764908,-0.06864716112613678,0.0;1.0,0.0,0.0,0.0
3.5;-0.014984548091888428,-0.06938973814249039,0.0;1.0,0.0,0.0,0.0
3.52;-0.01532236859202385,-0.07013595104217529,0.0;1.0,0.0,0.0,0.0
3.54;-0.015669990330934525,-0.07088262587785721,0.0;1.0,0.0,0.0,0.0
3.56;-0.016019519418478012,-0.07163341343402863,0.0;1.0,0.0,0.0,0.0
3.58;-0.016376879066228867,-0.07238554209470749,0.0;1.0,0.0,0.0,0.0
3.6;-0.01673952303826809,-0.07314016669988632,0.0;1.0,0.0,0.0,0.0
3.62;-0.01710575260221958,-0.0738980770111084,0.0;1.0,0.0,0.0,0.0
3.64;-0.017481660470366478,-0.07465634495019913,0.0;1.0,0.0,0.0,0.0
3.66;-0.0178595669567585,-0.0754186362028122,0.0;1.0,0.0,0.0,0.0
3.68;-0.01824645884335041,-0.07618150860071182,0.0;1.0,0.0,0.0,0.0
3.7;-0.01863778755068779,-0.0769471600651741,0.0;1.0,0.0,0.0,0.0
3.72;-0.01903441734611988,-0.0777151957154274,0.0;1.0,0.0,0.0,0.0
3.74;-0.01943928562104702,-0.0784839391708374,0.0;1.0,0.0,0.0,0.0
3.76;-0.01984654925763607,-0.079256571829319,0.0;1.0,0.0,0.0,0.0
3.78;-0.020264578983187675,-0.08002854138612747,0.0;1.0,0.0,0.0,0.0
3.8;-0.020685287192463875,-0.08080416172742844,0.0;1.0,0.0,0.0,0.0
3.82;-0.021114138886332512,-0.08158046007156372,0.0;1.0,0.0,0.0,0.0
3.84;-0.021548693999648094,-0.08235868811607361,0.0;1.0,0.0,0.0,0.0
3.86;-0.02198842726647854,-0.08313912898302078,0.0;1.0,0.0,0.0,0.0
3.88;-0.022436954081058502,-0.08391976356506348,0.0;1.0,0.0,0.0,0.0
3.9;-0.022888097912073135,-0.08470402657985687,0.0;1.0,0.0,0.0,0.0
3.92;-0.02335052751004696,-0.08548683673143387,0.0;1.0,0.0,0.0,0.0
3.94;-0.02381538785994053,-0.0862734243273735,0.0;1.0,0.0,0.0,0.0
3.96;-0.024289892986416817,-0.08705942332744598,0.0;1.0,0.0,0.0,0.0
3.98;-0.024768991395831108,-0.08784785866737366,0.0;1.0,0.0,0.0,0.0
4.0;-0.025255482643842697,-0.08863695710897446,0.0;1.0,0.0,0.0,0.0
4.02;-0.025748910382390022,-0.08942695707082748,0.0;1.0,0.0,0.0,0.0
4.04;-0.02624770998954773,-0.09021881967782974,0.0;1.0,0.0,0.0,0.0
4.06;-0.026755623519420624,-0.0910102054476738,0.0;1.0,0.0,0.0,0.0
4.08;-0.027267036959528923,-0.09180450439453125,0.0;1.0,0.0,0.0,0.0
4.1;-0.027789462357759476,-0.09259688854217529,0.0;1.0,0.0,0.0,0.0
4.12;-0.028314538300037384,-0.09339284151792526,0.0;1.0,0.0,0.0,0.0
4.14;-0.028850937262177467,-0.09418655931949615,0.0;1.0,0.0,0.0,0.0
4.16;-0.0293904896825552,-0.09498339146375656,0.0;1.0,0.0,0.0,0.0
4.18;-0.02994035929441452,-0.09577849507331848,0.0;1.0,0.0,0.0,0.0
4.2;-0.030494682490825653,-0.09657585620880127,0.0;1.0,0.0,0.0,0.0
4.22;-0.03105812892317772,-0.09737219661474228,0.0;1.0,0.0,0.0,0.0
4.24;-0.03162727504968643,-0.09816978871822357,0.0;1.0,0.0,0.0,0.0
4.26;-0.0322045236825943,-0.09896696358919144,0.0;1.0,0.0,0.0,0.0
4.28;-0.032788604497909546,-0.09976458549499512,0.0;1.0,0.0,0.0,0.0
4.3;-0.03337991610169411,-0.10056222975254059,0.0;1.0,0.0,0.0,0.0
4.32;-0.03397897630929947,-0.10135960578918457,0.0;1.0,0.0,0.0,0.0
4.34;-0.03458458185195923,-0.1021573394536972,0.0;1.0,0.0,0.0,0.0
4.36;-0.035198651254177094,-0.10295416414737701,0.0;1.0,0.0,0.0,0.0
4.38;-0.03581881895661354,-0.10375162214040756,0.0;1.0,0.0,0.0,0.0
4.4;-0.03644796833395958,-0.1045476421713829,0.0;1.0,0.0,0.0,0.0
4.42;-0.0370829738676548,-0.1053445115685463,0.0;1.0,0.0,0.0,0.0
4.44;-0.037727240473032,-0.10613942891359329,0.0;1.0,0.0,0.0,0.0
4.46;-0.03837725892663002,-0.10693525522947311,0.0;1.0,0.0,0.0,0.0
4.48;-0.03903671354055405,-0.10772883892059326,0.0;1.0,0.0,0.0,0.0
4.5;-0.03970193490386009,-0.1085231751203537,0.0;1.0,0.0,0.0,0.0
4.52;-0.040376607328653336,-0.10931511968374252,0.0;1.0,0.0,0.0,0.0
4.54;-0.04105726256966591,-0.11010758578777313,0.0;1.0,0.0,0.0,0.0
4.56;-0.04174723103642464,-0.11089767515659332,0.0;1.0,0.0,0.0,0.0
4.58;-0.04244350641965866,-0.11168784648180008,0.0;1.0,0.0,0.0,0.0
4.6;-0.04314875602722168,-0.11247571557760239,0.0;1.0,0.0,0.0,0.0
4.62;-0.04386086016893387,-0.11326320469379425,0.0;1.0,0.0,0.0,0.0
4.64;-0.04458146542310715,-0.11404863744974136,0.0;1.0,0.0,0.0,0.0
4.66;-0.045309510082006454,-0.11483289301395416,0.0;1.0,0.0,0.0,0.0
4.68;-0.046045489609241486,-0.11561558395624161,0.0;1.0,0.0,0.0,0.0
4.7;-0.04678969830274582,-0.11639627069234848,0.0;1.0,0.0,0.0,0.0
4.72;-0.047541093081235886,-0.11717590689659119,0.0;1.0,0.0,0.0,0.0
4.74;-0.04830162227153778,-0.11795254051685333,0.0;1.0,0.0,0.0,0.0
4.76;-0.049068450927734375,-0.11872886121273041,0.0;1.0,0.0,0.0,0.0
4.78;-0.049845412373542786,-0.11950094997882843,0.0;1.0,0.0,0.0,0.0
4.8;-0.05062767490744591,-0.1202736422419548,0.0;1.0,0.0,0.0,0.0
4.82;-0.051421232521533966,-0.12104076892137527,0.0;1.0,0.0,0.0,0.0
4.84;-0.05221926048398018,-0.1218092143535614,0.0;1.0,0.0,0.0,0.0
4.86;-0.053029146045446396,-0.12257123738527298,0.0;1.0,0.0,0.0,0.0
4.88;-0.053843773901462555,-0.12333429604768753,0.0;1.0,0.0,0.0,0.0
4.9;-0.05466924235224724,-0.12409164011478424,0.0;1.0,0.0,0.0,0.0
4.92;-0.05550072342157364,-0.12484855949878693,0.0;1.0,0.0,0.0,0.0
4.94;-0.05634157732129097,-0.12560121715068817,0.0;1.0,0.0,0.0,0.0
4.96;-0.05718998983502388,-0.1263515204191208,0.0;1.0,0.0,0.0,0.0
4.98;-0.05804620683193207,-0.12709926068782806,0.0;1.0,0.0,0.0,0.0
5.0;-0.05891169235110283,-0.12784257531166077,0.0;1.0,0.0,0.0,0.0
5.02;-0.059783224016427994,-0.12858502566814423,0.0;1.0,0.0,0.0,0.0
5.04;-0.06066571921110153,-0.12932075560092926,0.0;1.0,0.0,0.0,0.0
5.06;-0.06155325099825859,-0.13005688786506653,0.0;1.0,0.0,0.0,0.0
5.08;-0.06245217099785805,-0.13078545033931732,0.0;1.0,0.0,0.0,0.0
5.1;-0.06335686892271042,-0.1315132975578308,0.0;1.0,0.0,0.0,0.0
5.12;-0.06427103281021118,-0.1322358399629593,0.0;1.0,0.0,0.0,0.0
5.14;-0.06519297510385513,-0.132954940199852,0.0;1.0,0.0,0.0,0.0
5.16;-0.06612229347229004,-0.1336711198091507,0.0;1.0,0.0,0.0,0.0
5.18;-0.06706145405769348,-0.13438096642494202,0.0;1.0,0.0,0.0,0.0
5.2;-0.06800616532564163,-0.13509008288383484,0.0;1.0,0.0,0.0,0.0
5.22;-0.06896226853132248,-0.13579058647155762,0.0;1.0,0.0,0.0,0.0
5.24;-0.06992415338754654,-0.13648997247219086,0.0;1.0,0.0,0.0,0.0
5.26;-0.07089542597532272,-0.1371830552816391,0.0;1.0,0.0,0.0,0.0
5.28;-0.07187456637620926,-0.1378718912601471,0.0;1.0,0.0,0.0,0.0
5.3;-0.07286083698272705,-0.1385575383901596,0.0;1.0,0.0,0.0,0.0
5.32;-0.07385722547769547,-0.13923528790473938,0.0;1.0,0.0,0.0,0.0
5.34;-0.07485934346914291,-0.1399117410182953,0.0;1.0,0.0,0.0,0.0
5.36;-0.07587198913097382,-0.14057938754558563,0.0;1.0,0.0,0.0,0.0
5.38;-0.07689135521650314,-0.14124397933483124,0.0;1.0,0.0,0.0,0.0
5.4;-0.07791872322559357,-0.141903355717659,0.0;1.0,0.0,0.0,0.0
5.42;-0.07895523309707642,-0.1425555795431137,0.0;1.0,0.0,0.0,0.0
5.44;-0.07999763637781143,-0.14320585131645203,0.0;1.0,0.0,0.0,0.0
5.46;-0.0810508206486702,-0.14384585618972778,0.0;1.0,0.0,0.0,0.0
5.48;-0.08211022615432739,-0.1444830298423767,0.0;1.0,0.0,0.0,0.0
5.5;-0.0831778421998024,-0.1451139748096466,0.0;1.0,0.0,0.0,0.0
5.52;-0.08425423502922058,-0.14573757350444794,0.0;1.0,0.0,0.0,0.0
5.54;-0.0853366106748581,-0.14635854959487915,0.0;1.0,0.0,0.0,0.0
5.56;-0.0864294096827507,-0.1469687521457672,0.0;1.0,0.0,0.0,0.0
5.58;-0.0875285342335701,-0.14757536351680756,0.0;1.0,0.0,0.0,0.0
5.6;-0.08863545954227448,-0.14817577600479126,0.0;1.0,0.0,0.0,0.0
5.62;-0.08975133299827576,-0.1487675905227661,0.0;1.0,0.0,0.0,0.0
5.64;-0.09087320417165756,-0.14935609698295593,0.0;1.0,0.0,0.0,0.0
5.66;-0.09200461953878403,-0.14993436634540558,0.0;1.0,0.0,0.0,0.0
5.68;-0.09314293414354324,-0.15050722658634186,0.0;1.0,0.0,0.0,0.0
5.7;-0.09428801387548447,-0.15107488632202148,0.0;1.0,0.0,0.0,0.0
5.72;-0.09544272720813751,-0.15163162350654602,0.0;1.0,0.0,0.0,0.0
5.74;-0.0966033786535263,-0.152184396982193,0.0;1.0,0.0,0.0,0.0
5.76;-0.0977722704410553,-0.1527285873889923,0.0;1.0,0.0,0.0,0.0
5.78;-0.09894894808530807,-0.1532643735408783,0.0;1.0,0.0,0.0,0.0
5.8;-0.10013172775506973,-0.15379583835601807,0.0;1.0,0.0,0.0,0.0
5.82;-0.10132372379302979,-0.1543155461549759,0.0;1.0,0.0,0.0,0.0
5.84;-0.10252230614423752,-0.1548292487859726,0.0;1.0,0.0,0.0,0.0
5.86;-0.10372737795114517,-0.15533706545829773,0.0;1.0,0.0,0.0,0.0
5.88;-0.10494154691696167,-0.15583260357379913,0.0;1.0,0.0,0.0,0.0
5.9;-0.10616163164377213,-0.15632300078868866,0.0;1.0,0.0,0.0,0.0
5.92;-0.10738901048898697,-0.15680505335330963,0.0;1.0,0.0,0.0,0.0
5.94;-0.10862430930137634,-0.15727642178535461,0.0;1.0,0.0,0.0,0.0
5.96;-0.10986555367708206,-0.1577424257993698,0.0;1.0,0.0,0.0,0.0
5.98;-0.11111447215080261,-0.15819786489009857,0.0;1.0,0.0,0.0,0.0
6.0;-0.11237053573131561,-0.15864409506320953,0.0;1.0,0.0,0.0,0.0
6.02;-0.1136324480175972,-0.1590845137834549,0.0;1.0,0.0,0.0,0.0
6.04;-0.1149023100733757,-0.15951263904571533,0.0;1.0,0.0,0.0,0.0
6.06;-0.11617863178253174,-0.15993259847164154,0.0;1.0,0.0,0.0,0.0
6.08;-0.11746065318584442,-0.16034631431102753,0.0;1.0,0.0,0.0,0.0
6.1;-0.11875072866678238,-0.16074632108211517,0.0;1.0,0.0,0.0,0.0
6.12;-0.1200467124581337,-0.1611388623714447,0.0;1.0,0.0,0.0,0.0
6.14;-0.12134847790002823,-0.1615244746208191,0.0;1.0,0.0,0.0,0.0
6.16;-0.12265796959400177,-0.1618959605693817,0.0;1.0,0.0,0.0,0.0
6.18;-0.12397308647632599,-0.1622600108385086,0.0;1.0,0.0,0.0,0.0
6.2;-0.12529394030570984,-0.16261644661426544,0.0;1.0,0.0,0.0,0.0
6.22;-0.1266220062971115,-0.1629585325717926,0.0;1.0,0.0,0.0,0.0
6.24;-0.1279555857181549,-0.16329294443130493,0.0;1.0,0.0,0.0,0.0
6.26;-0.12929478287696838,-0.16361933946609497,0.0;1.0,0.0,0.0,0.0
6.28;-0.13064086437225342,-0.16393104195594788,0.0;1.0,0.0,0.0,0.0
6.3;-0.13199225068092346,-0.1642347276210785,0.0;1.0,0.0,0.0,0.0
6.32;-0.1333489716053009,-0.1645301729440689,0.0;1.0,0.0,0.0,0.0
6.34;-0.1347123086452484,-0.16481053829193115,0.0;1.0,0.0,0.0,0.0
6.36;-0.13608074188232422,-0.16508232057094574,0.0;1.0,0.0,0.0,0.0
6.38;-0.13745418190956116,-0.1653459370136261,0.0;1.0,0.0,0.0,0.0
6.4;-0.1388339251279831,-0.16559399664402008,0.0;1.0,0.0,0.0,0.0
6.42;-0.1402186006307602,-0.16583286225795746,0.0;1.0,0.0,0.0,0.0
6.44;-0.14160801470279694,-0.16606317460536957,0.0;1.0,0.0,0.0,0.0
6.46;-0.1430031806230545,-0.16627880930900574,0.0;1.0,0.0,0.0,0.0
6.48;-0.14440323412418365,-0.1664838194847107,0.0;1.0,0.0,0.0,0.0
6.5;-0.14580777287483215,-0.16667993366718292,0.0;1.0,0.0,0.0,0.0
6.52;-0.14721748232841492,-0.16686251759529114,0.0;1.0,0.0,0.0,0.0
6.54;-0.14863194525241852,-0.16703270375728607,0.0;1.0,0.0,0.0,0.0
6.56;-0.15005069971084595,-0.1671936959028244,0.0;1.0,0.0,0.0,0.0
6.58;-0.1514740288257599,-0.1673426777124405,0.0;1.0,0.0,0.0,0.0
6.6;-0.15290194749832153,-0.16747713088989258,0.0;1.0,0.0,0.0,0.0
6.62;-0.15433388948440552,-0.1676020324230194,0.0;1.0,0.0,0.0,0.0
6.64;-0.15576998889446259,-0.16771651804447174,0.0;1.0,0.0,0.0,0.0
6.66;-0.15721042454242706,-0.1678146868944168,0.0;1.0,0.0,0.0,0.0
6.68;-0.15865454077720642,-0.1679026037454605,0.0;1.0,0.0,0.0,0.0
6.7;-0.16010235249996185,-0.16798049211502075,0.0;1.0,0.0,0.0,0.0
6.72;-0.16155409812927246,-0.16804297268390656,0.0;1.0,0.0,0.0,0.0
6.74;-0.16300934553146362,-0.16810351610183716,0.0;1.0,0.0,0.0,0.0
6.76;-0.1644679754972458,-0.16813261806964874,0.0;1.0,0.0,0.0,0.0
6.78;-0.16593000292778015,-0.16813188791275024,0.0;1.0,0.0,0.0,0.0
6.8;-0.1673952341079712,-0.16812916100025177,0.0;1.0,0.0,0.0,0.0
6.82;-0.16886350512504578,-0.1681235432624817,0.0;1.0,0.0,0.0,0.0
6.84;-0.17033478617668152,-0.16811391711235046,0.0;1.0,0.0,0.0,0.0
6.86;-0.1718088537454605,-0.1680987924337387,0.0;1.0,0.0,0.0,0.0
6.88;-0.1732856035232544,-0.16807633638381958,0.0;1.0,0.0,0.0,0.0
6.9;-0.17476491630077362,-0.1680440455675125,0.0;1.0,0.0,0.0,0.0
6.92;-0.176246777176857,-0.16798026859760284,0.0;1.0,0.0,0.0,0.0
6.94;-0.17773061990737915,-0.16790035367012024,0.0;1.0,0.0,0.0,0.0
6.96;-0.1792169213294983,-0.16780908405780792,0.0;1.0,0.0,0.0,0.0
6.98;-0.1807052195072174,-0.1677064299583435,0.0;1.0,0.0,0.0,0.0
7.0;-0.18219532072544098,-0.1675872802734375,0.0;1.0,0.0,0.0,0.0
7.02;-0.18368706107139587,-0.1674545854330063,0.0;1.0,0.0,0.0,0.0
7.04;-0.18518060445785522,-0.1673102080821991,0.0;1.0,0.0,0.0,0.0
7.06;-0.1866758018732071,-0.16715334355831146,0.0;1.0,0.0,0.0,0.0
7.08;-0.18817183375358582,-0.16697894036769867,0.0;1.0,0.0,0.0,0.0
7.1;-0.18966920673847198,-0.16679228842258453,0.0;1.0,0.0,0.0,0.0
7.12;-0.19116786122322083,-0.16659364104270935,0.0;1.0,0.0,0.0,0.0
7.14;-0.19266730546951294,-0.16638068854808807,0.0;1.0,0.0,0.0,0.0
7.16;-0.1941671222448349,-0.16615116596221924,0.0;1.0,0.0,0.0,0.0
7.18;-0.1956678330898285,-0.16590942442417145,0.0;1.0,0.0,0.0,0.0
7.2;-0.19716918468475342,-0.16565535962581635,0.0;1.0,0.0,0.0,0.0
7.22;-0.1986706703901291,-0.1653853952884674,0.0;1.0,0.0,0.0,0.0
7.24;-0.20017194747924805,-0.16509999334812164,0.0;1.0,0.0,0.0,0.0
7.26;-0.2016734927892685,-0.16480202972888947,0.0;1.0,0.0,0.0,0.0
7.28;-0.20317520201206207,-0.16449148952960968,0.0;1.0,0.0,0.0,0.0
7.3;-0.20467610657215118,-0.16416403651237488,0.0;1.0,0.0,0.0,0.0
7.32;-0.20617632567882538,-0.16382183134555817,0.0;1.0,0.0,0.0,0.0
7.34;-0.2076762616634369,-0.16346684098243713,0.0;1.0,0.0,0.0,0.0
7.36;-0.20917582511901855,-0.1630990356206894,0.0;1.0,0.0,0.0,0.0
7.38;-0.21067360043525696,-0.16271397471427917,0.0;1.0,0.0,0.0,0.0
7.4;-0.2121702879667282,-0.1623142957687378,0.0;1.0,0.0,0.0,0.0
7.42;-0.21366611123085022,-0.16190168261528015,0.0;1.0,0.0,0.0,0.0
7.44;-0.21516087651252747,-0.16147612035274506,0.0;1.0,0.0,0.0,0.0
7.46;-0.21665328741073608,-0.16103336215019226,0.0;1.0,0.0,0.0,0.0
7.48;-0.21814371645450592,-0.1605757474899292,0.0;1.0,0.0,0.0,0.0
7.5;-0.21963275969028473,-0.16010501980781555,0.0;1.0,0.0,0.0,0.0
7.52;-0.2211201786994934,-0.15962113440036774,0.0;1.0,0.0,0.0,0.0
7.54;-0.2226046472787857,-0.15912069380283356,0.0;1.0,0.0,0.0,0.0
7.56;-0.22408631443977356,-0.15860465168952942,0.0;1.0,0.0,0.0,0.0
7.58;-0.2255658209323883,-0.15807539224624634,0.0;1.0,0.0,0.0,0.0
7.6;-0.22704315185546875,-0.15753276646137238,0.0;1.0,0.0,0.0,0.0
7.62;-0.22851720452308655,-0.1569746434688568,0.0;1.0,0.0,0.0,0.0
7.64;-0.22998732328414917,-0.15639977157115936,0.0;1.0,0.0,0.0,0.0
7.66;-0.23145461082458496,-0.15581154823303223,0.0;1.0,0.0,0.0,0.0
7.68;-0.23291902244091034,-0.15520988404750824,0.0;1.0,0.0,0.0,0.0
7.7;-0.23438005149364471,-0.15459392964839935,0.0;1.0,0.0,0.0,0.0
7.72;-0.23583577573299408,-0.15396016836166382,0.0;1.0,0.0,0.0,0.0
7.74;-0.2372879981994629,-0.1533128321170807,0.0;1.0,0.0,0.0,0.0
7.76;-0.23873667418956757,-0.15265199542045593,0.0;1.0,0.0,0.0,0.0
7.78;-0.24018153548240662,-0.1519777476787567,0.0;1.0,0.0,0.0,0.0
7.8;-0.2416207641363144,-0.15128609538078308,0.0;1.0,0.0,0.0,0.0
7.82;-0.24305517971515656,-0.1505797803401947,0.0;1.0,0.0,0.0,0.0
7.84;-0.2444853037595749,-0.14986000955104828,0.0;1.0,0.0,0.0,0.0
7.86;-0.24591107666492462,-0.149126797914505,0.0;1.0,0.0,0.0,0.0
7.88;-0.24733151495456696,-0.14837870001792908,0.0;1.0,0.0,0.0,0.0
7.9;-0.24874530732631683,-0.14761365950107574,0.0;1.0,0.0,0.0,0.0
7.92;-0.25015416741371155,-0.14683523774147034,0.0;1.0,0.0,0.0,0.0
7.94;-0.251557856798172,-0.14604341983795166,0.0;1.0,0.0,0.0,0.0
7.96;-0.25295647978782654,-0.14523814618587494,0.0;1.0,0.0,0.0,0.0
7.98;-0.2543475031852722,-0.14441606402397156,0.0;1.0,0.0,0.0,0.0
8.0;-0.2557321786880493,-0.143579363822937,0.0;1.0,0.0,0.0,0.0
8.02;-0.2571110427379608,-0.14272929728031158,0.0;1.0,0.0,0.0,0.0
8.04;-0.25848400592803955,-0.14186592400074005,0.0;1.0,0.0,0.0,0.0
8.06;-0.2598504424095154,-0.1409885585308075,0.0;1.0,0.0,0.0,0.0
8.08;-0.2612082064151764,-0.14009428024291992,0.0;1.0,0.0,0.0,0.0
8.1;-0.2625592350959778,-0.13918650150299072,0.0;1.0,0.0,0.0,0.0
8.12;-0.2639036178588867,-0.1382654905319214,0.0;1.0,0.0,0.0,0.0
8.14;-0.26524123549461365,-0.1373312771320343,0.0;1.0,0.0,0.0,0.0
8.16;-0.26657089591026306,-0.13638246059417725,0.0;1.0,0.0,0.0,0.0
8.18;-0.2678912878036499,-0.13541772961616516,0.0;1.0,0.0,0.0,0.0
8.2;-0.26920440793037415,-0.13443996012210846,0.0;1.0,0.0,0.0,0.0
8.22;-0.2705099582672119,-0.1334492564201355,0.0;1.0,0.0,0.0,0.0
8.24;-0.2718079388141632,-0.1324455887079239,0.0;1.0,0.0,0.0,0.0
8.26;-0.2730966806411743,-0.13142699003219604,0.0;1.0,0.0,0.0,0.0
8.28;-0.27437564730644226,-0.1303936094045639,0.0;1.0,0.0,0.0,0.0
8.3;-0.27564650774002075,-0.12934747338294983,0.0;1.0,0.0,0.0,0.0
8.32;-0.2769090533256531,-0.1282886415719986,0.0;1.0,0.0,0.0,0.0
8.34;-0.27816325426101685,-0.12721708416938782,0.0;1.0,0.0,0.0,0.0
8.36;-0.27940693497657776,-0.12613101303577423,0.0;1.0,0.0,0.0,0.0
8.38;-0.28064024448394775,-0.12503063678741455,0.0;1.0,0.0,0.0,0.0
8.4;-0.2818646728992462,-0.12391774356365204,0.0;1.0,0.0,0.0,0.0
8.42;-0.2830798923969269,-0.122792549431324,0.0;1.0,0.0,0.0,0.0
8.44;-0.28428584337234497,-0.12165499478578568,0.0;1.0,0.0,0.0,0.0
8.46;-0.2854805886745453,-0.12050354480743408,0.0;1.0,0.0,0.0,0.0
8.48;-0.2866639196872711,-0.11933799833059311,0.0;1.0,0.0,0.0,0.0
8.5;-0.2878374457359314,-0.11816038936376572,0.0;1.0,0.0,0.0,0.0
8.52;-0.289000928401947,-0.11697083711624146,0.0;1.0,0.0,0.0,0.0
8.54;-0.290154367685318,-0.11576928198337555,0.0;1.0,0.0,0.0,0.0
8.56;-0.2912963926792145,-0.11455480009317398,0.0;1.0,0.0,0.0,0.0
8.58;-0.29242563247680664,-0.11332634091377258,0.0;1.0,0.0,0.0,0.0
8.6;-0.293544203042984,-0.11208630353212357,0.0;1.0,0.0,0.0,0.0
8.62;-0.2946520149707794,-0.11083485186100006,0.0;1.0,0.0,0.0,0.0
8.64;-0.29574906826019287,-0.10957185924053192,0.0;1.0,0.0,0.0,0.0
8.66;-0.2968344986438751,-0.1082971915602684,0.0;1.0,0.0,0.0,0.0
8.68;-0.29790595173835754,-0.10700884461402893,0.0;1.0,0.0,0.0,0.0
8.7;-0.29896581172943115,-0.10570922493934631,0.0;1.0,0.0,0.0,0.0
8.72;-0.3000141680240631,-0.10439861565828323,0.0;1.0,0.0,0.0,0.0
8.74;-0.30105096101760864,-0.10307715088129044,0.0;1.0,0.0,0.0,0.0
8.76;-0.30207598209381104,-0.1017448753118515,0.0;1.0,0.0,0.0,0.0
8.78;-0.30308642983436584,-0.1003999337553978,0.0;1.0,0.0,0.0,0.0
8.8;-0.30408361554145813,-0.09904373437166214,0.0;1.0,0.0,0.0,0.0
8.82;-0.305068701505661,-0.09767705202102661,0.0;1.0,0.0,0.0,0.0
8.84;-0.3060414493083954,-0.09630001336336136,0.0;1.0,0.0,0.0,0.0
8.86;-0.30700168013572693,-0.09491278976202011,0.0;1.0,0.0,0.0,0.0
8.88;-0.3079482913017273,-0.0935148075222969,0.0;1.0,0.0,0.0,0.0
8.9;-0.30887922644615173,-0.09210498631000519,0.0;1.0,0.0,0.0,0.0
8.92;-0.3097972273826599,-0.09068538248538971,0.0;1.0,0.0,0.0,0.0
8.94;-0.31070220470428467,-0.08925604820251465,0.0;1.0,0.0,0.0,0.0
8.96;-0.3115939795970917,-0.08781721442937851,0.0;1.0,0.0,0.0,0.0
8.98;-0.31247252225875854,-0.08636897057294846,0.0;1.0,0.0,0.0,0.0
9.0;-0.3133348226547241,-0.08490981161594391,0.0;1.0,0.0,0.0,0.0
9.02;-0.3141825497150421,-0.08344092220067978,0.0;1.0,0.0,0.0,0.0
9.04;-0.31501659750938416,-0.08196301758289337,0.0;1.0,0.0,0.0,0.0
9.06;-0.31583693623542786,-0.08047625422477722,0.0;1.0,0.0,0.0,0.0
9.08;-0.31664329767227173,-0.07898100465536118,0.0;1.0,0.0,0.0,0.0
9.1;-0.31743523478507996,-0.07747668772935867,0.0;1.0,0.0,0.0,0.0
9.12;-0.31820985674858093,-0.07596252113580704,0.0;1.0,0.0,0.0,0.0
9.14;-0.3189699351787567,-0.07444001734256744,0.0;1.0,0.0,0.0,0.0
9.16;-0.3197157680988312,-0.07290937751531601,0.0;1.0,0.0,0.0,0.0
9.18;-0.3204471170902252,-0.07137078791856766,0.0;1.0,0.0,0.0,0.0
9.2;-0.3211638927459717,-0.06982450932264328,0.0;1.0,0.0,0.0,0.0
9.22;-0.3218645453453064,-0.06826985627412796,0.0;1.0,0.0,0.0,0.0
9.24;-0.3225478231906891,-0.06670669466257095,0.0;1.0,0.0,0.0,0.0
9.26;-0.3232162296772003,-0.06513617932796478,0.0;1.0,0.0,0.0,0.0
9.28;-0.3238695561885834,-0.06355850398540497,0.0;1.0,0.0,0.0,0.0
9.3;-0.3245077133178711,-0.061973944306373596,0.0;1.0,0.0,0.0,0.0
9.32;-0.3251307010650635,-0.06038251891732216,0.0;1.0,0.0,0.0,0.0
9.34;-0.3257361352443695,-0.058783598244190216,0.0;1.0,0.0,0.0,0.0
9.36;-0.3263244032859802,-0.05717754364013672,0.0;1.0,0.0,0.0,0.0
9.38;-0.3268972635269165,-0.055565208196640015,0.0;1.0,0.0,0.0,0.0
9.4;-0.3274546265602112,-0.05394678935408592,0.0;1.0,0.0,0.0,0.0
9.42;-0.32799631357192993,-0.05232240632176399,0.0;1.0,0.0,0.0,0.0
9.44;-0.32852238416671753,-0.050692155957221985,0.0;1.0,0.0,0.0,0.0
9.46;-0.3290298581123352,-0.049055520445108414,0.0;1.0,0.0,0.0,0.0
9.48;-0.3295202851295471,-0.04741301387548447,0.0;1.0,0.0,0.0,0.0
9.5;-0.3299947679042816,-0.04576537013053894,0.0;1.0,0.0,0.0,0.0
9.52;-0.3304533064365387,-0.044112738221883774,0.0;1.0,0.0,0.0,0.0
9.54;-0.3308957815170288,-0.04245512932538986,0.0;1.0,0.0,0.0,0.0
9.56;-0.33132204413414,-0.04079273343086243,0.0;1.0,0.0,0.0,0.0
9.58;-0.3317292034626007,-0.03912515938282013,0.0;1.0,0.0,0.0,0.0
9.6;-0.33211901783943176,-0.03745301067829132,0.0;1.0,0.0,0.0,0.0
9.62;-0.3324924409389496,-0.035776760429143906,0.0;1.0,0.0,0.0,0.0
9.64;-0.33284956216812134,-0.03409651294350624,0.0;1.0,0.0,0.0,0.0
9.66;-0.33319026231765747,-0.03241242468357086,0.0;1.0,0.0,0.0,0.0
9.68;-0.33351415395736694,-0.03072476014494896,0.0;1.0,0.0,0.0,0.0
9.7;-0.3338184952735901,-0.029033152386546135,0.0;1.0,0.0,0.0,0.0
9.72;-0.33410534262657166,-0.027338113635778427,0.0;1.0,0.0,0.0,0.0
9.74;-0.3343755900859833,-0.025639977306127548,0.0;1.0,0.0,0.0,0.0
9.76;-0.33462920784950256,-0.02393910475075245,0.0;1.0,0.0,0.0,0.0
9.78;-0.33486610651016235,-0.022235607728362083,0.0;1.0,0.0,0.0,0.0
9.8;-0.3350861668586731,-0.02052956633269787,0.0;1.0,0.0,0.0,0.0
9.82;-0.3352864384651184,-0.01882079802453518,0.0;1.0,0.0,0.0,0.0
9.84;-0.33546900749206543,-0.017109975218772888,0.0;1.0,0.0,0.0,0.0
9.86;-0.33563482761383057,-0.015397331677377224,0.0;1.0,0.0,0.0,0.0
9.88;-0.33578380942344666,-0.013683025725185871,0.0;1.0,0.0,0.0,0.0
9.9;-0.3359159827232361,-0.011967244558036327,0.0;1.0,0.0,0.0,0.0
9.92;-0.3360311686992645,-0.0102499695494771,0.0;1.0,0.0,0.0,0.0
9.94;-0.336126446723938,-0.00853143259882927,0.0;1.0,0.0,0.0,0.0
9.96;-0.33620381355285645,-0.006812059786170721,0.0;1.0,0.0,0.0,0.0
9.98;-0.33626434206962585,-0.005091940052807331,0.0;1.0,0.0,0.0,0.0
10.0;-0.33626407384872437,-0.0033712710719555616,0.0;1.0,0.0,0.0,0.0
10.02;-0.3362625539302826,-0.0016503767110407352,0.0;1.0,0.0,0.0,0.0
10.04;-0.3362588882446289,7.088125130394474e-05,0.0;1.0,0.0,0.0,0.0
10.06;-0.33625221252441406,0.0017919715028256178,0.0;1.0,0.0,0.0,0.0
10.08;-0.33624136447906494,0.003512717317789793,0.0;1.0,0.0,0.0,0.0
10.1;-0.33622440695762634,0.005233047995716333,0.0;1.0,0.0,0.0,0.0
10.12;-0.33619749546051025,0.0069528077729046345,0.0;1.0,0.0,0.0,0.0
10.14;-0.33611834049224854,0.008671633899211884,0.0;1.0,0.0,0.0,0.0
10.16;-0.33602219820022583,0.010389553382992744,0.0;1.0,0.0,0.0,0.0
10.18;-0.3359062075614929,0.012105980888009071,0.0;1.0,0.0,0.0,0.0
10.2;-0.335772305727005,0.013820836320519447,0.0;1.0,0.0,0.0,0.0
10.22;-0.33562159538269043,0.01553428452461958,0.0;1.0,0.0,0.0,0.0
10.24;-0.33545416593551636,0.017245836555957794,0.0;1.0,0.0,0.0,0.0
10.26;-0.335269957780838,0.018955172970891,0.0;1.0,0.0,0.0,0.0
10.28;-0.335068941116333,0.0206627044826746,0.0;1.0,0.0,0.0,0.0
10.3;-0.33484822511672974,0.022367313504219055,0.0;1.0,0.0,0.0,0.0
10.32;-0.33460986614227295,0.024069083854556084,0.0;1.0,0.0,0.0,0.0
10.34;-0.33435481786727905,0.025768257677555084,0.0;1.0,0.0,0.0,0.0
10.36;-0.3340831696987152,0.027464592829346657,0.0;1.0,0.0,0.0,0.0
10.38;-0.33379504084587097,0.029157442972064018,0.0;1.0,0.0,0.0,0.0
10.4;-0.33349016308784485,0.030847208574414253,0.0;1.0,0.0,0.0,0.0
10.42;-0.33316585421562195,0.032532788813114166,0.0;1.0,0.0,0.0,0.0
10.44;-0.33282408118247986,0.034214433282613754,0.0;1.0,0.0,0.0,0.0
10.46;-0.33246588706970215,0.035892147570848465,0.0;1.0,0.0,0.0,0.0
10.48;-0.332091361284256,0.03756601735949516,0.0;1.0,0.0,0.0,0.0
10.5;-0.3317006528377533,0.039235588163137436,0.0;1.0,0.0,0.0,0.0
10.52;-0.3312934637069702,0.040900640189647675,0.0;1.0,0.0,0.0,0.0
10.54;-0.3308671712875366,0.042560115456581116,0.0;1.0,0.0,0.0,0.0
10.56;-0.3304239511489868,0.04421481862664223,0.0;1.0,0.0,0.0,0.0
10.58;-0.32996487617492676,0.045864541083574295,0.0;1.0,0.0,0.0,0.0
10.6;-0.32948988676071167,0.04750907048583031,0.0;1.0,0.0,0.0,0.0
10.62;-0.3289991617202759,0.049148187041282654,0.0;1.0,0.0,0.0,0.0
10.64;-0.32849228382110596,0.05078169330954552,0.0;1.0,0.0,0.0,0.0
10.66;-0.3279663920402527,0.05240865424275398,0.0;1.0,0.0,0.0,0.0
10.68;-0.3274245858192444,0.05402949079871178,0.0;1.0,0.0,0.0,0.0
10.7;-0.32686731219291687,0.05564427375793457,0.0;1.0,0.0,0.0,0.0
10.72;-0.3262946307659149,0.057252995669841766,0.0;1.0,0.0,0.0,0.0
10.74;-0.32570669054985046,0.058855146169662476,0.0;1.0,0.0,0.0,0.0
10.76;-0.3251025378704071,0.060450661927461624,0.0;1.0,0.0,0.0,0.0
10.78;-0.32447996735572815,0.062038250267505646,0.0;1.0,0.0,0.0,0.0
10.8;-0.32384243607521057,0.06361877173185349,0.0;1.0,0.0,0.0,0.0
10.82;-0.3231898546218872,0.06519240140914917,0.0;1.0,0.0,0.0,0.0
10.84;-0.32252237200737,0.06675877422094345,0.0;1.0,0.0,0.0,0.0
10.86;-0.32184022665023804,0.06831764429807663,0.0;1.0,0.0,0.0,0.0
10.88;-0.3211413323879242,0.06986840069293976,0.0;1.0,0.0,0.0,0.0
10.9;-0.320425808429718,0.0714104175567627,0.0;1.0,0.0,0.0,0.0
10.92;-0.3196958899497986,0.07294458895921707,0.0;1.0,0.0,0.0,0.0
10.94;-0.31895166635513306,0.07447076588869095,0.0;1.0,0.0,0.0,0.0
10.96;-0.318193256855011,0.07598882913589478,0.0;1.0,0.0,0.0,0.0
10.98;-0.3174205720424652,0.07749853283166885,0.0;1.0,0.0,0.0,0.0
11.0;-0.31663084030151367,0.07899840921163559,0.0;1.0,0.0,0.0,0.0
11.02;-0.31582656502723694,0.08048917353153229,0.0;1.0,0.0,0.0,0.0
11.04;-0.31500858068466187,0.081971175968647,0.0;1.0,0.0,0.0,0.0
11.06;-0.3141769766807556,0.08344443142414093,0.0;1.0,0.0,0.0,0.0
11.08;-0.31333181262016296,0.08490870893001556,0.0;1.0,0.0,0.0,0.0
11.1;-0.3124723434448242,0.0863630622625351,0.0;1.0,0.0,0.0,0.0
11.12;-0.3115967810153961,0.08780649304389954,0.0;1.0,0.0,0.0,0.0
11.14;-0.3107079267501831,0.08924069255590439,0.0;1.0,0.0,0.0,0.0
11.16;-0.30980628728866577,0.0906650722026825,0.0;1.0,0.0,0.0,0.0
11.18;-0.3088916838169098,0.09207988530397415,0.0;1.0,0.0,0.0,0.0
11.2;-0.30796414613723755,0.09348487854003906,0.0;1.0,0.0,0.0,0.0
11.22;-0.3070211112499237,0.09487789869308472,0.0;1.0,0.0,0.0,0.0
11.24;-0.3060647249221802,0.09626032412052155,0.0;1.0,0.0,0.0,0.0
11.26;-0.30509617924690247,0.09763232618570328,0.0;1.0,0.0,0.0,0.0
11.28;-0.304115355014801,0.09899420291185379,0.0;1.0,0.0,0.0,0.0
11.3;-0.30312246084213257,0.10034576058387756,0.0;1.0,0.0,0.0,0.0
11.32;-0.3021160066127777,0.10168538987636566,0.0;1.0,0.0,0.0,0.0
11.34;-0.30109575390815735,0.10301283001899719,0.0;1.0,0.0,0.0,0.0
11.36;-0.3000638484954834,0.10432960093021393,0.0;1.0,0.0,0.0,0.0
11.38;-0.29902058839797974,0.10563544929027557,0.0;1.0,0.0,0.0,0.0
11.4;-0.2979660928249359,0.10693031549453735,0.0;1.0,0.0,0.0,0.0
11.42;-0.296899676322937,0.10821360349655151,0.0;1.0,0.0,0.0,0.0
11.44;-0.2958192825317383,0.10948322713375092,0.0;1.0,0.0,0.0,0.0
11.46;-0.29472798109054565,0.11074162274599075,0.0;1.0,0.0,0.0,0.0
11.48;-0.29362615942955017,0.11198850721120834,0.0;1.0,0.0,0.0,0.0
11.5;-0.29251372814178467,0.11322403699159622,0.0;1.0,0.0,0.0,0.0
11.52;-0.29139065742492676,0.11444772779941559,0.0;1.0,0.0,0.0,0.0
11.54;-0.290254145860672,0.11565694957971573,0.0;1.0,0.0,0.0,0.0
11.56;-0.28910747170448303,0.11685405671596527,0.0;1.0,0.0,0.0,0.0
11.58;-0.28795090317726135,0.1180393174290657,0.0;1.0,0.0,0.0,0.0
11.6;-0.28678444027900696,0.11921274662017822,0.0;1.0,0.0,0.0,0.0
11.62;-0.2856081426143646,0.12037400901317596,0.0;1.0,0.0,0.0,0.0
11.64;-0.2844194173812866,0.12152007967233658,0.0;1.0,0.0,0.0,0.0
11.66;-0.2832210958003998,0.12265358120203018,0.0;1.0,0.0,0.0,0.0
11.68;-0.2820137143135071,0.12377481907606125,0.0;1.0,0.0,0.0,0.0
11.7;-0.2807972729206085,0.12488384544849396,0.0;1.0,0.0,0.0,0.0
11.72;-0.27957189083099365,0.12598030269145966,0.0;1.0,0.0,0.0,0.0
11.74;-0.2783348262310028,0.12706106901168823,0.0;1.0,0.0,0.0,0.0
11.76;-0.2770892083644867,0.12812894582748413,0.0;1.0,0.0,0.0,0.0
11.78;-0.2758352756500244,0.12918440997600555,0.0;1.0,0.0,0.0,0.0
11.8;-0.27457329630851746,0.1302272379398346,0.0;1.0,0.0,0.0,0.0
11.82;-0.27330294251441956,0.1312568485736847,0.0;1.0,0.0,0.0,0.0
11.84;-0.27202194929122925,0.13227027654647827,0.0;1.0,0.0,0.0,0.0
11.86;-0.27073314785957336,0.13327106833457947,0.0;1.0,0.0,0.0,0.0
11.88;-0.26943719387054443,0.13425888121128082,0.0;1.0,0.0,0.0,0.0
11.9;-0.2681337296962738,0.13523399829864502,0.0;1.0,0.0,0.0,0.0
11.92;-0.26682206988334656,0.13619448244571686,0.0;1.0,0.0,0.0,0.0
11.94;-0.2655014395713806,0.1371394246816635,0.0;1.0,0.0,0.0,0.0
11.96;-0.26417404413223267,0.13807132840156555,0.0;1.0,0.0,0.0,0.0
11.98;-0.26284000277519226,0.13899019360542297,0.0;1.0,0.0,0.0,0.0
12.0;-0.2614995837211609,0.13989593088626862,0.0;1.0,0.0,0.0,0.0
12.02;-0.26015061140060425,0.14078538119792938,0.0;1.0,0.0,0.0,0.0
12.04;-0.2587946653366089,0.14166031777858734,0.0;1.0,0.0,0.0,0.0
12.06;-0.2574327886104584,0.14252214133739471,0.0;1.0,0.0,0.0,0.0
12.08;-0.2560650706291199,0.1433708667755127,0.0;1.0,0.0,0.0,0.0
12.1;-0.2546914219856262,0.14420558512210846,0.0;1.0,0.0,0.0,0.0
12.12;-0.25330987572669983,0.14502307772636414,0.0;1.0,0.0,0.0,0.0
12.14;-0.2519229054450989,0.1458274871110916,0.0;1.0,0.0,0.0,0.0
12.16;-0.2505308985710144,0.14661866426467896,0.0;1.0,0.0,0.0,0.0
12.18;-0.24913398921489716,0.14739663898944855,0.0;1.0,0.0,0.0,0.0
12.2;-0.24773050844669342,0.14815790951251984,0.0;1.0,0.0,0.0,0.0
12.22;-0.24632154405117035,0.14890439808368683,0.0;1.0,0.0,0.0,0.0
12.24;-0.24490812420845032,0.14963769912719727,0.0;1.0,0.0,0.0,0.0
12.26;-0.24349051713943481,0.1503577083349228,0.0;1.0,0.0,0.0,0.0
12.28;-0.2420680969953537,0.15106287598609924,0.0;1.0,0.0,0.0,0.0
12.3;-0.24063986539840698,0.15175123512744904,0.0;1.0,0.0,0.0,0.0
12.32;-0.23920787870883942,0.15242640674114227,0.0;1.0,0.0,0.0,0.0
12.34;-0.23777227103710175,0.15308834612369537,0.0;1.0,0.0,0.0,0.0
12.36;-0.2363329529762268,0.153736874461174,0.0;1.0,0.0,0.0,0.0
12.38;-0.23488840460777283,0.15436699986457825,0.0;1.0,0.0,0.0,0.0
12.4;-0.23344062268733978,0.15498383343219757,0.0;1.0,0.0,0.0,0.0
12.42;-0.231989786028862,0.15558749437332153,0.0;1.0,0.0,0.0,0.0
12.44;-0.23053601384162903,0.15617795288562775,0.0;1.0,0.0,0.0,0.0
12.46;-0.22907789051532745,0.15675073862075806,0.0;1.0,0.0,0.0,0.0
12.48;-0.22761693596839905,0.15730932354927063,0.0;1.0,0.0,0.0,0.0
12.5;-0.22615374624729156,0.15785478055477142,0.0;1.0,0.0,0.0,0.0
12.52;-0.22468824684619904,0.15838730335235596,0.0;1.0,0.0,0.0,0.0
12.54;-0.2232193946838379,0.1589026153087616,0.0;1.0,0.0,0.0,0.0
12.56;-0.22174787521362305,0.15940333902835846,0.0;1.0,0.0,0.0,0.0
12.58;-0.22027522325515747,0.15989096462726593,0.0;1.0,0.0,0.0,0.0
12.6;-0.21880044043064117,0.16036593914031982,0.0;1.0,0.0,0.0,0.0
12.62;-0.21732337772846222,0.16082391142845154,0.0;1.0,0.0,0.0,0.0
12.64;-0.21584437787532806,0.16126714646816254,0.0;1.0,0.0,0.0,0.0
12.66;-0.21436423063278198,0.161697655916214,0.0;1.0,0.0,0.0,0.0
12.68;-0.21288341283798218,0.1621154397726059,0.0;1.0,0.0,0.0,0.0
12.7;-0.21140038967132568,0.16251611709594727,0.0;1.0,0.0,0.0,0.0
12.72;-0.20991641283035278,0.16290242969989777,0.0;1.0,0.0,0.0,0.0
12.74;-0.2084319293498993,0.16327619552612305,0.0;1.0,0.0,0.0,0.0
12.76;-0.20694714784622192,0.16363735496997833,0.0;1.0,0.0,0.0,0.0
12.78;-0.205460786819458,0.16398093104362488,0.0;1.0,0.0,0.0,0.0
12.8;-0.20397429168224335,0.16431094706058502,0.0;1.0,0.0,0.0,0.0
12.82;-0.20248781144618988,0.16462863981723785,0.0;1.0,0.0,0.0,0.0
12.84;-0.20100148022174835,0.16493380069732666,0.0;1.0,0.0,0.0,0.0
12.86;-0.19951438903808594,0.16522036492824554,0.0;1.0,0.0,0.0,0.0
12.88;-0.19802770018577576,0.16549481451511383,0.0;1.0,0.0,0.0,0.0
12.9;-0.1965416818857193,0.16575714945793152,0.0;1.0,0.0,0.0,0.0
12.92;-0.19505617022514343,0.1660054475069046,0.0;1.0,0.0,0.0,0.0
12.94;-0.1935707926750183,0.16623713076114655,0.0;1.0,0.0,0.0,0.0
12.96;-0.19208650290966034,0.16645698249340057,0.0;1.0,0.0,0.0,0.0
12.98;-0.19060343503952026,0.16666506230831146,0.0;1.0,0.0,0.0,0.0
13.0;-0.1891210526227951,0.1668570637702942,0.0;1.0,0.0,0.0,0.0
13.02;-0.18763987720012665,0.16703501343727112,0.0;1.0,0.0,0.0,0.0
13.04;-0.18616004288196564,0.1672014743089676,0.0;1.0,0.0,0.0,0.0
13.06;-0.18468213081359863,0.16735616326332092,0.0;1.0,0.0,0.0,0.0
13.08;-0.18320517241954803,0.16749286651611328,0.0;1.0,0.0,0.0,0.0
13.1;-0.18173028528690338,0.1676182597875595,0.0;1.0,0.0,0.0,0.0
13.12;-0.18025754392147064,0.16773247718811035,0.0;1.0,0.0,0.0,0.0
13.14;-0.17878639698028564,0.16783200204372406,0.0;1.0,0.0,0.0,0.0
13.16;-0.1773175597190857,0.16791702806949615,0.0;1.0,0.0,0.0,0.0
13.18;-0.17585115134716034,0.16799111664295197,0.0;1.0,0.0,0.0,0.0
13.2;-0.17438729107379913,0.16805411875247955,0.0;1.0,0.0,0.0,0.0
13.22;-0.17292582988739014,0.16810910403728485,0.0;1.0,0.0,0.0,0.0
13.24;-0.17146718502044678,0.16813398897647858,0.0;1.0,0.0,0.0,0.0
13.26;-0.17001110315322876,0.16813381016254425,0.0;1.0,0.0,0.0,0.0
13.28;-0.16855807602405548,0.16813242435455322,0.0;1.0,0.0,0.0,0.0
13.3;-0.1671082228422165,0.16812817752361298,0.0;1.0,0.0,0.0,0.0
13.32;-0.1656615138053894,0.16811910271644592,0.0;1.0,0.0,0.0,0.0
13.34;-0.16421803832054138,0.16810335218906403,0.0;1.0,0.0,0.0,0.0
13.36;-0.16277790069580078,0.1680796593427658,0.0;1.0,0.0,0.0,0.0
13.38;-0.16134148836135864,0.1680276095867157,0.0;1.0,0.0,0.0,0.0
13.4;-0.1599086970090866,0.16796566545963287,0.0;1.0,0.0,0.0,0.0
13.42;-0.15847979485988617,0.16788673400878906,0.0;1.0,0.0,0.0,0.0
13.44;-0.15705470740795135,0.1677979826927185,0.0;1.0,0.0,0.0,0.0
13.46;-0.15563347935676575,0.16769976913928986,0.0;1.0,0.0,0.0,0.0
13.48;-0.15421640872955322,0.16758646070957184,0.0;1.0,0.0,0.0,0.0
13.5;-0.15280359983444214,0.16746188700199127,0.0;1.0,0.0,0.0,0.0
13.52;-0.15139508247375488,0.16732823848724365,0.0;1.0,0.0,0.0,0.0
13.54;-0.149990975856781,0.16718126833438873,0.0;1.0,0.0,0.0,0.0
13.56;-0.1485917568206787,0.16702184081077576,0.0;1.0,0.0,0.0,0.0
13.58;-0.1471966654062271,0.1668536514043808,0.0;1.0,0.0,0.0,0.0
13.6;-0.1458064317703247,0.16667355597019196,0.0;1.0,0.0,0.0,0.0
13.62;-0.14442138373851776,0.1664801985025406,0.0;1.0,0.0,0.0,0.0
13.64;-0.14304086565971375,0.1662784367799759,0.0;1.0,0.0,0.0,0.0
13.66;-0.14166544377803802,0.16606588661670685,0.0;1.0,0.0,0.0,0.0
13.68;-0.14029571413993835,0.1658395528793335,0.0;1.0,0.0,0.0,0.0
13.7;-0.13893049955368042,0.16560518741607666,0.0;1.0,0.0,0.0,0.0
13.72;-0.13757070899009705,0.1653607040643692,0.0;1.0,0.0,0.0,0.0
13.74;-0.13621662557125092,0.1651022881269455,0.0;1.0,0.0,0.0,0.0
13.76;-0.13486772775650024,0.16483622789382935,0.0;1.0,0.0,0.0,0.0
13.78;-0.13352414965629578,0.16456037759780884,0.0;1.0,0.0,0.0,0.0
13.8;-0.1321871280670166,0.1642710417509079,0.0;1.0,0.0,0.0,0.0
13.82;-0.13085532188415527,0.16397441923618317,0.0;1.0,0.0,0.0,0.0
13.84;-0.12952899932861328,0.1636679470539093,0.0;1.0,0.0,0.0,0.0
13.86;-0.12820932269096375,0.16334864497184753,0.0;1.0,0.0,0.0,0.0
13.88;-0.12689508497714996,0.1630225032567978,0.0;1.0,0.0,0.0,0.0
13.9;-0.12558725476264954,0.162686288356781,0.0;1.0,0.0,0.0,0.0
13.92;-0.12428583204746246,0.1623382866382599,0.0;1.0,0.0,0.0,0.0
13.94;-0.12298964709043503,0.16198372840881348,0.0;1.0,0.0,0.0,0.0
13.96;-0.12170037627220154,0.16161835193634033,0.0;1.0,0.0,0.0,0.0
13.98;-0.12041774392127991,0.16124270856380463,0.0;1.0,0.0,0.0,0.0
14.0;-0.11914051324129105,0.16086092591285706,0.0;1.0,0.0,0.0,0.0
14.02;-0.11787106096744537,0.16046734154224396,0.0;1.0,0.0,0.0,0.0
14.04;-0.11660762131214142,0.16006514430046082,0.0;1.0,0.0,0.0,0.0
14.06;-0.11534994840621948,0.15965725481510162,0.0;1.0,0.0,0.0,0.0
14.08;-0.11410031467676163,0.15923604369163513,0.0;1.0,0.0,0.0,0.0
14.1;-0.11285670846700668,0.15880846977233887,0.0;1.0,0.0,0.0,0.0
14.12;-0.11161942034959793,0.1583743840456009,0.0;1.0,0.0,0.0,0.0
14.14;-0.11039043217897415,0.15792761743068695,0.0;1.0,0.0,0.0,0.0
14.16;-0.10916713625192642,0.1574757844209671,0.0;1.0,0.0,0.0,0.0
14.18;-0.1079508364200592,0.15701524913311005,0.0;1.0,0.0,0.0,0.0
14.2;-0.10674262791872025,0.1565449833869934,0.0;1.0,0.0,0.0,0.0
14.22;-0.10554006695747375,0.15607000887393951,0.0;1.0,0.0,0.0,0.0
14.24;-0.1043458804488182,0.1555839627981186,0.0;1.0,0.0,0.0,0.0
14.26;-0.10315846651792526,0.15509116649627686,0.0;1.0,0.0,0.0,0.0
14.28;-0.10197719186544418,0.1545933336019516,0.0;1.0,0.0,0.0,0.0
14.3;-0.10080533474683762,0.15408332645893097,0.0;1.0,0.0,0.0,0.0
14.32;-0.09963926672935486,0.1535693109035492,0.0;1.0,0.0,0.0,0.0
14.34;-0.09848096966743469,0.15304726362228394,0.0;1.0,0.0,0.0,0.0
14.36;-0.09733056277036667,0.15251673758029938,0.0;1.0,0.0,0.0,0.0
14.38;-0.09618590772151947,0.15198254585266113,0.0;1.0,0.0,0.0,0.0
14.4;-0.09505099803209305,0.1514371782541275,0.0;1.0,0.0,0.0,0.0
14.42;-0.09392232447862625,0.1508873701095581,0.0;1.0,0.0,0.0,0.0
14.44;-0.0928008109331131,0.15033140778541565,0.0;1.0,0.0,0.0,0.0
14.46;-0.09168823063373566,0.1497664451599121,0.0;1.0,0.0,0.0,0.0
14.48;-0.09058136492967606,0.149198517203331,0.0;1.0,0.0,0.0,0.0
14.5;-0.08948416262865067,0.14862069487571716,0.0;1.0,0.0,0.0,0.0
14.52;-0.08839358389377594,0.14803840219974518,0.0;1.0,0.0,0.0,0.0
14.54;-0.0873103067278862,0.14745080471038818,0.0;1.0,0.0,0.0,0.0
14.56;-0.08623615652322769,0.14685466885566711,0.0;1.0,0.0,0.0,0.0
14.58;-0.08516761660575867,0.1462561935186386,0.0;1.0,0.0,0.0,0.0
14.6;-0.08410913497209549,0.1456480324268341,0.0;1.0,0.0,0.0,0.0
14.62;-0.08305707573890686,0.14503641426563263,0.0;1.0,0.0,0.0,0.0
14.64;-0.08201286941766739,0.14441929757595062,0.0;1.0,0.0,0.0,0.0
14.66;-0.08097758144140244,0.1437951624393463,0.0;1.0,0.0,0.0,0.0
14.68;-0.07994765043258667,0.14316926896572113,0.0;1.0,0.0,0.0,0.0
14.7;-0.0789288878440857,0.14253297448158264,0.0;1.0,0.0,0.0,0.0
14.72;-0.07791576534509659,0.14189527928829193,0.0;1.0,0.0,0.0,0.0
14.74;-0.07691162824630737,0.14125080406665802,0.0;1.0,0.0,0.0,0.0
14.76;-0.07591509819030762,0.14060162007808685,0.0;1.0,0.0,0.0,0.0
14.78;-0.07492562383413315,0.1399492472410202,0.0;1.0,0.0,0.0,0.0
14.8;-0.07394596934318542,0.13928920030593872,0.0;1.0,0.0,0.0,0.0
14.82;-0.07297156751155853,0.13862833380699158,0.0;1.0,0.0,0.0,0.0
14.84;-0.07200837135314941,0.13795872032642365,0.0;1.0,0.0,0.0,0.0
14.86;-0.07105065882205963,0.13728764653205872,0.0;1.0,0.0,0.0,0.0
14.88;-0.07010231912136078,0.13661091029644012,0.0;1.0,0.0,0.0,0.0
14.9;-0.06916157901287079,0.13593034446239471,0.0;1.0,0.0,0.0,0.0
14.92;-0.06822782754898071,0.13524657487869263,0.0;1.0,0.0,0.0,0.0
14.94;-0.06730391830205917,0.13455691933631897,0.0;1.0,0.0,0.0,0.0
14.96;-0.06638526916503906,0.13386672735214233,0.0;1.0,0.0,0.0,0.0
14.98;-0.06547802686691284,0.13316841423511505,0.0;1.0,0.0,0.0,0.0
15.0;-0.06457576155662537,0.13247047364711761,0.0;1.0,0.0,0.0,0.0
15.02;-0.06368388235569,0.13176555931568146,0.0;1.0,0.0,0.0,0.0
15.04;-0.06279813498258591,0.1310596466064453,0.0;1.0,0.0,0.0,0.0
15.06;-0.06192130967974663,0.1303490251302719,0.0;1.0,0.0,0.0,0.0
15.08;-0.06105219945311546,0.1296357363462448,0.0;1.0,0.0,0.0,0.0
15.1;-0.06019056215882301,0.12891973555088043,0.0;1.0,0.0,0.0,0.0
15.12;-0.05933792144060135,0.1281994879245758,0.0;1.0,0.0,0.0,0.0
15.14;-0.05849144980311394,0.12747836112976074,0.0;1.0,0.0,0.0,0.0
15.16;-0.05765517055988312,0.12675157189369202,0.0;1.0,0.0,0.0,0.0
15.18;-0.0568239688873291,0.12602566182613373,0.0;1.0,0.0,0.0,0.0
15.2;-0.05600414425134659,0.12529297173023224,0.0;1.0,0.0,0.0,0.0
15.22;-0.055188413709402084,0.12456173449754715,0.0;1.0,0.0,0.0,0.0
15.24;-0.0543842539191246,0.12382393330335617,0.0;1.0,0.0,0.0,0.0
15.26;-0.053584903478622437,0.12308760732412338,0.0;1.0,0.0,0.0,0.0
15.28;-0.052796099334955215,0.12234587222337723,0.0;1.0,0.0,0.0,0.0
15.3;-0.05201273411512375,0.12160460650920868,0.0;1.0,0.0,0.0,0.0
15.32;-0.05123908072710037,0.12085899710655212,0.0;1.0,0.0,0.0,0.0
15.34;-0.05047166347503662,0.1201133131980896,0.0;1.0,0.0,0.0,0.0
15.36;-0.04971333593130112,0.11936425417661667,0.0;1.0,0.0,0.0,0.0
15.38;-0.048961617052555084,0.11861447989940643,0.0;1.0,0.0,0.0,0.0
15.4;-0.0482184961438179,0.11786215752363205,0.0;1.0,0.0,0.0,0.0
15.42;-0.04748249053955078,0.11710888147354126,0.0;1.0,0.0,0.0,0.0
15.44;-0.0467546246945858,0.11635363847017288,0.0;1.0,0.0,0.0,0.0
15.46;-0.046034056693315506,0.1155971810221672,0.0;1.0,0.0,0.0,0.0
15.48;-0.04532121121883392,0.11483912914991379,0.0;1.0,0.0,0.0,0.0
15.5;-0.04461613669991493,0.11408021301031113,0.0;1.0,0.0,0.0,0.0
15.52;-0.04391853138804436,0.11331985145807266,0.0;1.0,0.0,0.0,0.0
15.54;-0.04322841018438339,0.11255848407745361,0.0;1.0,0.0,0.0,0.0
15.56;-0.04254597797989845,0.11179611831903458,0.0;1.0,0.0,0.0,0.0
15.58;-0.041870925575494766,0.11103310436010361,0.0;1.0,0.0,0.0,0.0
15.6;-0.04120352864265442,0.11026886105537415,0.0;1.0,0.0,0.0,0.0
15.62;-0.04054315388202667,0.10950440168380737,0.0;1.0,0.0,0.0,0.0
15.64;-0.03989064693450928,0.10873846709728241,0.0;1.0,0.0,0.0,0.0
15.66;-0.039244718849658966,0.10797291994094849,0.0;1.0,0.0,0.0,0.0
15.68;-0.03860735893249512,0.10720592737197876,0.0;1.0,0.0,0.0,0.0
15.7;-0.037975795567035675,0.10643988102674484,0.0;1.0,0.0,0.0,0.0
15.72;-0.03735335171222687,0.10567188262939453,0.0;1.0,0.0,0.0,0.0
15.74;-0.036735743284225464,0.10490552335977554,0.0;1.0,0.0,0.0,0.0
15.76;-0.03612806648015976,0.10413668304681778,0.0;1.0,0.0,0.0,0.0
15.78;-0.035524316132068634,0.1033705323934555,0.0;1.0,0.0,0.0,0.0
15.8;-0.034931495785713196,0.10260128229856491,0.0;1.0,0.0,0.0,0.0
15.82;-0.03434152528643608,0.10183557122945786,0.0;1.0,0.0,0.0,0.0
15.84;-0.03376336023211479,0.10106641054153442,0.0;1.0,0.0,0.0,0.0
15.86;-0.03318795561790466,0.10030050575733185,0.0;1.0,0.0,0.0,0.0
15.88;-0.03262300044298172,0.09953222423791885,0.0;1.0,0.0,0.0,0.0
15.9;-0.032062165439128876,0.09876635670661926,0.0;1.0,0.0,0.0,0.0
15.92;-0.03151027858257294,0.09799961000680923,0.0;1.0,0.0,0.0,0.0
15.94;-0.030964162200689316,0.0972343161702156,0.0;1.0,0.0,0.0,0.0
15.96;-0.03042495995759964,0.09646935015916824,0.0;1.0,0.0,0.0,0.0
15.98;-0.02989324927330017,0.09570452570915222,0.0;1.0,0.0,0.0,0.0
16.0;-0.029366519302129745,0.09494177997112274,0.0;1.0,0.0,0.0,0.0
16.02;-0.028849193826317787,0.09417776763439178,0.0;1.0,0.0,0.0,0.0
16.04;-0.02833455055952072,0.09341741353273392,0.0;1.0,0.0,0.0,0.0
16.06;-0.027831662446260452,0.09265467524528503,0.0;1.0,0.0,0.0,0.0
16.08;-0.02733120135962963,0.09189560264348984,0.0;1.0,0.0,0.0,0.0
16.1;-0.0268402136862278,0.09113579243421555,0.0;1.0,0.0,0.0,0.0
16.12;-0.02635382115840912,0.09037793427705765,0.0;1.0,0.0,0.0,0.0
16.14;-0.025874195620417595,0.08962132036685944,0.0;1.0,0.0,0.0,0.0
16.16;-0.025402016937732697,0.08886533975601196,0.0;1.0,0.0,0.0,0.0
16.18;-0.024933606386184692,0.08811254054307938,0.0;1.0,0.0,0.0,0.0
16.2;-0.024475321173667908,0.08735836297273636,0.0;1.0,0.0,0.0,0.0
16.22;-0.024019520729780197,0.08660827577114105,0.0;1.0,0.0,0.0,0.0
16.24;-0.02357318252325058,0.08585737645626068,0.0;1.0,0.0,0.0,0.0
16.26;-0.023131107911467552,0.08510935306549072,0.0;1.0,0.0,0.0,0.0
16.28;-0.022695189341902733,0.08436297625303268,0.0;1.0,0.0,0.0,0.0
16.3;-0.02226683869957924,0.08361745625734329,0.0;1.0,0.0,0.0,0.0
16.32;-0.021840842440724373,0.08287567645311356,0.0;1.0,0.0,0.0,0.0
16.34;-0.021426016464829445,0.0821327492594719,0.0;1.0,0.0,0.0,0.0
16.36;-0.02101345919072628,0.08139392733573914,0.0;1.0,0.0,0.0,0.0
16.38;-0.020608317106962204,0.080656036734581,0.0;1.0,0.0,0.0,0.0
16.4;-0.02020905166864395,0.07991994172334671,0.0;1.0,0.0,0.0,0.0
16.42;-0.019813111051917076,0.07918749749660492,0.0;1.0,0.0,0.0,0.0
16.44;-0.019427120685577393,0.07845461368560791,0.0;1.0,0.0,0.0,0.0
16.46;-0.019043415784835815,0.07772605866193771,0.0;1.0,0.0,0.0,0.0
16.48;-0.018667127937078476,0.07699833065271378,0.0;1.0,0.0,0.0,0.0
16.5;-0.018296508118510246,0.07627320289611816,0.0;1.0,0.0,0.0,0.0
16.52;-0.01792854256927967,0.07555153220891953,0.0;1.0,0.0,0.0,0.0
16.54;-0.017570804804563522,0.07482994347810745,0.0;1.0,0.0,0.0,0.0
16.56;-0.01721503585577011,0.07411228865385056,0.0;1.0,0.0,0.0,0.0
16.58;-0.01686588115990162,0.07339687645435333,0.0;1.0,0.0,0.0,0.0
16.6;-0.016522971913218498,0.07268332690000534,0.0;1.0,0.0,0.0,0.0
16.62;-0.01618204079568386,0.07197370380163193,0.0;1.0,0.0,0.0,0.0
16.64;-0.015850750729441643,0.07126467674970627,0.0;1.0,0.0,0.0,0.0
16.66;-0.015522466972470284,0.07055952399969101,0.0;1.0,0.0,0.0,0.0
16.68;-0.01519814133644104,0.0698574110865593,0.0;1.0,0.0,0.0,0.0
16.7;-0.01488221250474453,0.06915644556283951,0.0;1.0,0.0,0.0,0.0
16.72;-0.014568248763680458,0.06845983862876892,0.0;1.0,0.0,0.0,0.0
16.74;-0.014260832220315933,0.06776528805494308,0.0;1.0,0.0,0.0,0.0
16.76;-0.013959024101495743,0.06707307696342468,0.0;1.0,0.0,0.0,0.0
16.78;-0.013659144751727581,0.06638524681329727,0.0;1.0,0.0,0.0,0.0
16.8;-0.013367878273129463,0.06569864600896835,0.0;1.0,0.0,0.0,0.0
16.82;-0.013080037198960781,0.06501566618680954,0.0;1.0,0.0,0.0,0.0
16.84;-0.012794259935617447,0.06433698534965515,0.0;1.0,0.0,0.0,0.0
16.86;-0.012518269009888172,0.06365891546010971,0.0;1.0,0.0,0.0,0.0
16.88;-0.012244077399373055,0.06298526376485825,0.0;1.0,0.0,0.0,0.0
16.9;-0.011973206885159016,0.06231532245874405,0.0;1.0,0.0,0.0,0.0
16.92;-0.011710683815181255,0.06164690852165222,0.0;1.0,0.0,0.0,0.0
16.94;-0.01144982036203146,0.06098272278904915,0.0;1.0,0.0,0.0,0.0
16.96;-0.011193151585757732,0.06032204255461693,0.0;1.0,0.0,0.0,0.0
16.98;-0.010943811386823654,0.05966353416442871,0.0;1.0,0.0,0.0,0.0
17.0;-0.010696032084524632,0.05900915339589119,0.0;1.0,0.0,0.0,0.0
17.02;-0.010452892631292343,0.05835842341184616,0.0;1.0,0.0,0.0,0.0
17.04;-0.010216401889920235,0.05770992115139961,0.0;1.0,0.0,0.0,0.0
17.06;-0.009981464594602585,0.0570656880736351,0.0;1.0,0.0,0.0,0.0
17.08;-0.009750911965966225,0.0564248226583004,0.0;1.0,0.0,0.0,0.0
17.1;-0.009527062065899372,0.05578678101301193,0.0;1.0,0.0,0.0,0.0
17.12;-0.009304718114435673,0.055153023451566696,0.0;1.0,0.0,0.0,0.0
17.14;-0.00908610224723816,0.054522767663002014,0.0;1.0,0.0,0.0,0.0
17.16;-0.008874518796801567,0.05389516055583954,0.0;1.0,0.0,0.0,0.0
17.18;-0.008664424531161785,0.05327196419239044,0.0;1.0,0.0,0.0,0.0
17.2;-0.008456890471279621,0.05265244469046593,0.0;1.0,0.0,0.0,0.0
17.22;-0.008257395587861538,0.05203584209084511,0.0;1.0,0.0,0.0,0.0
17.24;-0.008059223182499409,0.05142330750823021,0.0;1.0,0.0,0.0,0.0
17.26;-0.007862680591642857,0.05081528052687645,0.0;1.0,0.0,0.0,0.0
17.28;-0.007674264255911112,0.050209417939186096,0.0;1.0,0.0,0.0,0.0
17.3;-0.007487787399441004,0.049607980996370316,0.0;1.0,0.0,0.0,0.0
17.32;-0.007302654441446066,0.04901087284088135,0.0;1.0,0.0,0.0,0.0
17.34;-0.00712383771315217,0.04841696843504906,0.0;1.0,0.0,0.0,0.0
17.36;-0.006948757451027632,0.04782681539654732,0.0;1.0,0.0,0.0,0.0
17.38;-0.006774962414056063,0.04724099859595299,0.0;1.0,0.0,0.0,0.0
17.4;-0.006604664493352175,0.046659037470817566,0.0;1.0,0.0,0.0,0.0
17.42;-0.0064406064338982105,0.04608011618256569,0.0;1.0,0.0,0.0,0.0
17.44;-0.006277815904468298,0.045505668967962265,0.0;1.0,0.0,0.0,0.0
17.46;-0.006116420961916447,0.044935815036296844,0.0;1.0,0.0,0.0,0.0
17.48;-0.005962046794593334,0.04436897113919258,0.0;1.0,0.0,0.0,0.0
17.5;-0.005809956230223179,0.04380607604980469,0.0;1.0,0.0,0.0,0.0
17.52;-0.005659146700054407,0.04324791952967644,0.0;1.0,0.0,0.0,0.0
17.54;-0.005511567462235689,0.04269373044371605,0.0;1.0,0.0,0.0,0.0
17.56;-0.0053699626587331295,0.04214290902018547,0.0;1.0,0.0,0.0,0.0
17.58;-0.005229489877820015,0.041596490889787674,0.0;1.0,0.0,0.0,0.0
17.6;-0.005090177524834871,0.04105458781123161,0.0;1.0,0.0,0.0,0.0
17.62;-0.004956260789185762,0.04051627218723297,0.0;1.0,0.0,0.0,0.0
17.64;-0.004825876094400883,0.03998200222849846,0.0;1.0,0.0,0.0,0.0
17.66;-0.00469650374725461,0.039451878517866135,0.0;1.0,0.0,0.0,0.0
17.68;-0.004568501375615597,0.03892688453197479,0.0;1.0,0.0,0.0,0.0
17.7;-0.0044468301348388195,0.038404904305934906,0.0;1.0,0.0,0.0,0.0
17.72;-0.004327180329710245,0.03788711503148079,0.0;1.0,0.0,0.0,0.0
17.74;-0.004208668135106564,0.037374235689640045,0.0;1.0,0.0,0.0,0.0
17.76;-0.004091309383511543,0.0368654802441597,0.0;1.0,0.0,0.0,0.0
17.78;-0.003980631940066814,0.03636038675904274,0.0;1.0,0.0,0.0,0.0
17.8;-0.003871407825499773,0.03585974499583244,0.0;1.0,0.0,0.0,0.0
17.82;-0.0037632016465067863,0.03536376729607582,0.0;1.0,0.0,0.0,0.0
17.84;-0.003656096290796995,0.03487208113074303,0.0;1.0,0.0,0.0,0.0
17.86;-0.003555192146450281,0.03438423573970795,0.0;1.0,0.0,0.0,0.0
17.88;-0.0034558833576738834,0.033900558948516846,0.0;1.0,0.0,0.0,0.0
17.9;-0.003357610199600458,0.03342192620038986,0.0;1.0,0.0,0.0,0.0
17.92;-0.0032601836137473583,0.032947372645139694,0.0;1.0,0.0,0.0,0.0
17.94;-0.003167820628732443,0.03247707337141037,0.0;1.0,0.0,0.0,0.0
17.96;-0.003078021574765444,0.03201063722372055,0.0;1.0,0.0,0.0,0.0
17.98;-0.002989197615534067,0.03154926747083664,0.0;1.0,0.0,0.0,0.0
18.0;-0.0029011829756200314,0.031092096120119095,0.0;1.0,0.0,0.0,0.0
18.02;-0.0028158603236079216,0.030639685690402985,0.0;1.0,0.0,0.0,0.0
18.04;-0.0027351691387593746,0.03019089438021183,0.0;1.0,0.0,0.0,0.0
18.06;-0.0026553249917924404,0.02974681556224823,0.0;1.0,0.0,0.0,0.0
18.08;-0.002576305530965328,0.029307328164577484,0.0;1.0,0.0,0.0,0.0
18.1;-0.0024981931783258915,0.028872674331068993,0.0;1.0,0.0,0.0,0.0
18.12;-0.002424547914415598,0.028441715985536575,0.0;1.0,0.0,0.0,0.0
18.14;-0.0023532388731837273,0.028015077114105225,0.0;1.0,0.0,0.0,0.0
18.16;-0.0022827587090432644,0.027593400329351425,0.0;1.0,0.0,0.0,0.0
18.18;-0.0022130277939140797,0.027176210656762123,0.0;1.0,0.0,0.0,0.0
18.2;-0.0021442845463752747,0.026763956993818283,0.0;1.0,0.0,0.0,0.0
18.22;-0.0020802761428058147,0.02635502815246582,0.0;1.0,0.0,0.0,0.0
18.24;-0.002017882652580738,0.025951318442821503,0.0;1.0,0.0,0.0,0.0
18.26;-0.0019561629742383957,0.025551967322826385,0.0;1.0,0.0,0.0,0.0
18.28;-0.0018951933598145843,0.025157473981380463,0.0;1.0,0.0,0.0,0.0
18.3;-0.0018349679885432124,0.024767206981778145,0.0;1.0,0.0,0.0,0.0
18.32;-0.0017789265839383006,0.02438153140246868,0.0;1.0,0.0,0.0,0.0
18.34;-0.001724713365547359,0.023999789729714394,0.0;1.0,0.0,0.0,0.0
18.36;-0.0016712256474420428,0.02362314984202385,0.0;1.0,0.0,0.0,0.0
18.38;-0.0016183768166229129,0.023251010105013847,0.0;1.0,0.0,0.0,0.0
18.4;-0.0015662185614928603,0.022883737459778786,0.0;1.0,0.0,0.0,0.0
18.42;-0.0015169113175943494,0.022520771250128746,0.0;1.0,0.0,0.0,0.0
18.44;-0.0014695468125864863,0.022161874920129776,0.0;1.0,0.0,0.0,0.0
18.46;-0.0014234386617317796,0.021808356046676636,0.0;1.0,0.0,0.0,0.0
18.48;-0.0013784997863695025,0.021458951756358147,0.0;1.0,0.0,0.0,0.0
18.5;-0.0013333813985809684,0.021114306524395943,0.0;1.0,0.0,0.0,0.0
18.52;-0.001289815059863031,0.020774273201823235,0.0;1.0,0.0,0.0,0.0
18.54;-0.0012486545601859689,0.020438771694898605,0.0;1.0,0.0,0.0,0.0
18.56;-0.0012093674158677459,0.02010750025510788,0.0;1.0,0.0,0.0,0.0
18.58;-0.001170928473584354,0.019780976697802544,0.0;1.0,0.0,0.0,0.0
18.6;-0.0011334753362461925,0.019459323957562447,0.0;1.0,0.0,0.0,0.0
18.62;-0.001095892977900803,0.019142288714647293,0.0;1.0,0.0,0.0,0.0
18.64;-0.0010597639484331012,0.018829770386219025,0.0;1.0,0.0,0.0,0.0
18.66;-0.0010254456428810954,0.018521975725889206,0.0;1.0,0.0,0.0,0.0
18.68;-0.000992625835351646,0.018218694254755974,0.0;1.0,0.0,0.0,0.0
18.7;-0.0009608155814930797,0.01791965961456299,0.0;1.0,0.0,0.0,0.0
18.72;-0.000929515459574759,0.01762549951672554,0.0;1.0,0.0,0.0,0.0
18.74;-0.0008992446819320321,0.017336487770080566,0.0;1.0,0.0,0.0,0.0
18.76;-0.0008699324680492282,0.01705147512257099,0.0;1.0,0.0,0.0,0.0
18.78;-0.0008410284062847495,0.01677134819328785,0.0;1.0,0.0,0.0,0.0
18.8;-0.0008130642818287015,0.016495846211910248,0.0;1.0,0.0,0.0,0.0
18.82;-0.0007865874795243144,0.01622508093714714,0.0;1.0,0.0,0.0,0.0
18.84;-0.0007611809996888041,0.015958290547132492,0.0;1.0,0.0,0.0,0.0
18.86;-0.0007368914084509015,0.01569676771759987,0.0;1.0,0.0,0.0,0.0
18.88;-0.0007136279018595815,0.015439888462424278,0.0;1.0,0.0,0.0,0.0
18.9;-0.0006908098002895713,0.015187524259090424,0.0;1.0,0.0,0.0,0.0
18.92;-0.0006680538645014167,0.014939677901566029,0.0;1.0,0.0,0.0,0.0
18.94;-0.0006457254057750106,0.014696597121655941,0.0;1.0,0.0,0.0,0.0
18.96;-0.0006244542310014367,0.014458130113780499,0.0;1.0,0.0,0.0,0.0
18.98;-0.0006043672328814864,0.014224137179553509,0.0;1.0,0.0,0.0,0.0
19.0;-0.0005851086461916566,0.013995116576552391,0.0;1.0,0.0,0.0,0.0
19.02;-0.000566706876270473,0.013770608231425285,0.0;1.0,0.0,0.0,0.0
19.04;-0.0005492995260283351,0.013550753705203533,0.0;1.0,0.0,0.0,0.0
19.06;-0.0005326824029907584,0.013335411436855793,0.0;1.0,0.0,0.0,0.0
19.08;-0.0005164601607248187,0.013124841265380383,0.0;1.0,0.0,0.0,0.0
19.1;-0.0005003911210224032,0.012918791733682156,0.0;1.0,0.0,0.0,0.0
19.12;-0.0004846096271649003,0.012717901729047298,0.0;1.0,0.0,0.0,0.0
19.14;-0.00046938390005379915,0.012520894408226013,0.0;1.0,0.0,0.0,0.0
19.16;-0.00045493256766349077,0.012329251505434513,0.0;1.0,0.0,0.0,0.0
19.18;-0.0004412796115502715,0.012141870334744453,0.0;1.0,0.0,0.0,0.0
19.2;-0.00042827764991670847,0.011959003284573555,0.0;1.0,0.0,0.0,0.0
19.22;-0.00041559210512787104,0.01178092323243618,0.0;1.0,0.0,0.0,0.0
19.24;-0.0004030958516523242,0.011607494205236435,0.0;1.0,0.0,0.0,0.0
19.26;-0.00039093533996492624,0.011438580229878426,0.0;1.0,0.0,0.0,0.0
19.28;-0.00037927913945168257,0.011274702847003937,0.0;1.0,0.0,0.0,0.0
19.3;-0.00036827882286161184,0.011115217581391335,0.0;1.0,0.0,0.0,0.0
19.32;-0.00035801518242806196,0.010960516519844532,0.0;1.0,0.0,0.0,0.0
19.34;-0.0003484772751107812,0.010810332372784615,0.0;1.0,0.0,0.0,0.0
19.36;-0.0003395810490474105,0.010664795525372028,0.0;1.0,0.0,0.0,0.0
19.38;-0.0003312107874080539,0.010524049401283264,0.0;1.0,0.0,0.0,0.0
19.4;-0.00032302935142070055,0.010387682355940342,0.0;1.0,0.0,0.0,0.0
19.42;-0.00031480344478040934,0.010256065987050533,0.0;1.0,0.0,0.0,0.0
19.44;-0.00030658196192234755,0.010129164904356003,0.0;1.0,0.0,0.0,0.0
19.46;-0.0002984259044751525,0.010006790049374104,0.0;1.0,0.0,0.0,0.0
19.48;-0.00029040907975286245,0.009889069944620132,0.0;1.0,0.0,0.0,0.0
19.5;-0.0002826183335855603,0.009776119142770767,0.0;1.0,0.0,0.0,0.0
19.52;-0.0002751470310613513,0.009667456150054932,0.0;1.0,0.0,0.0,0.0
19.54;-0.00026809354312717915,0.009563826024532318,0.0;1.0,0.0,0.0,0.0
19.56;-0.00026155076920986176,0.009464587084949017,0.0;1.0,0.0,0.0,0.0
19.58;-0.0002555998507887125,0.009370137937366962,0.0;1.0,0.0,0.0,0.0
19.6;-0.00025030237156897783,0.009280333295464516,0.0;1.0,0.0,0.0,0.0
19.62;-0.00024569674860686064,0.00919505674391985,0.0;1.0,0.0,0.0,0.0
19.64;-0.0002417967189103365,0.009114445187151432,0.0;1.0,0.0,0.0,0.0
19.66;-0.00023859413340687752,0.009038100950419903,0.0;1.0,0.0,0.0,0.0
19.68;-0.00023606279864907265,0.008967038244009018,0.0;1.0,0.0,0.0,0.0
19.7;-0.00023416464682668447,0.008900001645088196,0.0;1.0,0.0,0.0,0.0
19.72;-0.0002328534610569477,0.008837996982038021,0.0;1.0,0.0,0.0,0.0
19.74;-0.0002320802304893732,0.008780395612120628,0.0;1.0,0.0,0.0,0.0
19.76;-0.00023157207760959864,0.008727574720978737,0.0;1.0,0.0,0.0,0.0
19.78;-0.00023108790628612041,0.00867918785661459,0.0;1.0,0.0,0.0,0.0
19.8;-0.000230625388212502,0.008635514415800571,0.0;1.0,0.0,0.0,0.0
19.82;-0.00023018266074359417,0.008595412597060204,0.0;1.0,0.0,0.0,0.0
19.84;-0.00022975821048021317,0.00856206938624382,0.0;1.0,0.0,0.0,0.0
19.86;-0.00022935052402317524,0.008530709892511368,0.0;1.0,0.0,0.0,0.0
19.88;-0.00022895855363458395,0.008500239811837673,0.0;1.0,0.0,0.0,0.0
19.9;-0.00022858090233057737,0.008478807285428047,0.0;1.0,0.0,0.0,0.0
19.92;-0.00022821675520390272,0.00847026240080595,0.0;1.0,0.0,0.0,0.0
19.94;-0.0002278652973473072,0.0084684481844306,0.0;1.0,0.0,0.0,0.0
19.96;-0.0002275255974382162,0.008467283099889755,0.0;1.0,0.0,0.0,0.0
19.98;-0.0002271970734000206,0.008466373197734356,0.0;1.0,0.0,0.0,0.0
