0.0;0.0,0.0,0.0;1.0,1.232636606118831e-07,0.0,0.0
0.02;-4.656612873077393e-10,0.0,-1.4724209904670715e-06;1.0,1.232636606118831e-07,0.0,0.0
0.04;-3.6670826375484467e-09,0.0,-6.507150828838348e-06;1.0,1.232636606118831e-07,0.0,0.0
0.06;-1.2747477740049362e-08,0.0,-1.5898607671260834e-05;1.0,1.232636606118831e-07,0.0,0.0
0.08;-3.0850060284137726e-08,0.0,-2.985261380672455e-05;1.0,1.232636606118831e-07,0.0,0.0
0.1;-6.158370524644852e-08,0.0,-4.766695201396942e-05;1.0,1.232636606118831e-07,0.0,0.0
0.12;-1.0867370292544365e-07,0.0,-6.804196164011955e-05;1.0,1.232636606118831e-07,0.0,0.0
0.14;-1.762527972459793e-07,0.0,-8.971011266112328e-05;1.0,1.232636606118831e-07,0.0,0.0
0.16;-2.6868656277656555e-07,0.0,-0.00011497084051370621;1.0,1.232636606118831e-07,0.0,0.0
0.18;-3.905734047293663e-07,0.0,-0.00014738040044903755;1.0,1.232636606118831e-07,0.0,0.0
0.2;-5.468027666211128e-07,0.0,-0.00018314970657229424;1.0,1.232636606118831e-07,0.0,0.0
0.22;-7.426133379340172e-07,0.0,-0.00022103358060121536;1.0,1.232636606118831e-07,0.0,0.0
0.24;-9.834766387939453e-07,0.0,-0.00026376452296972275;1.0,1.232636606118831e-07,0.0,0.0
0.26;-1.2750388123095036e-06,0.0,-0.0003095688298344612;1.0,1.232636606118831e-07,0.0,0.0
0.28;-1.6232370398938656e-06,0.0,-0.00035916734486818314;1.0,1.232636606118831e-07,0.0,0.0
0.3;-2.034124918282032e-06,0.0,-0.00041243061423301697;1.0,1.232636606118831e-07,0.0,0.0
0.32;-2.5140470825135708e-06,0.0,-0.0004693581722676754;1.0,1.232636606118831e-07,0.0,0.0
0.34;-3.0692899599671364e-06,0.0,-0.0005298848263919353;1.0,1.232636606118831e-07,0.0,0.0
0.36;-3.7062563933432102e-06,0.0,-0.0005942066200077534;1.0,1.232636606118831e-07,0.0,0.0
0.38;-4.431465640664101e-06,0.0,-0.000662192702293396;1.0,1.232636606118831e-07,0.0,0.0
0.4;-5.251320544630289e-06,0.0,-0.0007338430732488632;1.0,1.232636606118831e-07,0.0,0.0
0.42;-6.171991117298603e-06,0.0,-0.000809157732874155;1.0,1.232636606118831e-07,0.0,0.0
0.44;-7.199705578386784e-06,0.0,-0.0008882018737494946;1.0,1.232636606118831e-07,0.0,0.0
0.46;-8.340226486325264e-06,0.0,-0.000970975961536169;1.0,1.232636606118831e-07,0.0,0.0
0.48;-9.599141776561737e-06,0.0,-0.001057349145412445;1.0,1.232636606118831e-07,0.0,0.0
0.5;-1.0981573723256588e-05,0.0,-0.0011475170031189919;1.0,1.232636606118831e-07,0.0,0.0
0.52;-1.2492353562265635e-05,0.0,-0.0012413496151566505;1.0,1.232636606118831e-07,0.0,0.0
0.54;-1.413573045283556e-05,0.0,-0.001338911708444357;1.0,1.232636606118831e-07,0.0,0.0
0.56;-1.5915371477603912e-05,0.0,-0.001440138090401888;1.0,1.232636606118831e-07,0.0,0.0
0.58;-1.7834536265581846e-05,0.0,-0.0015450944192707539;1.0,1.232636606118831e-07,0.0,0.0
0.6;-1.989572774618864e-05,0.0,-0.0016537145711481571;1.0,1.232636606118831e-07,0.0,0.0
0.62;-2.210104139521718e-05,0.0,-0.0017661303281784058;1.0,1.232636606118831e-07,0.0,0.0
0.64;-2.4451815988868475e-05,0.0,-0.001882210373878479;1.0,1.232636606118831e-07,0.0,0.0
0.66;-2.69488082267344e-05,0.0,-0.002001954708248377;1.0,1.232636606118831e-07,0.0,0.0
0.68;-2.959225093945861e-05,0.0,-0.0021254289895296097;1.0,1.232636606118831e-07,0.0,0.0
0.7;-3.238179488107562e-05,0.0,-0.00225263275206089;1.0,1.232636606118831e-07,0.0,0.0
0.72;-3.531662514433265e-05,0.0,-0.002383631654083729;1.0,1.232636606118831e-07,0.0,0.0
0.74;-3.839528653770685e-05,0.0,-0.002518229652196169;1.0,1.232636606118831e-07,0.0,0.0
0.76;-4.161603283137083e-05,0.0,-0.0026565571315586567;1.0,1.232636606118831e-07,0.0,0.0
0.78;-4.497665213420987e-05,0.0,-0.00279868021607399;1.0,1.232636606118831e-07,0.0,0.0
0.8;-4.847452510148287e-05,0.0,-0.002944466657936573;1.0,1.232636606118831e-07,0.0,0.0
0.82;-5.2106857765465975e-05,0.0,-0.003093983978033066;1.0,1.232636606118831e-07,0.0,0.0
0.84;-5.587044870480895e-05,0.0,-0.003247230313718319;1.0,1.232636606118831e-07,0.0,0.0
0.86;-5.976203829050064e-05,0.0,-0.003404206596314907;1.0,1.232636606118831e-07,0.0,0.0
0.88;-6.377813406288624e-05,0.0,-0.00356484716758132;1.0,1.232636606118831e-07,0.0,0.0
0.9;-6.791501073166728e-05,0.0,-0.0037292828783392906;1.0,1.232636606118831e-07,0.0,0.0
0.92;-7.216900121420622e-05,0.0,-0.0038974483031779528;1.0,1.232636606118831e-07,0.0,0.0
0.94;-7.653626380488276e-05,0.0,-0.004069278482347727;1.0,1.232636606118831e-07,0.0,0.0
0.96;-8.101301500573754e-05,0.0,-0.004244903102517128;1.0,1.232636606118831e-07,0.0,0.0
0.98;-8.559547131881118e-05,0.0,-0.004424192942678928;1.0,1.232636606118831e-07,0.0,0.0
1.0;-9.027973283082247e-05,0.0,-0.0046072774566709995;1.0,1.232636606118831e-07,0.0,0.0
1.02;-9.506213245913386e-05,0.0,-0.004794090986251831;1.0,1.232636606118831e-07,0.0,0.0
1.04;-9.993888670578599e-05,0.0,-0.004984569735825062;1.0,1.232636606118831e-07,0.0,0.0
1.06;-0.00010486168321222067,0.0,-0.005178843624889851;1.0,1.232636606118831e-07,0.0,0.0
1.08;-0.00010985636617988348,0.0,-0.0053769126534461975;1.0,1.232636606118831e-07,0.0,0.0
1.1;-0.00011505978181958199,0.0,-0.005578580312430859;1.0,1.232636606118831e-07,0.0,0.0
1.12;-0.0001206462038680911,0.0,-0.005784043110907078;1.0,1.232636606118831e-07,0.0,0.0
1.14;-0.00012681627413257957,0.0,-0.005993235856294632;1.0,1.232636606118831e-07,0.0,0.0
1.16;-0.0001337702851742506,0.0,-0.006206223741173744;1.0,1.232636606118831e-07,0.0,0.0
1.18;-0.00014167249901220202,0.0,-0.006422875914722681;1.0,1.232636606118831e-07,0.0,0.0
1.2;-0.0001506195985712111,0.0,-0.006643323227763176;1.0,1.232636606118831e-07,0.0,0.0
1.22;-0.0001606286969035864,0.0,-0.006867500953376293;1.0,1.232636606118831e-07,0.0,0.0
1.24;-0.00017164862947538495,0.0,-0.007094902917742729;1.0,1.232636606118831e-07,0.0,0.0
1.26;-0.00018358364468440413,0.0,-0.007325990591198206;1.0,1.232636606118831e-07,0.0,0.0
1.28;-0.00019631866598501801,0.0,-0.007560857571661472;1.0,1.232636606118831e-07,0.0,0.0
1.3;-0.0002107362961396575,0.0,-0.007799378130584955;1.0,1.232636606118831e-07,0.0,0.0
1.32;-0.0002279616892337799,0.0,-0.008041683584451675;1.0,1.232636606118831e-07,0.0,0.0
1.34;-0.0002474497305229306,0.0,-0.008287710137665272;1.0,1.232636606118831e-07,0.0,0.0
1.36;-0.00026764540234580636,0.0,-0.00853752251714468;1.0,1.232636606118831e-07,0.0,0.0
1.38;-0.0002871166216209531,0.0,-0.008791056461632252;1.0,1.232636606118831e-07,0.0,0.0
1.4;-0.0003060604212805629,0.0,-0.009048244915902615;1.0,1.232636606118831e-07,0.0,0.0
1.42;-0.00032526900758966804,0.0,-0.009309220127761364;1.0,1.232636606118831e-07,0.0,0.0
1.44;-0.00034482794580981135,0.0,-0.009573981165885925;1.0,1.232636606118831e-07,0.0,0.0
1.46;-0.00036471354542300105,0.0,-0.009842462837696075;1.0,1.232636606118831e-07,0.0,0.0
1.48;-0.0003848089254461229,0.0,-0.010114665143191814;1.0,1.232636606118831e-07,0.0,0.0
1.5;-0.00040508300298824906,0.0,-0.010390588082373142;1.0,1.232636606118831e-07,0.0,0.0
1.52;-0.0004256857209838927,0.0,-0.010670297779142857;1.0,1.232636606118831e-07,0.0,0.0
1.54;-0.0004466784303076565,0.0,-0.010953727178275585;1.0,1.232636606118831e-07,0.0,0.0
1.56;-0.00046793691581115127,0.0,-0.0112409433349967;1.0,1.232636606118831e-07,0.0,0.0
1.58;-0.0004892838769592345,0.0,-0.011531814932823181;1.0,1.232636606118831e-07,0.0,0.0
1.6;-0.0005108354962430894,0.0,-0.011826472356915474;1.0,1.232636606118831e-07,0.0,0.0
1.62;-0.0005328819970600307,0.0,-0.01212485134601593;1.0,1.232636606118831e-07,0.0,0.0
1.64;-0.0005554779781959951,0.0,-0.012427015230059624;1.0,1.232636606118831e-07,0.0,0.0
1.66;-0.0005768808186985552,0.0,-0.01273290067911148;1.0,1.232636606118831e-07,0.0,0.0
1.68;-0.0005987939075566828,0.0,-0.013042506761848927;1.0,1.232636606118831e-07,0.0,0.0
1.7;-0.0006267581484280527,0.0,-0.013355564326047897;1.0,1.232636606118831e-07,0.0,0.0
1.72;-0.0006634235032834113,0.0,-0.013671226799488068;1.0,1.232636606118831e-07,0.0,0.0
1.74;-0.0007048602565191686,0.0,-0.013990521430969238;1.0,1.232636606118831e-07,0.0,0.0
1.76;-0.0007446329691447318,0.0,-0.014313512481749058;1.0,1.232636606118831e-07,0.0,0.0
1.78;-0.0007849707617424428,0.0,-0.014640271663665771;1.0,1.232636606118831e-07,0.0,0.0
1.8;-0.0008256818982772529,0.0,-0.014970798045396805;1.0,1.232636606118831e-07,0.0,0.0
1.82;-0.0008669313392601907,0.0,-0.015305030159652233;1.0,1.232636606118831e-07,0.0,0.0
1.84;-0.0009085562196560204,0.0,-0.015642961487174034;1.0,1.232636606118831e-07,0.0,0.0
1.86;-0.0009507180075161159,0.0,-0.01598459668457508;1.0,1.232636606118831e-07,0.0,0.0
1.88;-0.000993263442069292,0.0,-0.016330000013113022;1.0,1.232636606118831e-07,0.0,0.0
1.9;-0.001036347122862935,0.0,-0.016679108142852783;1.0,1.232636606118831e-07,0.0,0.0
1.92;-0.0010798093862831593,0.0,-0.017031915485858917;1.0,1.232636606118831e-07,0.0,0.0
1.94;-0.0011238099541515112,0.0,-0.017388489097356796;1.0,1.232636606118831e-07,0.0,0.0
1.96;-0.0011681935284286737,0.0,-0.017748773097991943;1.0,1.232636606118831e-07,0.0,0.0
1.98;-0.001213115407153964,0.0,-0.01811281591653824;1.0,1.232636606118831e-07,0.0,0.0
2.0;-0.0012584165669977665,0.0,-0.01848050206899643;1.0,1.232636606118831e-07,0.0,0.0
2.02;-0.0013042548671364784,0.0,-0.018852021545171738;1.0,1.232636606118831e-07,0.0,0.0
2.04;-0.0013483383227139711,0.0,-0.019227176904678345;1.0,1.232636606118831e-07,0.0,0.0
2.06;-0.0013972283340990543,0.0,-0.019606102257966995;1.0,1.232636606118831e-07,0.0,0.0
2.08;-0.0014592134393751621,0.0,-0.01998649537563324;1.0,1.232636606118831e-07,0.0,0.0
2.1;-0.0015257359482347965,0.0,-0.02037004381418228;1.0,1.232636606118831e-07,0.0,0.0
2.12;-0.001592898042872548,0.0,-0.020757276564836502;1.0,1.232636606118831e-07,0.0,0.0
2.14;-0.0016607018187642097,0.0,-0.021148212254047394;1.0,1.232636606118831e-07,0.0,0.0
2.16;-0.0017291451804339886,0.0,-0.021542835980653763;1.0,1.232636606118831e-07,0.0,0.0
2.18;-0.0017982292920351028,0.0,-0.021941151469945908;1.0,1.232636606118831e-07,0.0,0.0
2.2;-0.0018679546192288399,0.0,-0.022343166172504425;1.0,1.232636606118831e-07,0.0,0.0
2.22;-0.0019383192993700504,0.0,-0.02274886518716812;1.0,1.232636606118831e-07,0.0,0.0
2.24;-0.002009324263781309,0.0,-0.023158259689807892;1.0,1.232636606118831e-07,0.0,0.0
2.26;-0.002080969512462616,0.0,-0.02357134409248829;1.0,1.232636606118831e-07,0.0,0.0
2.28;-0.002153253648430109,0.0,-0.023988110944628716;1.0,1.232636606118831e-07,0.0,0.0
2.3;-0.002226178999990225,0.0,-0.024408577010035515;1.0,1.232636606118831e-07,0.0,0.0
2.32;-0.002299743238836527,0.0,-0.024832719936966896;1.0,1.232636606118831e-07,0.0,0.0
2.34;-0.002373946364969015,0.0,-0.025260554626584053;1.0,1.232636606118831e-07,0.0,0.0
2.36;-0.0024488642811775208,0.0,-0.025692058727145195;1.0,1.232636606118831e-07,0.0,0.0
2.38;-0.0025294674560427666,0.0,-0.026126248762011528;1.0,1.232636606118831e-07,0.0,0.0
2.4;-0.0026270966045558453,0.0,-0.026560859754681587;1.0,1.232636606118831e-07,0.0,0.0
2.42;-0.002725544385612011,0.0,-0.02699911780655384;1.0,1.232636606118831e-07,0.0,0.0
2.44;-0.0028248117305338383,0.0,-0.02744102291762829;1.0,1.232636606118831e-07,0.0,0.0
2.46;-0.0029248972423374653,0.0,-0.02788657136261463;1.0,1.232636606118831e-07,0.0,0.0
2.48;-0.003025800921022892,0.0,-0.02833576314151287;1.0,1.232636606118831e-07,0.0,0.0
2.5;-0.0031275241635739803,0.0,-0.028788601979613304;1.0,1.232636606118831e-07,0.0,0.0
2.52;-0.003230065107345581,0.0,-0.029245084151625633;1.0,1.232636606118831e-07,0.0,0.0
2.54;-0.003333423752337694,0.0,-0.029705198481678963;1.0,1.232636606118831e-07,0.0,0.0
2.56;-0.0034375996328890324,0.0,-0.030168959870934486;1.0,1.232636606118831e-07,0.0,0.0
2.58;-0.0035425936803221703,0.0,-0.03063635714352131;1.0,1.232636606118831e-07,0.0,0.0
2.6;-0.0036484040319919586,0.0,-0.03110739402472973;1.0,1.232636606118831e-07,0.0,0.0
2.62;-0.00375503022223711,0.0,-0.0315820574760437;1.0,1.232636606118831e-07,0.0,0.0
2.64;-0.0038626883178949356,0.0,-0.03206031024456024;1.0,1.232636606118831e-07,0.0,0.0
2.66;-0.00398279121145606,0.0,-0.032539285719394684;1.0,1.232636606118831e-07,0.0,0.0
2.68;-0.004115545656532049,0.0,-0.033018916845321655;1.0,1.232636606118831e-07,0.0,0.0
2.7;-0.004249292891472578,0.0,-0.03350213170051575;1.0,1.232636606118831e-07,0.0,0.0
2.72;-0.004384031053632498,0.0,-0.033988937735557556;1.0,1.232636606118831e-07,0.0,0.0
2.74;-0.004519761074334383,0.0,-0.034479327499866486;1.0,1.232636606118831e-07,0.0,0.0
2.76;-0.004656483884900808,0.0,-0.034973300993442535;1.0,1.232636606118831e-07,0.0,0.0
2.78;-0.004794196225702763,0.0,-0.03547085076570511;1.0,1.232636606118831e-07,0.0,0.0
2.8;-0.004932897165417671,0.0,-0.03597196936607361;1.0,1.232636606118831e-07,0.0,0.0
2.82;-0.0050725918263196945,0.0,-0.036476679146289825;1.0,1.232636606118831e-07,0.0,0.0
2.84;-0.005213272292166948,0.0,-0.03698495030403137;1.0,1.232636606118831e-07,0.0,0.0
2.86;-0.005354942753911018,0.0,-0.03749680519104004;1.0,1.232636606118831e-07,0.0,0.0
2.88;-0.005497631151229143,0.0,-0.038012221455574036;1.0,1.232636606118831e-07,0.0,0.0
2.9;-0.005643145181238651,0.0,-0.03853064030408859;1.0,1.232636606118831e-07,0.0,0.0
2.92;-0.005813200958073139,0.0,-0.039045482873916626;1.0,1.232636606118831e-07,0.0,0.0
2.94;-0.00598441855981946,0.0,-0.039563849568367004;1.0,1.232636606118831e-07,0.0,0.0
2.96;-0.006156796123832464,0.0,-0.040085725486278534;1.0,1.232636606118831e-07,0.0,0.0
2.98;-0.006330330390483141,0.0,-0.04061109572649002;1.0,1.232636606118831e-07,0.0,0.0
3.0;-0.006505024153739214,0.0,-0.041139982640743256;1.0,1.232636606118831e-07,0.0,0.0
3.02;-0.006680876947939396,0.0,-0.04167237877845764;1.0,1.232636606118831e-07,0.0,0.0
3.04;-0.006857887376099825,0.0,-0.042208269238471985;1.0,1.232636606118831e-07,0.0,0.0
3.06;-0.0070360503159463406,0.0,-0.04274766147136688;1.0,1.232636606118831e-07,0.0,0.0
3.08;-0.007215371821075678,0.0,-0.04329056292772293;1.0,1.232636606118831e-07,0.0,0.0
3.1;-0.007395848166197538,0.0,-0.04383695125579834;1.0,1.232636606118831e-07,0.0,0.0
3.12;-0.007577907759696245,0.0,-0.04438668489456177;1.0,1.232636606118831e-07,0.0,0.0
3.14;-0.0077769081108272076,0.0,-0.044934265315532684;1.0,1.232636606118831e-07,0.0,0.0
3.16;-0.007987928576767445,0.0,-0.04548143595457077;1.0,1.232636606118831e-07,0.0,0.0
3.18;-0.008200272917747498,0.0,-0.04603204131126404;1.0,1.232636606118831e-07,0.0,0.0
3.2;-0.00841393880546093,0.0,-0.04658608138561249;1.0,1.232636606118831e-07,0.0,0.0
3.22;-0.008628922514617443,0.0,-0.04714353382587433;1.0,1.232636606118831e-07,0.0,0.0
3.24;-0.00884522870182991,0.0,-0.04770439863204956;1.0,1.232636606118831e-07,0.0,0.0
3.26;-0.009062848053872585,0.0,-0.04826868325471878;1.0,1.232636606118831e-07,0.0,0.0
3.28;-0.009281788021326065,0.0,-0.04883640259504318;1.0,1.232636606118831e-07,0.0,0.0
3.3;-0.009502043016254902,0.0,-0.04940751940011978;1.0,1.232636606118831e-07,0.0,0.0
3.32;-0.00972361396998167,0.0,-0.049982041120529175;1.0,1.232636606118831e-07,0.0,0.0
3.34;-0.009947346523404121,0.0,-0.0505596399307251;1.0,1.232636606118831e-07,0.0,0.0
3.36;-0.010197210125625134,0.0,-0.051130346953868866;1.0,1.232636606118831e-07,0.0,0.0
3.38;-0.010451223701238632,0.0,-0.051703281700611115;1.0,1.232636606118831e-07,0.0,0.0
3.4;-0.010706715285778046,0.0,-0.05227954685688019;1.0,1.232636606118831e-07,0.0,0.0
3.42;-0.010963683016598225,0.0,-0.052859142422676086;1.0,1.232636606118831e-07,0.0,0.0
3.44;-0.01122212503105402,0.0,-0.05344206094741821;1.0,1.232636606118831e-07,0.0,0.0
3.46;-0.011482038535177708,0.0,-0.05402829498052597;1.0,1.232636606118831e-07,0.0,0.0
3.48;-0.011743425391614437,0.0,-0.05461786687374115;1.0,1.232636606118831e-07,0.0,0.0
3.5;-0.012006283737719059,0.0,-0.055210746824741364;1.0,1.232636606118831e-07,0.0,0.0
3.52;-0.012270611710846424,0.0,-0.055806927382946014;1.0,1.232636606118831e-07,0.0,0.0
3.54;-0.012537314556539059,0.0,-0.05640602111816406;1.0,1.232636606118831e-07,0.0,0.0
3.56;-0.012829541228711605,0.0,-0.056997016072273254;1.0,1.232636606118831e-07,0.0,0.0
3.58;-0.01312766782939434,0.0,-0.05758923292160034;1.0,1.232636606118831e-07,0.0,0.0
3.6;-0.01342741772532463,0.0,-0.0581846684217453;1.0,1.232636606118831e-07,0.0,0.0
3.62;-0.013728787191212177,0.0,-0.05878332257270813;1.0,1.232636606118831e-07,0.0,0.0
3.64;-0.014031779952347279,0.0,-0.059385210275650024;1.0,1.232636606118831e-07,0.0,0.0
3.66;-0.014336396008729935,0.0,-0.05999030917882919;1.0,1.232636606118831e-07,0.0,0.0
3.68;-0.014642622321844101,0.0,-0.06059861183166504;1.0,1.232636606118831e-07,0.0,0.0
3.7;-0.014950471930205822,0.0,-0.061210133135318756;1.0,1.232636606118831e-07,0.0,0.0
3.72;-0.015260092914104462,0.0,-0.061824798583984375;1.0,1.232636606118831e-07,0.0,0.0
3.74;-0.015581822022795677,0.0,-0.0624370202422142;1.0,1.232636606118831e-07,0.0,0.0
3.76;-0.01592455618083477,0.0,-0.06304208934307098;1.0,1.232636606118831e-07,0.0,0.0
3.78;-0.016269056126475334,0.0,-0.06365028023719788;1.0,1.232636606118831e-07,0.0,0.0
3.8;-0.016615327447652817,0.0,-0.06426159292459488;1.0,1.232636606118831e-07,0.0,0.0
3.82;-0.016963349655270576,0.0,-0.0648760050535202;1.0,1.232636606118831e-07,0.0,0.0
3.84;-0.01731312833726406,0.0,-0.06549350917339325;1.0,1.232636606118831e-07,0.0,0.0
3.86;-0.01766466721892357,0.0,-0.06611412763595581;1.0,1.232636606118831e-07,0.0,0.0
3.88;-0.0180179663002491,0.0,-0.06673785299062729;1.0,1.232636606118831e-07,0.0,0.0
3.9;-0.01837301068007946,0.0,-0.0673646479845047;1.0,1.232636606118831e-07,0.0,0.0
3.92;-0.018738526850938797,0.0,-0.06798932701349258;1.0,1.232636606118831e-07,0.0,0.0
3.94;-0.019127681851387024,0.0,-0.06860397756099701;1.0,1.232636606118831e-07,0.0,0.0
3.96;-0.01951872743666172,0.0,-0.0692216083407402;1.0,1.232636606118831e-07,0.0,0.0
3.98;-0.01991167478263378,0.0,-0.06984224170446396;1.0,1.232636606118831e-07,0.0,0.0
4.0;-0.020306510850787163,0.0,-0.07046587765216827;1.0,1.232636606118831e-07,0.0,0.0
4.02;-0.020703230053186417,0.0,-0.07109246402978897;1.0,1.232636606118831e-07,0.0,0.0
4.04;-0.02110183797776699,0.0,-0.07172204554080963;1.0,1.232636606118831e-07,0.0,0.0
4.06;-0.021502338349819183,0.0,-0.07235462218523026;1.0,1.232636606118831e-07,0.0,0.0
4.08;-0.021905267611145973,0.0,-0.07298976182937622;1.0,1.232636606118831e-07,0.0,0.0
4.1;-0.022327454760670662,0.0,-0.07361628860235214;1.0,1.232636606118831e-07,0.0,0.0
4.12;-0.022764671593904495,0.0,-0.07423699647188187;1.0,1.232636606118831e-07,0.0,0.0
4.14;-0.023203903809189796,0.0,-0.07486055046319962;1.0,1.232636606118831e-07,0.0,0.0
4.16;-0.023645147681236267,0.0,-0.07548697292804718;1.0,1.232636606118831e-07,0.0,0.0
4.18;-0.024088406935334206,0.0,-0.07611624896526337;1.0,1.232636606118831e-07,0.0,0.0
4.2;-0.024533672258257866,0.0,-0.07674837857484818;1.0,1.232636606118831e-07,0.0,0.0
4.22;-0.024980952963232994,0.0,-0.0773833617568016;1.0,1.232636606118831e-07,0.0,0.0
4.24;-0.025430232286453247,0.0,-0.07802119851112366;1.0,1.232636606118831e-07,0.0,0.0
4.26;-0.025889122858643532,0.0,-0.07865623384714127;1.0,1.232636606118831e-07,0.0,0.0
4.28;-0.02637341059744358,0.0,-0.07927672564983368;1.0,1.232636606118831e-07,0.0,0.0
4.3;-0.026859844103455544,0.0,-0.07989998161792755;1.0,1.232636606118831e-07,0.0,0.0
4.32;-0.02734839916229248,0.0,-0.0805259495973587;1.0,1.232636606118831e-07,0.0,0.0
4.34;-0.02783907577395439,0.0,-0.08115462958812714;1.0,1.232636606118831e-07,0.0,0.0
4.36;-0.028331870213150978,0.0,-0.08178603649139404;1.0,1.232636606118831e-07,0.0,0.0
4.38;-0.028826795518398285,0.0,-0.08242017030715942;1.0,1.232636606118831e-07,0.0,0.0
4.4;-0.02932383492588997,0.0,-0.08305700868368149;1.0,1.232636606118831e-07,0.0,0.0
4.42;-0.02982892282307148,0.0,-0.08369168639183044;1.0,1.232636606118831e-07,0.0,0.0
4.44;-0.030361047014594078,0.0,-0.08430861681699753;1.0,1.232636606118831e-07,0.0,0.0
4.46;-0.030895395204424858,0.0,-0.08492814004421234;1.0,1.232636606118831e-07,0.0,0.0
4.48;-0.03143199160695076,0.0,-0.08555025607347488;1.0,1.232636606118831e-07,0.0,0.0
4.5;-0.0319707989692688,0.0,-0.08617494255304337;1.0,1.232636606118831e-07,0.0,0.0
4.52;-0.03251184523105621,0.0,-0.08680221438407898;1.0,1.232636606118831e-07,0.0,0.0
4.54;-0.033055104315280914,0.0,-0.08743207901716232;1.0,1.232636606118831e-07,0.0,0.0
4.56;-0.0336005836725235,0.0,-0.08806448429822922;1.0,1.232636606118831e-07,0.0,0.0
4.58;-0.03416062518954277,0.0,-0.08868828415870667;1.0,1.232636606118831e-07,0.0,0.0
4.6;-0.03474113717675209,0.0,-0.08929810672998428;1.0,1.232636606118831e-07,0.0,0.0
4.62;-0.035323984920978546,0.0,-0.08991038054227829;1.0,1.232636606118831e-07,0.0,0.0
4.64;-0.03590914607048035,0.0,-0.09052509069442749;1.0,1.232636606118831e-07,0.0,0.0
4.66;-0.03649662807583809,0.0,-0.09114222973585129;1.0,1.232636606118831e-07,0.0,0.0
4.68;-0.037086427211761475,0.0,-0.09176182001829147;1.0,1.232636606118831e-07,0.0,0.0
4.7;-0.0376785509288311,0.0,-0.09238382428884506;1.0,1.232636606118831e-07,0.0,0.0
4.72;-0.038274236023426056,0.0,-0.09300700575113297;1.0,1.232636606118831e-07,0.0,0.0
4.74;-0.038895443081855774,0.0,-0.09360939264297485;1.0,1.232636606118831e-07,0.0,0.0
4.76;-0.03952472284436226,0.0,-0.09420842677354813;1.0,1.232636606118831e-07,0.0,0.0
4.78;-0.04015640541911125,0.0,-0.09480975568294525;1.0,1.232636606118831e-07,0.0,0.0
4.8;-0.04079051688313484,0.0,-0.09541337937116623;1.0,1.232636606118831e-07,0.0,0.0
4.82;-0.04142701253294945,0.0,-0.09601928293704987;1.0,1.232636606118831e-07,0.0,0.0
4.84;-0.04206591099500656,0.0,-0.09662748128175735;1.0,1.232636606118831e-07,0.0,0.0
4.86;-0.042707376182079315,0.0,-0.09723776578903198;1.0,1.232636606118831e-07,0.0,0.0
4.88;-0.04336605221033096,0.0,-0.09783396124839783;1.0,1.232636606118831e-07,0.0,0.0
4.9;-0.04404149949550629,0.0,-0.09841655939817429;1.0,1.232636606118831e-07,0.0,0.0
4.92;-0.04471943527460098,0.0,-0.09900128096342087;1.0,1.232636606118831e-07,0.0,0.0
4.94;-0.04539984092116356,0.0,-0.09958815574645996;1.0,1.232636606118831e-07,0.0,0.0
4.96;-0.046082738786935806,0.0,-0.10017717629671097;1.0,1.232636606118831e-07,0.0,0.0
4.98;-0.04676811769604683,0.0,-0.1007683277130127;1.0,1.232636606118831e-07,0.0,0.0
5.0;-0.047455936670303345,0.0,-0.10136158764362335;1.0,1.232636606118831e-07,0.0,0.0
5.02;-0.04815688356757164,0.0,-0.10194399952888489;1.0,1.232636606118831e-07,0.0,0.0
5.04;-0.048878081142902374,0.0,-0.10250686854124069;1.0,1.232636606118831e-07,0.0,0.0
5.06;-0.049601830542087555,0.0,-0.10307174175977707;1.0,1.232636606118831e-07,0.0,0.0
5.08;-0.05032811686396599,0.0,-0.10363859683275223;1.0,1.232636606118831e-07,0.0,0.0
5.1;-0.051056936383247375,0.0,-0.10420742630958557;1.0,1.232636606118831e-07,0.0,0.0
5.12;-0.05178830400109291,0.0,-0.1047782450914383;1.0,1.232636606118831e-07,0.0,0.0
5.14;-0.0525222010910511,0.0,-0.1053510457277298;1.0,1.232636606118831e-07,0.0,0.0
5.16;-0.05326984077692032,0.0,-0.10591064393520355;1.0,1.232636606118831e-07,0.0,0.0
5.18;-0.05403616651892662,0.0,-0.10645043104887009;1.0,1.232636606118831e-07,0.0,0.0
5.2;-0.05480510741472244,0.0,-0.10699206590652466;1.0,1.232636606118831e-07,0.0,0.0
5.22;-0.05557664856314659,0.0,-0.10753552615642548;1.0,1.232636606118831e-07,0.0,0.0
5.24;-0.05635076388716698,0.0,-0.10808081179857254;1.0,1.232636606118831e-07,0.0,0.0
5.26;-0.0571274571120739,0.0,-0.10862791538238525;1.0,1.232636606118831e-07,0.0,0.0
5.28;-0.057907089591026306,0.0,-0.10917634516954422;1.0,1.232636606118831e-07,0.0,0.0
5.3;-0.05870456621050835,0.0,-0.10970374196767807;1.0,1.232636606118831e-07,0.0,0.0
5.32;-0.05951523035764694,0.0,-0.11021699756383896;1.0,1.232636606118831e-07,0.0,0.0
5.34;-0.060328561812639236,0.0,-0.11073195934295654;1.0,1.232636606118831e-07,0.0,0.0
5.36;-0.06114451587200165,0.0,-0.11124856770038605;1.0,1.232636606118831e-07,0.0,0.0
5.38;-0.06196313723921776,0.0,-0.11176685988903046;1.0,1.232636606118831e-07,0.0,0.0
5.4;-0.06278437376022339,0.0,-0.11228684335947037;1.0,1.232636606118831e-07,0.0,0.0
5.42;-0.06360971182584763,0.0,-0.11280597746372223;1.0,1.232636606118831e-07,0.0,0.0
5.44;-0.06445825099945068,0.0,-0.1132923811674118;1.0,1.232636606118831e-07,0.0,0.0
5.46;-0.06531204283237457,0.0,-0.11377600580453873;1.0,1.232636606118831e-07,0.0,0.0
5.48;-0.06616855412721634,0.0,-0.11426117271184921;1.0,1.232636606118831e-07,0.0,0.0
5.5;-0.06702770292758942,0.0,-0.11474782228469849;1.0,1.232636606118831e-07,0.0,0.0
5.52;-0.06788954883813858,0.0,-0.11523599922657013;1.0,1.232636606118831e-07,0.0,0.0
5.54;-0.06875403970479965,0.0,-0.11572566628456116;1.0,1.232636606118831e-07,0.0,0.0
5.56;-0.06963127851486206,0.0,-0.11619792133569717;1.0,1.232636606118831e-07,0.0,0.0
5.58;-0.07052411884069443,0.0,-0.11664741486310959;1.0,1.232636606118831e-07,0.0,0.0
5.6;-0.07141970098018646,0.0,-0.11709824949502945;1.0,1.232636606118831e-07,0.0,0.0
5.62;-0.07231796532869339,0.0,-0.11755045503377914;1.0,1.232636606118831e-07,0.0,0.0
5.64;-0.0732189491391182,0.0,-0.11800401657819748;1.0,1.232636606118831e-07,0.0,0.0
5.66;-0.07412257045507431,0.0,-0.11845890432596207;1.0,1.232636606118831e-07,0.0,0.0
5.68;-0.07503052800893784,0.0,-0.11891166865825653;1.0,1.232636606118831e-07,0.0,0.0
5.7;-0.07596024125814438,0.0,-0.11932536214590073;1.0,1.232636606118831e-07,0.0,0.0
5.72;-0.07689327746629715,0.0,-0.11973903328180313;1.0,1.232636606118831e-07,0.0,0.0
5.74;-0.07782905548810959,0.0,-0.12015392631292343;1.0,1.232636606118831e-07,0.0,0.0
5.76;-0.07876752316951752,0.0,-0.12057001143693924;1.0,1.232636606118831e-07,0.0,0.0
5.78;-0.07970865815877914,0.0,-0.12098727375268936;1.0,1.232636606118831e-07,0.0,0.0
5.8;-0.08065315335988998,0.0,-0.12140407413244247;1.0,1.232636606118831e-07,0.0,0.0
5.82;-0.08161419630050659,0.0,-0.12178869545459747;1.0,1.232636606118831e-07,0.0,0.0
5.84;-0.08258295804262161,0.0,-0.12216231971979141;1.0,1.232636606118831e-07,0.0,0.0
5.86;-0.08355442434549332,0.0,-0.12253696471452713;1.0,1.232636606118831e-07,0.0,0.0
5.88;-0.08452858775854111,0.0,-0.12291266024112701;1.0,1.232636606118831e-07,0.0,0.0
5.9;-0.08550547808408737,0.0,-0.12328942120075226;1.0,1.232636606118831e-07,0.0,0.0
5.92;-0.0864851325750351,0.0,-0.12366686016321182;1.0,1.232636606118831e-07,0.0,0.0
5.94;-0.08747801929712296,0.0,-0.12401599436998367;1.0,1.232636606118831e-07,0.0,0.0
5.96;-0.0884803980588913,0.0,-0.12434709817171097;1.0,1.232636606118831e-07,0.0,0.0
5.98;-0.08948545157909393,0.0,-0.1246790811419487;1.0,1.232636606118831e-07,0.0,0.0
6.0;-0.09049326181411743,0.0,-0.12501195073127747;1.0,1.232636606118831e-07,0.0,0.0
6.02;-0.09150370210409164,0.0,-0.12534572184085846;1.0,1.232636606118831e-07,0.0,0.0
6.04;-0.09251688420772552,0.0,-0.1256803721189499;1.0,1.232636606118831e-07,0.0,0.0
6.06;-0.09354118257761002,0.0,-0.12598800659179688;1.0,1.232636606118831e-07,0.0,0.0
6.08;-0.09457492083311081,0.0,-0.12627412378787994;1.0,1.232636606118831e-07,0.0,0.0
6.1;-0.09561138600111008,0.0,-0.1265610009431839;1.0,1.232636606118831e-07,0.0,0.0
6.12;-0.09665049612522125,0.0,-0.12684862315654755;1.0,1.232636606118831e-07,0.0,0.0
6.14;-0.09769231826066971,0.0,-0.1271369755268097;1.0,1.232636606118831e-07,0.0,0.0
6.16;-0.09873681515455246,0.0,-0.12742607295513153;1.0,1.232636606118831e-07,0.0,0.0
6.18;-0.09979162365198135,0.0,-0.1276853233575821;1.0,1.232636606118831e-07,0.0,0.0
6.2;-0.10085440427064896,0.0,-0.12792406976222992;1.0,1.232636606118831e-07,0.0,0.0
6.22;-0.10191980749368668,0.0,-0.1281633973121643;1.0,1.232636606118831e-07,0.0,0.0
6.24;-0.10298791527748108,0.0,-0.12840333580970764;1.0,1.232636606118831e-07,0.0,0.0
6.26;-0.10405869781970978,0.0,-0.12864387035369873;1.0,1.232636606118831e-07,0.0,0.0
6.28;-0.1051323339343071,0.0,-0.12888388335704803;1.0,1.232636606118831e-07,0.0,0.0
6.3;-0.10621568560600281,0.0,-0.1290885955095291;1.0,1.232636606118831e-07,0.0,0.0
6.32;-0.10730495303869247,0.0,-0.12927751243114471;1.0,1.232636606118831e-07,0.0,0.0
6.34;-0.10839685797691345,0.0,-0.12946690618991852;1.0,1.232636606118831e-07,0.0,0.0
6.36;-0.10949137061834335,0.0,-0.12965673208236694;1.0,1.232636606118831e-07,0.0,0.0
6.38;-0.11058848351240158,0.0,-0.12984701991081238;1.0,1.232636606118831e-07,0.0,0.0
6.4;-0.11168871819972992,0.0,-0.13003438711166382;1.0,1.232636606118831e-07,0.0,0.0
6.42;-0.11279797554016113,0.0,-0.13017885386943817;1.0,1.232636606118831e-07,0.0,0.0
6.44;-0.11391095072031021,0.0,-0.13031607866287231;1.0,1.232636606118831e-07,0.0,0.0
6.46;-0.11502650380134583,0.0,-0.13045363128185272;1.0,1.232636606118831e-07,0.0,0.0
6.48;-0.11614470183849335,0.0,-0.1305914968252182;1.0,1.232636606118831e-07,0.0,0.0
6.5;-0.11726540327072144,0.0,-0.13072967529296875;1.0,1.232636606118831e-07,0.0,0.0
6.52;-0.1183898001909256,0.0,-0.1308567225933075;1.0,1.232636606118831e-07,0.0,0.0
6.54;-0.11952108889818192,0.0,-0.13094022870063782;1.0,1.232636606118831e-07,0.0,0.0
6.56;-0.12065490335226059,0.0,-0.13102389872074127;1.0,1.232636606118831e-07,0.0,0.0
6.58;-0.12179125845432281,0.0,-0.13110776245594025;1.0,1.232636606118831e-07,0.0,0.0
6.6;-0.1229301169514656,0.0,-0.13119183480739594;1.0,1.232636606118831e-07,0.0,0.0
6.62;-0.12407153099775314,0.0,-0.13127608597278595;1.0,1.232636606118831e-07,0.0,0.0
6.64;-0.1252170354127884,0.0,-0.13132472336292267;1.0,1.232636606118831e-07,0.0,0.0
6.66;-0.12636618316173553,0.0,-0.13135702908039093;1.0,1.232636606118831e-07,0.0,0.0
6.68;-0.12751783430576324,0.0,-0.13139553368091583;1.0,1.232636606118831e-07,0.0,0.0
6.7;-0.12867195904254913,0.0,-0.13143010437488556;1.0,1.232636606118831e-07,0.0,0.0
6.72;-0.129828542470932,0.0,-0.13144227862358093;1.0,1.232636606118831e-07,0.0,0.0
6.74;-0.13098758459091187,0.0,-0.13143949210643768;1.0,1.232636606118831e-07,0.0,0.0
6.76;-0.13214907050132751,0.0,-0.131429523229599;1.0,1.232636606118831e-07,0.0,0.0
6.78;-0.13331297039985657,0.0,-0.13141106069087982;1.0,1.232636606118831e-07,0.0,0.0
6.8;-0.13447926938533783,0.0,-0.13138562440872192;1.0,1.232636606118831e-07,0.0,0.0
6.82;-0.1356479972600937,0.0,-0.13135652244091034;1.0,1.232636606118831e-07,0.0,0.0
6.84;-0.13681907951831818,0.0,-0.131323903799057;1.0,1.232636606118831e-07,0.0,0.0
6.86;-0.13799124956130981,0.0,-0.13127095997333527;1.0,1.232636606118831e-07,0.0,0.0
6.88;-0.13916423916816711,0.0,-0.131184384226799;1.0,1.232636606118831e-07,0.0,0.0
6.9;-0.14033961296081543,0.0,-0.13109764456748962;1.0,1.232636606118831e-07,0.0,0.0
6.92;-0.14151734113693237,0.0,-0.13101069629192352;1.0,1.232636606118831e-07,0.0,0.0
6.94;-0.14269740879535675,0.0,-0.13092361390590668;1.0,1.232636606118831e-07,0.0,0.0
6.96;-0.1438792645931244,0.0,-0.1308310478925705;1.0,1.232636606118831e-07,0.0,0.0
6.98;-0.1450584977865219,0.0,-0.13068892061710358;1.0,1.232636606118831e-07,0.0,0.0
7.0;-0.1462397575378418,0.0,-0.1305432915687561;1.0,1.232636606118831e-07,0.0,0.0
7.02;-0.14742320775985718,0.0,-0.13039737939834595;1.0,1.232636606118831e-07,0.0,0.0
7.04;-0.1486089825630188,0.0,-0.1302511841058731;1.0,1.232636606118831e-07,0.0,0.0
7.06;-0.1497969925403595,0.0,-0.13010472059249878;1.0,1.232636606118831e-07,0.0,0.0
7.08;-0.15098163485527039,0.0,-0.12992043793201447;1.0,1.232636606118831e-07,0.0,0.0
7.1;-0.15216544270515442,0.0,-0.12971511483192444;1.0,1.232636606118831e-07,0.0,0.0
7.12;-0.15335145592689514,0.0,-0.12950943410396576;1.0,1.232636606118831e-07,0.0,0.0
7.14;-0.1545395851135254,0.0,-0.12930332124233246;1.0,1.232636606118831e-07,0.0,0.0
7.16;-0.15572990477085114,0.0,-0.1290968954563141;1.0,1.232636606118831e-07,0.0,0.0
7.18;-0.15691882371902466,0.0,-0.1288720667362213;1.0,1.232636606118831e-07,0.0,0.0
7.2;-0.15810175240039825,0.0,-0.12860631942749023;1.0,1.232636606118831e-07,0.0,0.0
7.22;-0.15928682684898376,0.0,-0.12834012508392334;1.0,1.232636606118831e-07,0.0,0.0
7.24;-0.1604740470647812,0.0,-0.12807343900203705;1.0,1.232636606118831e-07,0.0,0.0
7.26;-0.16166327893733978,0.0,-0.12780629098415375;1.0,1.232636606118831e-07,0.0,0.0
7.28;-0.1628531962633133,0.0,-0.12753339111804962;1.0,1.232636606118831e-07,0.0,0.0
7.3;-0.16403302550315857,0.0,-0.12721116840839386;1.0,1.232636606118831e-07,0.0,0.0
7.32;-0.16521380841732025,0.0,-0.1268843412399292;1.0,1.232636606118831e-07,0.0,0.0
7.34;-0.1663966327905655,0.0,-0.12655694782733917;1.0,1.232636606118831e-07,0.0,0.0
7.36;-0.16758142411708832,0.0,-0.12622900307178497;1.0,1.232636606118831e-07,0.0,0.0
7.38;-0.16876767575740814,0.0,-0.12589898705482483;1.0,1.232636606118831e-07,0.0,0.0
7.4;-0.16994313895702362,0.0,-0.12552623450756073;1.0,1.232636606118831e-07,0.0,0.0
7.42;-0.17111629247665405,0.0,-0.12513874471187592;1.0,1.232636606118831e-07,0.0,0.0
7.44;-0.17229127883911133,0.0,-0.12475062906742096;1.0,1.232636606118831e-07,0.0,0.0
7.46;-0.17346824705600739,0.0,-0.12436188012361526;1.0,1.232636606118831e-07,0.0,0.0
7.48;-0.1746470332145691,0.0,-0.12397251278162003;1.0,1.232636606118831e-07,0.0,0.0
7.5;-0.175815612077713,0.0,-0.12354869395494461;1.0,1.232636606118831e-07,0.0,0.0
7.52;-0.17697758972644806,0.0,-0.12310056388378143;1.0,1.232636606118831e-07,0.0,0.0
7.54;-0.17814135551452637,0.0,-0.12265176326036453;1.0,1.232636606118831e-07,0.0,0.0
7.56;-0.17930690944194794,0.0,-0.12220223993062973;1.0,1.232636606118831e-07,0.0,0.0
7.58;-0.18047425150871277,0.0,-0.1217520460486412;1.0,1.232636606118831e-07,0.0,0.0
7.6;-0.18163305521011353,0.0,-0.12127619981765747;1.0,1.232636606118831e-07,0.0,0.0
7.62;-0.18278034031391144,0.0,-0.12076754122972488;1.0,1.232636606118831e-07,0.0,0.0
7.64;-0.18392930924892426,0.0,-0.1202581450343132;1.0,1.232636606118831e-07,0.0,0.0
7.66;-0.18507996201515198,0.0,-0.11974798887968063;1.0,1.232636606118831e-07,0.0,0.0
7.68;-0.18623235821723938,0.0,-0.11923706531524658;1.0,1.232636606118831e-07,0.0,0.0
7.7;-0.18737775087356567,0.0,-0.11870712786912918;1.0,1.232636606118831e-07,0.0,0.0
7.72;-0.18850690126419067,0.0,-0.11813871562480927;1.0,1.232636606118831e-07,0.0,0.0
7.74;-0.1896376758813858,0.0,-0.1175694614648819;1.0,1.232636606118831e-07,0.0,0.0
7.76;-0.19077004492282867,0.0,-0.11699941009283066;1.0,1.232636606118831e-07,0.0,0.0
7.78;-0.19190402328968048,0.0,-0.11642853915691376;1.0,1.232636606118831e-07,0.0,0.0
7.8;-0.19303222000598907,0.0,-0.11584299802780151;1.0,1.232636606118831e-07,0.0,0.0
7.82;-0.19413991272449493,0.0,-0.11521557718515396;1.0,1.232636606118831e-07,0.0,0.0
7.84;-0.19524915516376495,0.0,-0.11458726227283478;1.0,1.232636606118831e-07,0.0,0.0
7.86;-0.19635991752147675,0.0,-0.11395808309316635;1.0,1.232636606118831e-07,0.0,0.0
7.88;-0.19747209548950195,0.0,-0.11332812160253525;1.0,1.232636606118831e-07,0.0,0.0
7.9;-0.1985788494348526,0.0,-0.11268579959869385;1.0,1.232636606118831e-07,0.0,0.0
7.92;-0.19966167211532593,0.0,-0.1120002269744873;1.0,1.232636606118831e-07,0.0,0.0
7.94;-0.20074589550495148,0.0,-0.11131377518177032;1.0,1.232636606118831e-07,0.0,0.0
7.96;-0.20183151960372925,0.0,-0.11062641441822052;1.0,1.232636606118831e-07,0.0,0.0
7.98;-0.20291851460933685,0.0,-0.10993821918964386;1.0,1.232636606118831e-07,0.0,0.0
8.0;-0.20399954915046692,0.0,-0.10923818498849869;1.0,1.232636606118831e-07,0.0,0.0
8.02;-0.20505400002002716,0.0,-0.10849543660879135;1.0,1.232636606118831e-07,0.0,0.0
8.04;-0.20610974729061127,0.0,-0.10775179415941238;1.0,1.232636606118831e-07,0.0,0.0
8.06;-0.20716676115989685,0.0,-0.10700723528862;1.0,1.232636606118831e-07,0.0,0.0
8.08;-0.2082250714302063,0.0,-0.10626176744699478;1.0,1.232636606118831e-07,0.0,0.0
8.1;-0.2092757523059845,0.0,-0.10550356656312943;1.0,1.232636606118831e-07,0.0,0.0
8.12;-0.21029861271381378,0.0,-0.10470524430274963;1.0,1.232636606118831e-07,0.0,0.0
8.14;-0.21132275462150574,0.0,-0.10390593111515045;1.0,1.232636606118831e-07,0.0,0.0
8.16;-0.21234798431396484,0.0,-0.10310573875904083;1.0,1.232636606118831e-07,0.0,0.0
8.18;-0.21337443590164185,0.0,-0.10230462998151779;1.0,1.232636606118831e-07,0.0,0.0
8.2;-0.2143903523683548,0.0,-0.10148844867944717;1.0,1.232636606118831e-07,0.0,0.0
8.22;-0.21537858247756958,0.0,-0.1006360873579979;1.0,1.232636606118831e-07,0.0,0.0
8.24;-0.21636782586574554,0.0,-0.09978282451629639;1.0,1.232636606118831e-07,0.0,0.0
8.26;-0.21735817193984985,0.0,-0.09892863780260086;1.0,1.232636606118831e-07,0.0,0.0
8.28;-0.21834957599639893,0.0,-0.09807352721691132;1.0,1.232636606118831e-07,0.0,0.0
8.3;-0.21932609379291534,0.0,-0.0971999391913414;1.0,1.232636606118831e-07,0.0,0.0
8.32;-0.22027640044689178,0.0,-0.0962953120470047;1.0,1.232636606118831e-07,0.0,0.0
8.34;-0.22122769057750702,0.0,-0.09538974612951279;1.0,1.232636606118831e-07,0.0,0.0
8.36;-0.22217993438243866,0.0,-0.09448328614234924;1.0,1.232636606118831e-07,0.0,0.0
8.38;-0.2231331467628479,0.0,-0.0935758650302887;1.0,1.232636606118831e-07,0.0,0.0
8.4;-0.22406546771526337,0.0,-0.09264574944972992;1.0,1.232636606118831e-07,0.0,0.0
8.42;-0.22497472167015076,0.0,-0.09169062972068787;1.0,1.232636606118831e-07,0.0,0.0
8.44;-0.2258847951889038,0.0,-0.09073460102081299;1.0,1.232636606118831e-07,0.0,0.0
8.46;-0.2267957478761673,0.0,-0.08977764844894409;1.0,1.232636606118831e-07,0.0,0.0
8.48;-0.2277076244354248,0.0,-0.08881977200508118;1.0,1.232636606118831e-07,0.0,0.0
8.5;-0.22859114408493042,0.0,-0.08783455193042755;1.0,1.232636606118831e-07,0.0,0.0
8.52;-0.22945646941661835,0.0,-0.08683126419782639;1.0,1.232636606118831e-07,0.0,0.0
8.54;-0.23032265901565552,0.0,-0.08582702279090881;1.0,1.232636606118831e-07,0.0,0.0
8.56;-0.23118960857391357,0.0,-0.0848219096660614;1.0,1.232636606118831e-07,0.0,0.0
8.58;-0.23205707967281342,0.0,-0.08381565660238266;1.0,1.232636606118831e-07,0.0,0.0
8.6;-0.23288756608963013,0.0,-0.08277765661478043;1.0,1.232636606118831e-07,0.0,0.0
8.62;-0.23370634019374847,0.0,-0.08172859251499176;1.0,1.232636606118831e-07,0.0,0.0
8.64;-0.2345258742570877,0.0,-0.0806785449385643;1.0,1.232636606118831e-07,0.0,0.0
8.66;-0.23534607887268066,0.0,-0.07962764799594879;1.0,1.232636606118831e-07,0.0,0.0
8.68;-0.23616336286067963,0.0,-0.07857320457696915;1.0,1.232636606118831e-07,0.0,0.0
8.7;-0.23693948984146118,0.0,-0.07748693972826004;1.0,1.232636606118831e-07,0.0,0.0
8.72;-0.23770900070667267,0.0,-0.07639448344707489;1.0,1.232636606118831e-07,0.0,0.0
8.74;-0.23847916722297668,0.0,-0.07530108839273453;1.0,1.232636606118831e-07,0.0,0.0
8.76;-0.23924988508224487,0.0,-0.07420694082975388;1.0,1.232636606118831e-07,0.0,0.0
8.78;-0.2400134652853012,0.0,-0.07310669124126434;1.0,1.232636606118831e-07,0.0,0.0
8.8;-0.24073146283626556,0.0,-0.07197488844394684;1.0,1.232636606118831e-07,0.0,0.0
8.82;-0.24144905805587769,0.0,-0.07084151357412338;1.0,1.232636606118831e-07,0.0,0.0
8.84;-0.2421671450138092,0.0,-0.06970735639333725;1.0,1.232636606118831e-07,0.0,0.0
8.86;-0.2428857535123825,0.0,-0.06857237219810486;1.0,1.232636606118831e-07,0.0,0.0
8.88;-0.24358601868152618,0.0,-0.06742534041404724;1.0,1.232636606118831e-07,0.0,0.0
8.9;-0.24424900114536285,0.0,-0.06625492125749588;1.0,1.232636606118831e-07,0.0,0.0
8.92;-0.24491244554519653,0.0,-0.06508363783359528;1.0,1.232636606118831e-07,0.0,0.0
8.94;-0.24557630717754364,0.0,-0.06391164660453796;1.0,1.232636606118831e-07,0.0,0.0
8.96;-0.24624060094356537,0.0,-0.06273886561393738;1.0,1.232636606118831e-07,0.0,0.0
8.98;-0.24687287211418152,0.0,-0.06154794991016388;1.0,1.232636606118831e-07,0.0,0.0
9.0;-0.247479647397995,0.0,-0.06034257262945175;1.0,1.232636606118831e-07,0.0,0.0
9.02;-0.2480868548154831,0.0,-0.05913641303777695;1.0,1.232636606118831e-07,0.0,0.0
9.04;-0.24869441986083984,0.0,-0.057929523289203644;1.0,1.232636606118831e-07,0.0,0.0
9.06;-0.24930155277252197,0.0,-0.056721583008766174;1.0,1.232636606118831e-07,0.0,0.0
9.08;-0.24986279010772705,0.0,-0.05549111217260361;1.0,1.232636606118831e-07,0.0,0.0
9.1;-0.25041139125823975,0.0,-0.0542537122964859;1.0,1.232636606118831e-07,0.0,0.0
9.12;-0.25096026062965393,0.0,-0.05301572382450104;1.0,1.232636606118831e-07,0.0,0.0
9.14;-0.2515094578266144,0.0,-0.05177701264619827;1.0,1.232636606118831e-07,0.0,0.0
9.16;-0.25205177068710327,0.0,-0.05053471773862839;1.0,1.232636606118831e-07,0.0,0.0
9.18;-0.25254401564598083,0.0,-0.04927092790603638;1.0,1.232636606118831e-07,0.0,0.0
9.2;-0.25303229689598083,0.0,-0.048004768788814545;1.0,1.232636606118831e-07,0.0,0.0
9.22;-0.2535208761692047,0.0,-0.04673796892166138;1.0,1.232636606118831e-07,0.0,0.0
9.24;-0.2540096044540405,0.0,-0.04547064006328583;1.0,1.232636606118831e-07,0.0,0.0
9.26;-0.2544790804386139,0.0,-0.044195644557476044;1.0,1.232636606118831e-07,0.0,0.0
9.28;-0.25490543246269226,0.0,-0.04290473461151123;1.0,1.232636606118831e-07,0.0,0.0
9.3;-0.2553320825099945,0.0,-0.041613101959228516;1.0,1.232636606118831e-07,0.0,0.0
9.32;-0.2557588815689087,0.0,-0.040320985019207;1.0,1.232636606118831e-07,0.0,0.0
9.34;-0.2561858296394348,0.0,-0.03902839124202728;1.0,1.232636606118831e-07,0.0,0.0
9.36;-0.2565755844116211,0.0,-0.037723906338214874;1.0,1.232636606118831e-07,0.0,0.0
9.38;-0.25693902373313904,0.0,-0.036410845816135406;1.0,1.232636606118831e-07,0.0,0.0
9.4;-0.25730255246162415,0.0,-0.035097382962703705;1.0,1.232636606118831e-07,0.0,0.0
9.42;-0.25766628980636597,0.0,-0.03378337621688843;1.0,1.232636606118831e-07,0.0,0.0
9.44;-0.2580276131629944,0.0,-0.03246823698282242;1.0,1.232636606118831e-07,0.0,0.0
9.46;-0.25833770632743835,0.0,-0.031139904633164406;1.0,1.232636606118831e-07,0.0,0.0
9.48;-0.25863686203956604,0.0,-0.02980824001133442;1.0,1.232636606118831e-07,0.0,0.0
9.5;-0.2589360475540161,0.0,-0.028476258739829063;1.0,1.232636606118831e-07,0.0,0.0
9.52;-0.2592353820800781,0.0,-0.027143796905875206;1.0,1.232636606118831e-07,0.0,0.0
9.54;-0.2595237195491791,0.0,-0.0258087906986475;1.0,1.232636606118831e-07,0.0,0.0
9.56;-0.2597578465938568,0.0,-0.024462642148137093;1.0,1.232636606118831e-07,0.0,0.0
9.58;-0.25999143719673157,0.0,-0.023115988820791245;1.0,1.232636606118831e-07,0.0,0.0
9.6;-0.2602250576019287,0.0,-0.02176899090409279;1.0,1.232636606118831e-07,0.0,0.0
9.62;-0.26045870780944824,0.0,-0.02042170986533165;1.0,1.232636606118831e-07,0.0,0.0
9.64;-0.26066234707832336,0.0,-0.019069574773311615;1.0,1.232636606118831e-07,0.0,0.0
9.66;-0.26082971692085266,0.0,-0.017711803317070007;1.0,1.232636606118831e-07,0.0,0.0
9.68;-0.2609971761703491,0.0,-0.016353804618120193;1.0,1.232636606118831e-07,0.0,0.0
9.7;-0.2611646056175232,0.0,-0.01499551348388195;1.0,1.232636606118831e-07,0.0,0.0
9.72;-0.26133212447166443,0.0,-0.013637020252645016;1.0,1.232636606118831e-07,0.0,0.0
9.74;-0.26144927740097046,0.0,-0.012273216620087624;1.0,1.232636606118831e-07,0.0,0.0
9.76;-0.26155000925064087,0.0,-0.010907700285315514;1.0,1.232636606118831e-07,0.0,0.0
9.78;-0.26165086030960083,0.0,-0.009541988372802734;1.0,1.232636606118831e-07,0.0,0.0
9.8;-0.2617516815662384,0.0,-0.00817608181387186;1.0,1.232636606118831e-07,0.0,0.0
9.82;-0.26184409856796265,0.0,-0.006809598300606012;1.0,1.232636606118831e-07,0.0,0.0
9.84;-0.26188981533050537,0.0,-0.005440282169729471;1.0,1.232636606118831e-07,0.0,0.0
9.86;-0.2619159519672394,0.0,-0.004070649854838848;1.0,1.232636606118831e-07,0.0,0.0
9.88;-0.26195037364959717,0.0,-0.0027009285986423492;1.0,1.232636606118831e-07,0.0,0.0
9.9;-0.2619814872741699,0.0,-0.0013310844078660011;1.0,1.232636606118831e-07,0.0,0.0
9.92;-0.2619924545288086,0.0,3.8842204958200455e-05;1.0,1.232636606118831e-07,0.0,0.0
9.94;-0.26196858286857605,0.0,0.0014088340103626251;1.0,1.232636606118831e-07,0.0,0.0
9.96;-0.26192495226860046,0.0,0.0027788588777184486;1.0,1.232636606118831e-07,0.0,0.0
9.98;-0.26189786195755005,0.0,0.004148883745074272;1.0,1.232636606118831e-07,0.0,0.0
10.0;-0.2618574798107147,0.0,0.005518941208720207;1.0,1.232636606118831e-07,0.0,0.0
10.02;-0.26177844405174255,0.0,0.006886707618832588;1.0,1.232636606118831e-07,0.0,0.0
10.04;-0.2616775929927826,0.0,0.008253442123532295;1.0,1.232636606118831e-07,0.0,0.0
10.06;-0.26157674193382263,0.0,0.009620094671845436;1.0,1.232636606118831e-07,0.0,0.0
10.08;-0.2614758312702179,0.0,0.010986721143126488;1.0,1.232636606118831e-07,0.0,0.0
10.1;-0.2613690495491028,0.0,0.012352630496025085;1.0,1.232636606118831e-07,0.0,0.0
10.12;-0.26120856404304504,0.0,0.013713281601667404;1.0,1.232636606118831e-07,0.0,0.0
10.14;-0.26104089617729187,0.0,0.01507306657731533;1.0,1.232636606118831e-07,0.0,0.0
10.16;-0.2608732581138611,0.0,0.016432689502835274;1.0,1.232636606118831e-07,0.0,0.0
10.18;-0.2607056498527527,0.0,0.017792148515582085;1.0,1.232636606118831e-07,0.0,0.0
10.2;-0.2605189085006714,0.0,0.019148612394928932;1.0,1.232636606118831e-07,0.0,0.0
10.22;-0.2602849006652832,0.0,0.020497934892773628;1.0,1.232636606118831e-07,0.0,0.0
10.24;-0.260050892829895,0.0,0.02184702642261982;1.0,1.232636606118831e-07,0.0,0.0
10.26;-0.259816974401474,0.0,0.023195961490273476;1.0,1.232636606118831e-07,0.0,0.0
10.28;-0.2595830261707306,0.0,0.02454463206231594;1.0,1.232636606118831e-07,0.0,0.0
10.3;-0.2593100965023041,0.0,0.02588540129363537;1.0,1.232636606118831e-07,0.0,0.0
10.32;-0.2590101957321167,0.0,0.027220381423830986;1.0,1.232636606118831e-07,0.0,0.0
10.34;-0.2587103247642517,0.0,0.028555138036608696;1.0,1.232636606118831e-07,0.0,0.0
10.36;-0.2584105432033539,0.0,0.029889686033129692;1.0,1.232636606118831e-07,0.0,0.0
10.38;-0.25810813903808594,0.0,0.031223086640238762;1.0,1.232636606118831e-07,0.0,0.0
10.4;-0.25775328278541565,0.0,0.03254316747188568;1.0,1.232636606118831e-07,0.0,0.0
10.42;-0.2573886811733246,0.0,0.03386041522026062;1.0,1.232636606118831e-07,0.0,0.0
10.44;-0.25702419877052307,0.0,0.03517722338438034;1.0,1.232636606118831e-07,0.0,0.0
10.46;-0.2566598057746887,0.0,0.03649371862411499;1.0,1.232636606118831e-07,0.0,0.0
10.48;-0.2562830448150635,0.0,0.03780617564916611;1.0,1.232636606118831e-07,0.0,0.0
10.5;-0.2558554708957672,0.0,0.03910267353057861;1.0,1.232636606118831e-07,0.0,0.0
10.52;-0.25542739033699036,0.0,0.04039867967367172;1.0,1.232636606118831e-07,0.0,0.0
10.54;-0.2549995481967926,0.0,0.0416940376162529;1.0,1.232636606118831e-07,0.0,0.0
10.56;-0.2545717656612396,0.0,0.042989157140254974;1.0,1.232636606118831e-07,0.0,0.0
10.58;-0.25411438941955566,0.0,0.044273123145103455;1.0,1.232636606118831e-07,0.0,0.0
10.6;-0.25362396240234375,0.0,0.04554477334022522;1.0,1.232636606118831e-07,0.0,0.0
10.62;-0.25313371419906616,0.0,0.04681594669818878;1.0,1.232636606118831e-07,0.0,0.0
10.64;-0.2526437044143677,0.0,0.048086561262607574;1.0,1.232636606118831e-07,0.0,0.0
10.66;-0.25215384364128113,0.0,0.04935668408870697;1.0,1.232636606118831e-07,0.0,0.0
10.68;-0.2516176998615265,0.0,0.050607047975063324;1.0,1.232636606118831e-07,0.0,0.0
10.7;-0.2510663866996765,0.0,0.05185048282146454;1.0,1.232636606118831e-07,0.0,0.0
10.72;-0.25051531195640564,0.0,0.05309347063302994;1.0,1.232636606118831e-07,0.0,0.0
10.74;-0.24996450543403625,0.0,0.054335758090019226;1.0,1.232636606118831e-07,0.0,0.0
10.76;-0.24940738081932068,0.0,0.05557432770729065;1.0,1.232636606118831e-07,0.0,0.0
10.78;-0.24880218505859375,0.0,0.05678955465555191;1.0,1.232636606118831e-07,0.0,0.0
10.8;-0.2481919825077057,0.0,0.058001674711704254;1.0,1.232636606118831e-07,0.0,0.0
10.82;-0.2475820779800415,0.0,0.05921322852373123;1.0,1.232636606118831e-07,0.0,0.0
10.84;-0.2469724714756012,0.0,0.06042417883872986;1.0,1.232636606118831e-07,0.0,0.0
10.86;-0.24634672701358795,0.0,0.06162559241056442;1.0,1.232636606118831e-07,0.0,0.0
10.88;-0.24567928910255432,0.0,0.06280390173196793;1.0,1.232636606118831e-07,0.0,0.0
10.9;-0.24501219391822815,0.0,0.06398158520460129;1.0,1.232636606118831e-07,0.0,0.0
10.92;-0.24434544146060944,0.0,0.0651586651802063;1.0,1.232636606118831e-07,0.0,0.0
10.94;-0.24367912113666534,0.0,0.06633501499891281;1.0,1.232636606118831e-07,0.0,0.0
10.96;-0.24298308789730072,0.0,0.06749266386032104;1.0,1.232636606118831e-07,0.0,0.0
10.98;-0.24226072430610657,0.0,0.06863359361886978;1.0,1.232636606118831e-07,0.0,0.0
11.0;-0.24153877794742584,0.0,0.06977388262748718;1.0,1.232636606118831e-07,0.0,0.0
11.02;-0.2408173382282257,0.0,0.07091331481933594;1.0,1.232636606118831e-07,0.0,0.0
11.04;-0.2400963455438614,0.0,0.07205208390951157;1.0,1.232636606118831e-07,0.0,0.0
11.06;-0.23933367431163788,0.0,0.07316205650568008;1.0,1.232636606118831e-07,0.0,0.0
11.08;-0.23855853080749512,0.0,0.07426252216100693;1.0,1.232636606118831e-07,0.0,0.0
11.1;-0.23778392374515533,0.0,0.07536221295595169;1.0,1.232636606118831e-07,0.0,0.0
11.12;-0.23700980842113495,0.0,0.07646120339632034;1.0,1.232636606118831e-07,0.0,0.0
11.14;-0.23623156547546387,0.0,0.07755602896213531;1.0,1.232636606118831e-07,0.0,0.0
11.16;-0.23541121184825897,0.0,0.07861828804016113;1.0,1.232636606118831e-07,0.0,0.0
11.18;-0.23458585143089294,0.0,0.07967577874660492;1.0,1.232636606118831e-07,0.0,0.0
11.2;-0.23376111686229706,0.0,0.08073248714208603;1.0,1.232636606118831e-07,0.0,0.0
11.22;-0.2329370528459549,0.0,0.0817883238196373;1.0,1.232636606118831e-07,0.0,0.0
11.24;-0.23210307955741882,0.0,0.08283486217260361;1.0,1.232636606118831e-07,0.0,0.0
11.26;-0.231230691075325,0.0,0.08384837210178375;1.0,1.232636606118831e-07,0.0,0.0
11.28;-0.23035788536071777,0.0,0.08486028015613556;1.0,1.232636606118831e-07,0.0,0.0
11.3;-0.22948575019836426,0.0,0.0858713909983635;1.0,1.232636606118831e-07,0.0,0.0
11.32;-0.22861434519290924,0.0,0.08688170462846756;1.0,1.232636606118831e-07,0.0,0.0
11.34;-0.22772574424743652,0.0,0.08787480741739273;1.0,1.232636606118831e-07,0.0,0.0
11.36;-0.22680728137493134,0.0,0.08883962035179138;1.0,1.232636606118831e-07,0.0,0.0
11.38;-0.22588971257209778,0.0,0.08980350941419601;1.0,1.232636606118831e-07,0.0,0.0
11.4;-0.2249729335308075,0.0,0.0907665565609932;1.0,1.232636606118831e-07,0.0,0.0
11.42;-0.22405695915222168,0.0,0.0917288139462471;1.0,1.232636606118831e-07,0.0,0.0
11.44;-0.223116934299469,0.0,0.09266537427902222;1.0,1.232636606118831e-07,0.0,0.0
11.46;-0.22215640544891357,0.0,0.09357976913452148;1.0,1.232636606118831e-07,0.0,0.0
11.48;-0.22119677066802979,0.0,0.09449326246976852;1.0,1.232636606118831e-07,0.0,0.0
11.5;-0.22023800015449524,0.0,0.09540596604347229;1.0,1.232636606118831e-07,0.0,0.0
11.52;-0.21928013861179352,0.0,0.09631779044866562;1.0,1.232636606118831e-07,0.0,0.0
11.54;-0.2182934433221817,0.0,0.09719603508710861;1.0,1.232636606118831e-07,0.0,0.0
11.56;-0.21729396283626556,0.0,0.09805810451507568;1.0,1.232636606118831e-07,0.0,0.0
11.58;-0.21629543602466583,0.0,0.09891937673091888;1.0,1.232636606118831e-07,0.0,0.0
11.6;-0.2152978628873825,0.0,0.09977980703115463;1.0,1.232636606118831e-07,0.0,0.0
11.62;-0.21430127322673798,0.0,0.10063938051462173;1.0,1.232636606118831e-07,0.0,0.0
11.64;-0.2132728397846222,0.0,0.10145800560712814;1.0,1.232636606118831e-07,0.0,0.0
11.66;-0.21223747730255127,0.0,0.1022660881280899;1.0,1.232636606118831e-07,0.0,0.0
11.68;-0.21120311319828033,0.0,0.10307338088750839;1.0,1.232636606118831e-07,0.0,0.0
11.7;-0.21016989648342133,0.0,0.10387977957725525;1.0,1.232636606118831e-07,0.0,0.0
11.72;-0.20913651585578918,0.0,0.10468345135450363;1.0,1.232636606118831e-07,0.0,0.0
11.74;-0.20807234942913055,0.0,0.10544343292713165;1.0,1.232636606118831e-07,0.0,0.0
11.76;-0.2070043981075287,0.0,0.10619568079710007;1.0,1.232636606118831e-07,0.0,0.0
11.78;-0.20593750476837158,0.0,0.10694720596075058;1.0,1.232636606118831e-07,0.0,0.0
11.8;-0.20487184822559357,0.0,0.10769784450531006;1.0,1.232636606118831e-07,0.0,0.0
11.82;-0.20380447804927826,0.0,0.10844341665506363;1.0,1.232636606118831e-07,0.0,0.0
11.84;-0.2027094066143036,0.0,0.10914470255374908;1.0,1.232636606118831e-07,0.0,0.0
11.86;-0.20161175727844238,0.0,0.10983964800834656;1.0,1.232636606118831e-07,0.0,0.0
11.88;-0.20051555335521698,0.0,0.1105336993932724;1.0,1.232636606118831e-07,0.0,0.0
11.9;-0.19942046701908112,0.0,0.11122702807188034;1.0,1.232636606118831e-07,0.0,0.0
11.92;-0.19832326471805573,0.0,0.11191362142562866;1.0,1.232636606118831e-07,0.0,0.0
11.94;-0.19720116257667542,0.0,0.11255567520856857;1.0,1.232636606118831e-07,0.0,0.0
11.96;-0.19607751071453094,0.0,0.11319215595722198;1.0,1.232636606118831e-07,0.0,0.0
11.98;-0.19495531916618347,0.0,0.11382780224084854;1.0,1.232636606118831e-07,0.0,0.0
12.0;-0.19383449852466583,0.0,0.11446266621351242;1.0,1.232636606118831e-07,0.0,0.0
12.02;-0.19271163642406464,0.0,0.11509022116661072;1.0,1.232636606118831e-07,0.0,0.0
12.04;-0.1915663778781891,0.0,0.11567262560129166;1.0,1.232636606118831e-07,0.0,0.0
12.06;-0.19042009115219116,0.0,0.11624966561794281;1.0,1.232636606118831e-07,0.0,0.0
12.08;-0.1892753392457962,0.0,0.11682594567537308;1.0,1.232636606118831e-07,0.0,0.0
12.1;-0.1881321519613266,0.0,0.11740143597126007;1.0,1.232636606118831e-07,0.0,0.0
12.12;-0.18698760867118835,0.0,0.11797020584344864;1.0,1.232636606118831e-07,0.0,0.0
12.14;-0.18582306802272797,0.0,0.11849259585142136;1.0,1.232636606118831e-07,0.0,0.0
12.16;-0.18465761840343475,0.0,0.11900932341814041;1.0,1.232636606118831e-07,0.0,0.0
12.18;-0.18349377810955048,0.0,0.11952532082796097;1.0,1.232636606118831e-07,0.0,0.0
12.2;-0.1823316216468811,0.0,0.12004055827856064;1.0,1.232636606118831e-07,0.0,0.0
12.22;-0.18116924166679382,0.0,0.12055102735757828;1.0,1.232636606118831e-07,0.0,0.0
12.24;-0.17998890578746796,0.0,0.12101330608129501;1.0,1.232636606118831e-07,0.0,0.0
12.26;-0.17880775034427643,0.0,0.12146881967782974;1.0,1.232636606118831e-07,0.0,0.0
12.28;-0.1776282638311386,0.0,0.12192370742559433;1.0,1.232636606118831e-07,0.0,0.0
12.3;-0.17645041644573212,0.0,0.12237796932458878;1.0,1.232636606118831e-07,0.0,0.0
12.32;-0.17527401447296143,0.0,0.1228308156132698;1.0,1.232636606118831e-07,0.0,0.0
12.34;-0.17408162355422974,0.0,0.1232333704829216;1.0,1.232636606118831e-07,0.0,0.0
12.36;-0.17288818955421448,0.0,0.12362756580114365;1.0,1.232636606118831e-07,0.0,0.0
12.38;-0.1716965138912201,0.0,0.12402117997407913;1.0,1.232636606118831e-07,0.0,0.0
12.4;-0.17050674557685852,0.0,0.12441416829824448;1.0,1.232636606118831e-07,0.0,0.0
12.42;-0.16931872069835663,0.0,0.12480659037828445;1.0,1.232636606118831e-07,0.0,0.0
12.44;-0.16811910271644592,0.0,0.1251542866230011;1.0,1.232636606118831e-07,0.0,0.0
12.46;-0.16691695153713226,0.0,0.12548701465129852;1.0,1.232636606118831e-07,0.0,0.0
12.48;-0.165716752409935,0.0,0.12581923604011536;1.0,1.232636606118831e-07,0.0,0.0
12.5;-0.16451840102672577,0.0,0.1261509209871292;1.0,1.232636606118831e-07,0.0,0.0
12.52;-0.16332189738750458,0.0,0.12648208439350128;1.0,1.232636606118831e-07,0.0,0.0
12.54;-0.16211864352226257,0.0,0.12677809596061707;1.0,1.232636606118831e-07,0.0,0.0
12.56;-0.1609111875295639,0.0,0.12704932689666748;1.0,1.232636606118831e-07,0.0,0.0
12.58;-0.15970592200756073,0.0,0.1273200660943985;1.0,1.232636606118831e-07,0.0,0.0
12.6;-0.15850242972373962,0.0,0.12759041786193848;1.0,1.232636606118831e-07,0.0,0.0
12.62;-0.15730097889900208,0.0,0.12786030769348145;1.0,1.232636606118831e-07,0.0,0.0
12.64;-0.15609712898731232,0.0,0.12810729444026947;1.0,1.232636606118831e-07,0.0,0.0
12.66;-0.15488789975643158,0.0,0.12831701338291168;1.0,1.232636606118831e-07,0.0,0.0
12.68;-0.15368063747882843,0.0,0.12852640450000763;1.0,1.232636606118831e-07,0.0,0.0
12.7;-0.15247561037540436,0.0,0.12873539328575134;1.0,1.232636606118831e-07,0.0,0.0
12.72;-0.15127253532409668,0.0,0.1289440542459488;1.0,1.232636606118831e-07,0.0,0.0
12.74;-0.15007002651691437,0.0,0.12914179265499115;1.0,1.232636606118831e-07,0.0,0.0
12.76;-0.1488627940416336,0.0,0.12929394841194153;1.0,1.232636606118831e-07,0.0,0.0
12.78;-0.14765742421150208,0.0,0.12944257259368896;1.0,1.232636606118831e-07,0.0,0.0
12.8;-0.14645424485206604,0.0,0.1295909285545349;1.0,1.232636606118831e-07,0.0,0.0
12.82;-0.14525297284126282,0.0,0.12973903119564056;1.0,1.232636606118831e-07,0.0,0.0
12.84;-0.14405393600463867,0.0,0.12988686561584473;1.0,1.232636606118831e-07,0.0,0.0
12.86;-0.1428523063659668,0.0,0.12998627126216888;1.0,1.232636606118831e-07,0.0,0.0
12.88;-0.14165180921554565,0.0,0.1300748735666275;1.0,1.232636606118831e-07,0.0,0.0
12.9;-0.14045366644859314,0.0,0.130163311958313;1.0,1.232636606118831e-07,0.0,0.0
12.92;-0.13925766944885254,0.0,0.13025158643722534;1.0,1.232636606118831e-07,0.0,0.0
12.94;-0.1380639672279358,0.0,0.13033968210220337;1.0,1.232636606118831e-07,0.0,0.0
12.96;-0.1368710845708847,0.0,0.1303933709859848;1.0,1.232636606118831e-07,0.0,0.0
12.98;-0.13567900657653809,0.0,0.13042986392974854;1.0,1.232636606118831e-07,0.0,0.0
13.0;-0.13448914885520935,0.0,0.1304703652858734;1.0,1.232636606118831e-07,0.0,0.0
13.02;-0.13330158591270447,0.0,0.1305054873228073;1.0,1.232636606118831e-07,0.0,0.0
13.04;-0.13211646676063538,0.0,0.13051757216453552;1.0,1.232636606118831e-07,0.0,0.0
13.06;-0.13093353807926178,0.0,0.1305146962404251;1.0,1.232636606118831e-07,0.0,0.0
13.08;-0.129752978682518,0.0,0.13050438463687897;1.0,1.232636606118831e-07,0.0,0.0
13.1;-0.12857477366924286,0.0,0.13048513233661652;1.0,1.232636606118831e-07,0.0,0.0
13.12;-0.12739886343479156,0.0,0.13045841455459595;1.0,1.232636606118831e-07,0.0,0.0
13.14;-0.12622548639774323,0.0,0.13042765855789185;1.0,1.232636606118831e-07,0.0,0.0
13.16;-0.1250542402267456,0.0,0.13039205968379974;1.0,1.232636606118831e-07,0.0,0.0
13.18;-0.12388726323843002,0.0,0.13033658266067505;1.0,1.232636606118831e-07,0.0,0.0
13.2;-0.12272369116544724,0.0,0.1302507072687149;1.0,1.232636606118831e-07,0.0,0.0
13.22;-0.12156262993812561,0.0,0.1301650106906891;1.0,1.232636606118831e-07,0.0,0.0
13.24;-0.12040389329195023,0.0,0.1300794929265976;1.0,1.232636606118831e-07,0.0,0.0
13.26;-0.11924777925014496,0.0,0.12999415397644043;1.0,1.232636606118831e-07,0.0,0.0
13.28;-0.1180945485830307,0.0,0.129901722073555;1.0,1.232636606118831e-07,0.0,0.0
13.3;-0.11694838106632233,0.0,0.12976469099521637;1.0,1.232636606118831e-07,0.0,0.0
13.32;-0.11580511927604675,0.0,0.12962372601032257;1.0,1.232636606118831e-07,0.0,0.0
13.34;-0.11466412991285324,0.0,0.12948304414749146;1.0,1.232636606118831e-07,0.0,0.0
13.36;-0.11352565884590149,0.0,0.1293426901102066;1.0,1.232636606118831e-07,0.0,0.0
13.38;-0.11238985508680344,0.0,0.12920264899730682;1.0,1.232636606118831e-07,0.0,0.0
13.4;-0.11126015335321426,0.0,0.12903760373592377;1.0,1.232636606118831e-07,0.0,0.0
13.42;-0.11013749986886978,0.0,0.12884289026260376;1.0,1.232636606118831e-07,0.0,0.0
13.44;-0.10901734232902527,0.0,0.12864862382411957;1.0,1.232636606118831e-07,0.0,0.0
13.46;-0.10789971053600311,0.0,0.1284547746181488;1.0,1.232636606118831e-07,0.0,0.0
13.48;-0.10678451508283615,0.0,0.12826135754585266;1.0,1.232636606118831e-07,0.0,0.0
13.5;-0.10567191988229752,0.0,0.12806840240955353;1.0,1.232636606118831e-07,0.0,0.0
13.52;-0.10457044094800949,0.0,0.12783291935920715;1.0,1.232636606118831e-07,0.0,0.0
13.54;-0.10347379744052887,0.0,0.12758657336235046;1.0,1.232636606118831e-07,0.0,0.0
13.56;-0.10237963497638702,0.0,0.12734079360961914;1.0,1.232636606118831e-07,0.0,0.0
13.58;-0.10128804296255112,0.0,0.127095565199852;1.0,1.232636606118831e-07,0.0,0.0
13.6;-0.1001991257071495,0.0,0.12685096263885498;1.0,1.232636606118831e-07,0.0,0.0
13.62;-0.09911426156759262,0.0,0.12660038471221924;1.0,1.232636606118831e-07,0.0,0.0
13.64;-0.09804263710975647,0.0,0.12630802392959595;1.0,1.232636606118831e-07,0.0,0.0
13.66;-0.09697459638118744,0.0,0.1260123997926712;1.0,1.232636606118831e-07,0.0,0.0
13.68;-0.09590920060873032,0.0,0.12571752071380615;1.0,1.232636606118831e-07,0.0,0.0
13.7;-0.09484627097845078,0.0,0.12542331218719482;1.0,1.232636606118831e-07,0.0,0.0
13.72;-0.09378592669963837,0.0,0.125129833817482;1.0,1.232636606118831e-07,0.0,0.0
13.74;-0.09273234754800797,0.0,0.1248236820101738;1.0,1.232636606118831e-07,0.0,0.0
13.76;-0.09169226884841919,0.0,0.12448208779096603;1.0,1.232636606118831e-07,0.0,0.0
13.78;-0.09065540134906769,0.0,0.12413958460092545;1.0,1.232636606118831e-07,0.0,0.0
13.8;-0.08962108194828033,0.0,0.1237979605793953;1.0,1.232636606118831e-07,0.0,0.0
13.82;-0.08858956396579742,0.0,0.12345724552869797;1.0,1.232636606118831e-07,0.0,0.0
13.84;-0.08756046742200851,0.0,0.12311732023954391;1.0,1.232636606118831e-07,0.0,0.0
13.86;-0.08653981983661652,0.0,0.12276152521371841;1.0,1.232636606118831e-07,0.0,0.0
13.88;-0.08553361147642136,0.0,0.12237433344125748;1.0,1.232636606118831e-07,0.0,0.0
13.9;-0.08453036099672318,0.0,0.12198743969202042;1.0,1.232636606118831e-07,0.0,0.0
13.92;-0.08352942019701004,0.0,0.1216014102101326;1.0,1.232636606118831e-07,0.0,0.0
13.94;-0.08253129571676254,0.0,0.12121649831533432;1.0,1.232636606118831e-07,0.0,0.0
13.96;-0.08153590559959412,0.0,0.12083259969949722;1.0,1.232636606118831e-07,0.0,0.0
13.98;-0.08054980635643005,0.0,0.12043335288763046;1.0,1.232636606118831e-07,0.0,0.0
14.0;-0.07957916706800461,0.0,0.12000393122434616;1.0,1.232636606118831e-07,0.0,0.0
14.02;-0.07861167192459106,0.0,0.11957500129938126;1.0,1.232636606118831e-07,0.0,0.0
14.04;-0.07764644920825958,0.0,0.11914705485105515;1.0,1.232636606118831e-07,0.0,0.0
14.06;-0.07668408751487732,0.0,0.1187203899025917;1.0,1.232636606118831e-07,0.0,0.0
14.08;-0.07572431117296219,0.0,0.118294857442379;1.0,1.232636606118831e-07,0.0,0.0
14.1;-0.07477288693189621,0.0,0.11785825341939926;1.0,1.232636606118831e-07,0.0,0.0
14.12;-0.0738394632935524,0.0,0.11739048361778259;1.0,1.232636606118831e-07,0.0,0.0
14.14;-0.07290954142808914,0.0,0.11692233383655548;1.0,1.232636606118831e-07,0.0,0.0
14.16;-0.07198207080364227,0.0,0.11645542830228806;1.0,1.232636606118831e-07,0.0,0.0
14.18;-0.07105717808008194,0.0,0.11598982661962509;1.0,1.232636606118831e-07,0.0,0.0
14.2;-0.07013502717018127,0.0,0.11552561819553375;1.0,1.232636606118831e-07,0.0,0.0
14.22;-0.06921791285276413,0.0,0.11505807936191559;1.0,1.232636606118831e-07,0.0,0.0
14.24;-0.06832285970449448,0.0,0.11455553025007248;1.0,1.232636606118831e-07,0.0,0.0
14.26;-0.06743218004703522,0.0,0.11405101418495178;1.0,1.232636606118831e-07,0.0,0.0
14.28;-0.06654418259859085,0.0,0.11354804039001465;1.0,1.232636606118831e-07,0.0,0.0
14.3;-0.06565869599580765,0.0,0.11304646730422974;1.0,1.232636606118831e-07,0.0,0.0
14.32;-0.06477582454681396,0.0,0.11254637688398361;1.0,1.232636606118831e-07,0.0,0.0
14.34;-0.06389562785625458,0.0,0.11204781383275986;1.0,1.232636606118831e-07,0.0,0.0
14.36;-0.06303606927394867,0.0,0.11152027547359467;1.0,1.232636606118831e-07,0.0,0.0
14.38;-0.062186408787965775,0.0,0.11098233610391617;1.0,1.232636606118831e-07,0.0,0.0
14.4;-0.061339352279901505,0.0,0.110446035861969;1.0,1.232636606118831e-07,0.0,0.0
14.42;-0.060494787991046906,0.0,0.10991129279136658;1.0,1.232636606118831e-07,0.0,0.0
14.44;-0.05965282395482063,0.0,0.10937822610139847;1.0,1.232636606118831e-07,0.0,0.0
14.46;-0.058813292533159256,0.0,0.10884667932987213;1.0,1.232636606118831e-07,0.0,0.0
14.48;-0.05798490345478058,0.0,0.10830423980951309;1.0,1.232636606118831e-07,0.0,0.0
14.5;-0.05717689171433449,0.0,0.10773683339357376;1.0,1.232636606118831e-07,0.0,0.0
14.52;-0.056372132152318954,0.0,0.10716996341943741;1.0,1.232636606118831e-07,0.0,0.0
14.54;-0.05556977912783623,0.0,0.10660478472709656;1.0,1.232636606118831e-07,0.0,0.0
14.56;-0.05477016419172287,0.0,0.10604154318571091;1.0,1.232636606118831e-07,0.0,0.0
14.58;-0.05397294834256172,0.0,0.10547999292612076;1.0,1.232636606118831e-07,0.0,0.0
14.6;-0.05317830294370651,0.0,0.10492026060819626;1.0,1.232636606118831e-07,0.0,0.0
14.62;-0.052406635135412216,0.0,0.10433492064476013;1.0,1.232636606118831e-07,0.0,0.0
14.64;-0.051645249128341675,0.0,0.10374067723751068;1.0,1.232636606118831e-07,0.0,0.0
14.66;-0.050886332988739014,0.0,0.10314837098121643;1.0,1.232636606118831e-07,0.0,0.0
14.68;-0.050130002200603485,0.0,0.10255806148052216;1.0,1.232636606118831e-07,0.0,0.0
14.7;-0.04937604442238808,0.0,0.10196961462497711;1.0,1.232636606118831e-07,0.0,0.0
14.72;-0.048624563962221146,0.0,0.10138310492038727;1.0,1.232636606118831e-07,0.0,0.0
14.74;-0.04787825793027878,0.0,0.10079532861709595;1.0,1.232636606118831e-07,0.0,0.0
14.76;-0.0471590980887413,0.0,0.10017963498830795;1.0,1.232636606118831e-07,0.0,0.0
14.78;-0.04644443467259407,0.0,0.09956321865320206;1.0,1.232636606118831e-07,0.0,0.0
14.8;-0.04573224484920502,0.0,0.09894893318414688;1.0,1.232636606118831e-07,0.0,0.0
14.82;-0.04502244293689728,0.0,0.09833671152591705;1.0,1.232636606118831e-07,0.0,0.0
14.84;-0.04431513696908951,0.0,0.09772665053606033;1.0,1.232636606118831e-07,0.0,0.0
14.86;-0.043610136955976486,0.0,0.0971185564994812;1.0,1.232636606118831e-07,0.0,0.0
14.88;-0.04291398078203201,0.0,0.09650560468435287;1.0,1.232636606118831e-07,0.0,0.0
14.9;-0.04224280267953873,0.0,0.09586994349956512;1.0,1.232636606118831e-07,0.0,0.0
14.92;-0.04157543554902077,0.0,0.09523464739322662;1.0,1.232636606118831e-07,0.0,0.0
14.94;-0.04091048613190651,0.0,0.09460166096687317;1.0,1.232636606118831e-07,0.0,0.0
14.96;-0.04024786129593849,0.0,0.0939708799123764;1.0,1.232636606118831e-07,0.0,0.0
14.98;-0.039587605744600296,0.0,0.0933423638343811;1.0,1.232636606118831e-07,0.0,0.0
15.0;-0.03892967477440834,0.0,0.09271605312824249;1.0,1.232636606118831e-07,0.0,0.0
15.02;-0.03828004002571106,0.0,0.09208618104457855;1.0,1.232636606118831e-07,0.0,0.0
15.04;-0.037656497210264206,0.0,0.09143472462892532;1.0,1.232636606118831e-07,0.0,0.0
15.06;-0.037036869674921036,0.0,0.09078381210565567;1.0,1.232636606118831e-07,0.0,0.0
15.08;-0.03641962632536888,0.0,0.09013541787862778;1.0,1.232636606118831e-07,0.0,0.0
15.1;-0.03580464795231819,0.0,0.08948938548564911;1.0,1.232636606118831e-07,0.0,0.0
15.12;-0.03519187867641449,0.0,0.08884567022323608;1.0,1.232636606118831e-07,0.0,0.0
15.14;-0.03458135947585106,0.0,0.08820434659719467;1.0,1.232636606118831e-07,0.0,0.0
15.16;-0.033973440527915955,0.0,0.08756525814533234;1.0,1.232636606118831e-07,0.0,0.0
15.18;-0.03339681401848793,0.0,0.08690229803323746;1.0,1.232636606118831e-07,0.0,0.0
15.2;-0.03282502666115761,0.0,0.08623938262462616;1.0,1.232636606118831e-07,0.0,0.0
15.22;-0.03225533291697502,0.0,0.08557888865470886;1.0,1.232636606118831e-07,0.0,0.0
15.24;-0.03168782219290733,0.0,0.08492092788219452;1.0,1.232636606118831e-07,0.0,0.0
15.26;-0.031122656539082527,0.0,0.08426569402217865;1.0,1.232636606118831e-07,0.0,0.0
15.28;-0.03055950440466404,0.0,0.08361278474330902;1.0,1.232636606118831e-07,0.0,0.0
15.3;-0.02999870292842388,0.0,0.08296259492635727;1.0,1.232636606118831e-07,0.0,0.0
15.32;-0.02945670485496521,0.0,0.08230101317167282;1.0,1.232636606118831e-07,0.0,0.0
15.34;-0.0289323590695858,0.0,0.08162947744131088;1.0,1.232636606118831e-07,0.0,0.0
15.36;-0.028410151600837708,0.0,0.08096040785312653;1.0,1.232636606118831e-07,0.0,0.0
15.38;-0.02789008431136608,0.0,0.08029405772686005;1.0,1.232636606118831e-07,0.0,0.0
15.4;-0.027372069656848907,0.0,0.07963034510612488;1.0,1.232636606118831e-07,0.0,0.0
15.42;-0.026856105774641037,0.0,0.07896926999092102;1.0,1.232636606118831e-07,0.0,0.0
15.44;-0.0263422392308712,0.0,0.07831086963415146;1.0,1.232636606118831e-07,0.0,0.0
15.46;-0.025830507278442383,0.0,0.07765521109104156;1.0,1.232636606118831e-07,0.0,0.0
15.48;-0.025349581614136696,0.0,0.07698076963424683;1.0,1.232636606118831e-07,0.0,0.0
15.5;-0.024874459952116013,0.0,0.07630625367164612;1.0,1.232636606118831e-07,0.0,0.0
15.52;-0.024401376023888588,0.0,0.07563464343547821;1.0,1.232636606118831e-07,0.0,0.0
15.54;-0.023930251598358154,0.0,0.07496580481529236;1.0,1.232636606118831e-07,0.0,0.0
15.56;-0.023461123928427696,0.0,0.07429979741573334;1.0,1.232636606118831e-07,0.0,0.0
15.58;-0.02299388125538826,0.0,0.07363647222518921;1.0,1.232636606118831e-07,0.0,0.0
15.6;-0.02252870984375477,0.0,0.07297608256340027;1.0,1.232636606118831e-07,0.0,0.0
15.62;-0.022067828103899956,0.0,0.07231678068637848;1.0,1.232636606118831e-07,0.0,0.0
15.64;-0.021637151017785072,0.0,0.07164160907268524;1.0,1.232636606118831e-07,0.0,0.0
15.66;-0.021210545673966408,0.0,0.07096781581640244;1.0,1.232636606118831e-07,0.0,0.0
15.68;-0.020785797387361526,0.0,0.07029695808887482;1.0,1.232636606118831e-07,0.0,0.0
15.7;-0.020362835377454758,0.0,0.06962891668081284;1.0,1.232636606118831e-07,0.0,0.0
15.72;-0.019941795617341995,0.0,0.0689639151096344;1.0,1.232636606118831e-07,0.0,0.0
15.74;-0.019522614777088165,0.0,0.06830184906721115;1.0,1.232636606118831e-07,0.0,0.0
15.76;-0.019105251878499985,0.0,0.06764265894889832;1.0,1.232636606118831e-07,0.0,0.0
15.78;-0.018689710646867752,0.0,0.0669863298535347;1.0,1.232636606118831e-07,0.0,0.0
15.8;-0.01830379106104374,0.0,0.06631653010845184;1.0,1.232636606118831e-07,0.0,0.0
15.82;-0.01792435348033905,0.0,0.06564667075872421;1.0,1.232636606118831e-07,0.0,0.0
15.84;-0.017546752467751503,0.0,0.06498003751039505;1.0,1.232636606118831e-07,0.0,0.0
15.86;-0.017170848324894905,0.0,0.06431640684604645;1.0,1.232636606118831e-07,0.0,0.0
15.88;-0.016796739771962166,0.0,0.06365595012903214;1.0,1.232636606118831e-07,0.0,0.0
15.9;-0.016424205154180527,0.0,0.06299826502799988;1.0,1.232636606118831e-07,0.0,0.0
15.92;-0.016053475439548492,0.0,0.0623437762260437;1.0,1.232636606118831e-07,0.0,0.0
15.94;-0.015684520825743675,0.0,0.06169241666793823;1.0,1.232636606118831e-07,0.0,0.0
15.96;-0.015330465510487556,0.0,0.06103686988353729;1.0,1.232636606118831e-07,0.0,0.0
15.98;-0.014996122568845749,0.0,0.06037487834692001;1.0,1.232636606118831e-07,0.0,0.0
16.0;-0.014664280228316784,0.0,0.05971570312976837;1.0,1.232636606118831e-07,0.0,0.0
16.02;-0.014333969913423061,0.0,0.05905956029891968;1.0,1.232636606118831e-07,0.0,0.0
16.04;-0.014005279168486595,0.0,0.05840665102005005;1.0,1.232636606118831e-07,0.0,0.0
16.06;-0.013678206130862236,0.0,0.0577569380402565;1.0,1.232636606118831e-07,0.0,0.0
16.08;-0.013352634385228157,0.0,0.05711020529270172;1.0,1.232636606118831e-07,0.0,0.0
16.1;-0.013028712011873722,0.0,0.056466758251190186;1.0,1.232636606118831e-07,0.0,0.0
16.12;-0.012706407345831394,0.0,0.055826522409915924;1.0,1.232636606118831e-07,0.0,0.0
16.14;-0.012403885833919048,0.0,0.05518069118261337;1.0,1.232636606118831e-07,0.0,0.0
16.16;-0.012115944176912308,0.0,0.05453217029571533;1.0,1.232636606118831e-07,0.0,0.0
16.18;-0.011829694733023643,0.0,0.053886525332927704;1.0,1.232636606118831e-07,0.0,0.0
16.2;-0.011544959619641304,0.0,0.053244300186634064;1.0,1.232636606118831e-07,0.0,0.0
16.22;-0.011261655949056149,0.0,0.05260530859231949;1.0,1.232636606118831e-07,0.0,0.0
16.24;-0.010979810729622841,0.0,0.051969610154628754;1.0,1.232636606118831e-07,0.0,0.0
16.26;-0.010699397884309292,0.0,0.05133713781833649;1.0,1.232636606118831e-07,0.0,0.0
16.28;-0.01042044535279274,0.0,0.05070795863866806;1.0,1.232636606118831e-07,0.0,0.0
16.3;-0.010143031366169453,0.0,0.0500822439789772;1.0,1.232636606118831e-07,0.0,0.0
16.32;-0.009878513403236866,0.0,0.04945473372936249;1.0,1.232636606118831e-07,0.0,0.0
16.34;-0.009633740410208702,0.0,0.04882308095693588;1.0,1.232636606118831e-07,0.0,0.0
16.36;-0.009391319938004017,0.0,0.048194482922554016;1.0,1.232636606118831e-07,0.0,0.0
16.38;-0.009150124154984951,0.0,0.04756907373666763;1.0,1.232636606118831e-07,0.0,0.0
16.4;-0.00891019869595766,0.0,0.04694695770740509;1.0,1.232636606118831e-07,0.0,0.0
16.42;-0.008671663701534271,0.0,0.04632844030857086;1.0,1.232636606118831e-07,0.0,0.0
16.44;-0.008434375748038292,0.0,0.045713163912296295;1.0,1.232636606118831e-07,0.0,0.0
16.46;-0.008198407478630543,0.0,0.04510129988193512;1.0,1.232636606118831e-07,0.0,0.0
16.48;-0.00796379055827856,0.0,0.04449295252561569;1.0,1.232636606118831e-07,0.0,0.0
16.5;-0.00773039972409606,0.0,0.043887779116630554;1.0,1.232636606118831e-07,0.0,0.0
16.52;-0.0075177946127951145,0.0,0.04327923059463501;1.0,1.232636606118831e-07,0.0,0.0
16.54;-0.0073163616470992565,0.0,0.04267038404941559;1.0,1.232636606118831e-07,0.0,0.0
16.56;-0.0071163480170071125,0.0,0.0420648455619812;1.0,1.232636606118831e-07,0.0,0.0
16.58;-0.0069175236858427525,0.0,0.04146290570497513;1.0,1.232636606118831e-07,0.0,0.0
16.6;-0.006719809025526047,0.0,0.04086432605981827;1.0,1.232636606118831e-07,0.0,0.0
16.62;-0.0065232026390731335,0.0,0.04026909917593002;1.0,1.232636606118831e-07,0.0,0.0
16.64;-0.006327827461063862,0.0,0.039677612483501434;1.0,1.232636606118831e-07,0.0,0.0
16.66;-0.006133541464805603,0.0,0.03908941149711609;1.0,1.232636606118831e-07,0.0,0.0
16.68;-0.0059403833001852036,0.0,0.03850463032722473;1.0,1.232636606118831e-07,0.0,0.0
16.7;-0.00574841583147645,0.0,0.037923455238342285;1.0,1.232636606118831e-07,0.0,0.0
16.72;-0.005569362081587315,0.0,0.0373421236872673;1.0,1.232636606118831e-07,0.0,0.0
16.74;-0.005407152697443962,0.0,0.036759503185749054;1.0,1.232636606118831e-07,0.0,0.0
16.76;-0.005246780812740326,0.0,0.036180101335048676;1.0,1.232636606118831e-07,0.0,0.0
16.78;-0.005087386351078749,0.0,0.03560422360897064;1.0,1.232636606118831e-07,0.0,0.0
16.8;-0.004929021000862122,0.0,0.03503207117319107;1.0,1.232636606118831e-07,0.0,0.0
16.82;-0.004771599546074867,0.0,0.034463316202163696;1.0,1.232636606118831e-07,0.0,0.0
16.84;-0.0046151382848620415,0.0,0.033898040652275085;1.0,1.232636606118831e-07,0.0,0.0
16.86;-0.004459689371287823,0.0,0.033336423337459564;1.0,1.232636606118831e-07,0.0,0.0
16.88;-0.00430520111694932,0.0,0.03277827054262161;1.0,1.232636606118831e-07,0.0,0.0
16.9;-0.004151690751314163,0.0,0.0322236493229866;1.0,1.232636606118831e-07,0.0,0.0
16.92;-0.003999192733317614,0.0,0.03167269378900528;1.0,1.232636606118831e-07,0.0,0.0
16.94;-0.003860438708215952,0.0,0.031121933832764626;1.0,1.232636606118831e-07,0.0,0.0
16.96;-0.003736022859811783,0.0,0.030571559444069862;1.0,1.232636606118831e-07,0.0,0.0
16.98;-0.003613152075558901,0.0,0.0300245750695467;1.0,1.232636606118831e-07,0.0,0.0
17.0;-0.0034910421818494797,0.0,0.029480980709195137;1.0,1.232636606118831e-07,0.0,0.0
17.02;-0.0033697918988764286,0.0,0.028941215947270393;1.0,1.232636606118831e-07,0.0,0.0
17.04;-0.003249330911785364,0.0,0.0284049641340971;1.0,1.232636606118831e-07,0.0,0.0
17.06;-0.0031296880915760994,0.0,0.027872348204255104;1.0,1.232636606118831e-07,0.0,0.0
17.08;-0.0030108336359262466,0.0,0.027343252673745155;1.0,1.232636606118831e-07,0.0,0.0
17.1;-0.0028928262181580067,0.0,0.026817915961146355;1.0,1.232636606118831e-07,0.0,0.0
17.12;-0.0027755931951105595,0.0,0.026296036317944527;1.0,1.232636606118831e-07,0.0,0.0
17.14;-0.002659220714122057,0.0,0.02577798254787922;1.0,1.232636606118831e-07,0.0,0.0
17.16;-0.0025436091236770153,0.0,0.025263315066695213;1.0,1.232636606118831e-07,0.0,0.0
17.18;-0.002446245402097702,0.0,0.024749020114541054;1.0,1.232636606118831e-07,0.0,0.0
17.2;-0.0023569553159177303,0.0,0.024236654862761497;1.0,1.232636606118831e-07,0.0,0.0
17.22;-0.0022687455639243126,0.0,0.023728078231215477;1.0,1.232636606118831e-07,0.0,0.0
17.24;-0.002181156538426876,0.0,0.02322307787835598;1.0,1.232636606118831e-07,0.0,0.0
17.26;-0.0020942031405866146,0.0,0.022721746936440468;1.0,1.232636606118831e-07,0.0,0.0
17.28;-0.0020078839734196663,0.0,0.022224070504307747;1.0,1.232636606118831e-07,0.0,0.0
17.3;-0.0019221799448132515,0.0,0.021729936823248863;1.0,1.232636606118831e-07,0.0,0.0
17.32;-0.0018371469341218472,0.0,0.02123967744410038;1.0,1.232636606118831e-07,0.0,0.0
17.34;-0.0017527290619909763,0.0,0.020752960816025734;1.0,1.232636606118831e-07,0.0,0.0
17.36;-0.0016689712647348642,0.0,0.020270055159926414;1.0,1.232636606118831e-07,0.0,0.0
17.38;-0.0015858174301683903,0.0,0.01979062892496586;1.0,1.232636606118831e-07,0.0,0.0
17.4;-0.0015033348463475704,0.0,0.019315069541335106;1.0,1.232636606118831e-07,0.0,0.0
17.42;-0.001421467401087284,0.0,0.018843060359358788;1.0,1.232636606118831e-07,0.0,0.0
17.44;-0.0013594781048595905,0.0,0.018371807411313057;1.0,1.232636606118831e-07,0.0,0.0
17.46;-0.0013014813885092735,0.0,0.017903665080666542;1.0,1.232636606118831e-07,0.0,0.0
17.48;-0.0012442460283637047,0.0,0.017439445480704308;1.0,1.232636606118831e-07,0.0,0.0
17.5;-0.0011874509509652853,0.0,0.016978802159428596;1.0,1.232636606118831e-07,0.0,0.0
17.52;-0.0011311124544590712,0.0,0.016521858051419258;1.0,1.232636606118831e-07,0.0,0.0
17.54;-0.001075230771675706,0.0,0.01606861688196659;1.0,1.232636606118831e-07,0.0,0.0
17.56;-0.0010198133531957865,0.0,0.015619145706295967;1.0,1.232636606118831e-07,0.0,0.0
17.58;-0.0009648445411585271,0.0,0.01517331413924694;1.0,1.232636606118831e-07,0.0,0.0
17.6;-0.0009103484335355461,0.0,0.014731308445334435;1.0,1.232636606118831e-07,0.0,0.0
17.62;-0.0008562846924178302,0.0,0.014292815700173378;1.0,1.232636606118831e-07,0.0,0.0
17.64;-0.0008026935975067317,0.0,0.013858156278729439;1.0,1.232636606118831e-07,0.0,0.0
17.66;-0.0007495669997297227,0.0,0.013427263125777245;1.0,1.232636606118831e-07,0.0,0.0
17.68;-0.0006968888337723911,0.0,0.013000007718801498;1.0,1.232636606118831e-07,0.0,0.0
17.7;-0.0006474129040725529,0.0,0.012576455250382423;1.0,1.232636606118831e-07,0.0,0.0
17.72;-0.0006043515750207007,0.0,0.012155609205365181;1.0,1.232636606118831e-07,0.0,0.0
17.74;-0.0005694276769645512,0.0,0.011737503111362457;1.0,1.232636606118831e-07,0.0,0.0
17.76;-0.0005406495765782893,0.0,0.011323129758238792;1.0,1.232636606118831e-07,0.0,0.0
17.78;-0.0005120362038724124,0.0,0.010912474244832993;1.0,1.232636606118831e-07,0.0,0.0
17.8;-0.00048191245878115296,0.0,0.010505476966500282;1.0,1.232636606118831e-07,0.0,0.0
17.82;-0.0004521777736954391,0.0,0.010102460160851479;1.0,1.232636606118831e-07,0.0,0.0
17.84;-0.0004227583413012326,0.0,0.009702904149889946;1.0,1.232636606118831e-07,0.0,0.0
17.86;-0.0003935123677365482,0.0,0.009307263419032097;1.0,1.232636606118831e-07,0.0,0.0
17.88;-0.0003645831602625549,0.0,0.008915213868021965;1.0,1.232636606118831e-07,0.0,0.0
17.9;-0.0003359713009558618,0.0,0.008527081459760666;1.0,1.232636606118831e-07,0.0,0.0
17.92;-0.00030755484476685524,0.0,0.008142733946442604;1.0,1.232636606118831e-07,0.0,0.0
17.94;-0.00027945457259193063,0.0,0.007761976681649685;1.0,1.232636606118831e-07,0.0,0.0
17.96;-0.00025167042622342706,0.0,0.007384940050542355;1.0,1.232636606118831e-07,0.0,0.0
17.98;-0.00022210122551769018,0.0,0.007011624053120613;1.0,1.232636606118831e-07,0.0,0.0
18.0;-0.0001925977412611246,0.0,0.006642094813287258;1.0,1.232636606118831e-07,0.0,0.0
18.02;-0.00016984599642455578,0.0,0.006276351399719715;1.0,1.232636606118831e-07,0.0,0.0
18.04;-0.0001514304312877357,0.0,0.005914235487580299;1.0,1.232636606118831e-07,0.0,0.0
18.06;-0.00013404234778136015,0.0,0.005555160343647003;1.0,1.232636606118831e-07,0.0,0.0
18.08;-0.00011825573164969683,0.0,0.005199665203690529;1.0,1.232636606118831e-07,0.0,0.0
18.1;-0.0001046975958161056,0.0,0.0048480890691280365;1.0,1.232636606118831e-07,0.0,0.0
18.12;-9.387871250510216e-05,0.0,0.004500175826251507;1.0,1.232636606118831e-07,0.0,0.0
18.14;-8.600862929597497e-05,0.0,0.004155926406383514;1.0,1.232636606118831e-07,0.0,0.0
18.16;-8.09358898550272e-05,0.0,0.0038156695663928986;1.0,1.232636606118831e-07,0.0,0.0
18.18;-7.825298234820366e-05,0.0,0.003478946164250374;1.0,1.232636606118831e-07,0.0,0.0
18.2;-7.746519986540079e-05,0.0,0.0031458865851163864;1.0,1.232636606118831e-07,0.0,0.0
18.22;-7.74661311879754e-05,0.0,0.002816753461956978;1.0,1.232636606118831e-07,0.0,0.0
18.24;-7.747265044599771e-05,0.0,0.002491481602191925;1.0,1.232636606118831e-07,0.0,0.0
18.26;-7.749092765152454e-05,0.0,0.002169872634112835;1.0,1.232636606118831e-07,0.0,0.0
18.28;-7.752783130854368e-05,0.0,0.0018520597368478775;1.0,1.232636606118831e-07,0.0,0.0
18.3;-7.759063737466931e-05,0.0,0.0015379255637526512;1.0,1.232636606118831e-07,0.0,0.0
18.32;-7.768749492242932e-05,0.0,0.0012274710461497307;1.0,1.232636606118831e-07,0.0,0.0
18.34;-7.782707689329982e-05,0.0,0.0009209848940372467;1.0,1.232636606118831e-07,0.0,0.0
18.36;-7.801881292834878e-05,0.0,0.0006180247291922569;1.0,1.232636606118831e-07,0.0,0.0
18.38;-7.82725983299315e-05,0.0,0.000318991020321846;1.0,1.232636606118831e-07,0.0,0.0
18.4;-7.859914330765605e-05,0.0,2.368725836277008e-05;1.0,1.232636606118831e-07,0.0,0.0
18.42;-7.900962373241782e-05,0.0,-0.00026795221492648125;1.0,1.232636606118831e-07,0.0,0.0
18.44;-7.951568113639951e-05,0.0,-0.0005558622069656849;1.0,1.232636606118831e-07,0.0,0.0
18.46;-8.01293645054102e-05,0.0,-0.0008399770595133305;1.0,1.232636606118831e-07,0.0,0.0
18.48;-8.086307207122445e-05,0.0,-0.0011204276233911514;1.0,1.232636606118831e-07,0.0,0.0
18.5;-8.172926027327776e-05,0.0,-0.0013970169238746166;1.0,1.232636606118831e-07,0.0,0.0
18.52;-8.274044375866652e-05,0.0,-0.0016698772087693214;1.0,1.232636606118831e-07,0.0,0.0
18.54;-8.390890434384346e-05,0.0,-0.0019389418885111809;1.0,1.232636606118831e-07,0.0,0.0
18.56;-8.524663280695677e-05,0.0,-0.0022043422795832157;1.0,1.232636606118831e-07,0.0,0.0
18.58;-8.676497964188457e-05,0.0,-0.00246601365506649;1.0,1.232636606118831e-07,0.0,0.0
18.6;-8.847471326589584e-05,0.0,-0.002723888959735632;1.0,1.232636606118831e-07,0.0,0.0
18.62;-9.038561256602407e-05,0.0,-0.0029779691249132156;1.0,1.232636606118831e-07,0.0,0.0
18.64;-9.250646689906716e-05,0.0,-0.0032283198088407516;1.0,1.232636606118831e-07,0.0,0.0
18.66;-9.484484326094389e-05,0.0,-0.0034748101606965065;1.0,1.232636606118831e-07,0.0,0.0
18.68;-9.740696987137198e-05,0.0,-0.003717766609042883;1.0,1.232636606118831e-07,0.0,0.0
18.7;-0.00010019785258919,0.0,-0.003956927917897701;1.0,1.232636606118831e-07,0.0,0.0
18.72;-0.00010322092566639185,0.0,-0.004192163702100515;1.0,1.232636606118831e-07,0.0,0.0
18.74;-0.00010647845920175314,0.0,-0.0044239964336156845;1.0,1.232636606118831e-07,0.0,0.0
18.76;-0.00010997109347954392,0.0,-0.004651837982237339;1.0,1.232636606118831e-07,0.0,0.0
18.78;-0.00011369842104613781,0.0,-0.004876079969108105;1.0,1.232636606118831e-07,0.0,0.0
18.8;-0.00011765863746404648,0.0,-0.0050965272821486;1.0,1.232636606118831e-07,0.0,0.0
18.82;-0.00012184883235022426,0.0,-0.005313113797456026;1.0,1.232636606118831e-07,0.0,0.0
18.84;-0.00012626528041437268,0.0,-0.005526167806237936;1.0,1.232636606118831e-07,0.0,0.0
18.86;-0.00013090326683595777,0.0,-0.00573536055162549;1.0,1.232636606118831e-07,0.0,0.0
18.88;-0.00013575732009485364,0.0,-0.0059408885426819324;1.0,1.232636606118831e-07,0.0,0.0
18.9;-0.00014082144480198622,0.0,-0.006142425816506147;1.0,1.232636606118831e-07,0.0,0.0
18.92;-0.0001460891216993332,0.0,-0.0063403635285794735;1.0,1.232636606118831e-07,0.0,0.0
18.94;-0.00015155354049056768,0.0,-0.006534768268465996;1.0,1.232636606118831e-07,0.0,0.0
18.96;-0.00015720759984105825,0.0,-0.006725312676280737;1.0,1.232636606118831e-07,0.0,0.0
18.98;-0.00016304402379319072,0.0,-0.006912057287991047;1.0,1.232636606118831e-07,0.0,0.0
19.0;-0.0001690555363893509,0.0,-0.007094576954841614;1.0,1.232636606118831e-07,0.0,0.0
19.02;-0.00017523474525660276,0.0,-0.007273701950907707;1.0,1.232636606118831e-07,0.0,0.0
19.04;-0.00018261157674714923,0.0,-0.007448778487741947;1.0,1.232636606118831e-07,0.0,0.0
19.06;-0.00019230402540415525,0.0,-0.007620128337293863;1.0,1.232636606118831e-07,0.0,0.0
19.08;-0.00020421406952664256,0.0,-0.0077879540622234344;1.0,1.232636606118831e-07,0.0,0.0
19.1;-0.0002178219729103148,0.0,-0.00795205868780613;1.0,1.232636606118831e-07,0.0,0.0
19.12;-0.0002322016516700387,0.0,-0.008112248033285141;1.0,1.232636606118831e-07,0.0,0.0
19.14;-0.00024630967527627945,0.0,-0.008268910460174084;1.0,1.232636606118831e-07,0.0,0.0
19.16;-0.0002593416138552129,0.0,-0.008421722799539566;1.0,1.232636606118831e-07,0.0,0.0
19.18;-0.0002708755200728774,0.0,-0.008571009151637554;1.0,1.232636606118831e-07,0.0,0.0
19.2;-0.00028158945497125387,0.0,-0.008716444484889507;1.0,1.232636606118831e-07,0.0,0.0
19.22;-0.0002922327257692814,0.0,-0.008858094923198223;1.0,1.232636606118831e-07,0.0,0.0
19.24;-0.00030272704316303134,0.0,-0.008996089920401573;1.0,1.232636606118831e-07,0.0,0.0
19.26;-0.0003129751421511173,0.0,-0.009130362421274185;1.0,1.232636606118831e-07,0.0,0.0
19.28;-0.0003228769055567682,0.0,-0.00926117692142725;1.0,1.232636606118831e-07,0.0,0.0
19.3;-0.0003323527635075152,0.0,-0.009388009086251259;1.0,1.232636606118831e-07,0.0,0.0
19.32;-0.00034136633621528745,0.0,-0.009511184878647327;1.0,1.232636606118831e-07,0.0,0.0
19.34;-0.0003499286831356585,0.0,-0.009630510583519936;1.0,1.232636606118831e-07,0.0,0.0
19.36;-0.00035808578832075,0.0,-0.009746506810188293;1.0,1.232636606118831e-07,0.0,0.0
19.38;-0.0003658987698145211,0.0,-0.009858455508947372;1.0,1.232636606118831e-07,0.0,0.0
19.4;-0.000373514776583761,0.0,-0.009966813959181309;1.0,1.232636606118831e-07,0.0,0.0
19.42;-0.0003810219350270927,0.0,-0.010071517899632454;1.0,1.232636606118831e-07,0.0,0.0
19.44;-0.0003883920726366341,0.0,-0.010172565467655659;1.0,1.232636606118831e-07,0.0,0.0
19.46;-0.0003955936408601701,0.0,-0.010269826278090477;1.0,1.232636606118831e-07,0.0,0.0
19.48;-0.0004025927628390491,0.0,-0.010363433510065079;1.0,1.232636606118831e-07,0.0,0.0
19.5;-0.0004093547468073666,0.0,-0.01045338436961174;1.0,1.232636606118831e-07,0.0,0.0
19.52;-0.00041584757855162024,0.0,-0.010539679788053036;1.0,1.232636606118831e-07,0.0,0.0
19.54;-0.000422044366132468,0.0,-0.010622384957969189;1.0,1.232636606118831e-07,0.0,0.0
19.56;-0.00042792788008227944,0.0,-0.010700847022235394;1.0,1.232636606118831e-07,0.0,0.0
19.58;-0.00043349125189706683,0.0,-0.010776176117360592;1.0,1.232636606118831e-07,0.0,0.0
19.6;-0.0004387393710203469,0.0,-0.01084765326231718;1.0,1.232636606118831e-07,0.0,0.0
19.62;-0.0004436878371052444,0.0,-0.01091540977358818;1.0,1.232636606118831e-07,0.0,0.0
19.64;-0.0004483600496314466,0.0,-0.010979576967656612;1.0,1.232636606118831e-07,0.0,0.0
19.66;-0.0004527840646915138,0.0,-0.011040087789297104;1.0,1.232636606118831e-07,0.0,0.0
19.68;-0.0004569904995150864,0.0,-0.011096944101154804;1.0,1.232636606118831e-07,0.0,0.0
19.7;-0.0004610091564245522,0.0,-0.011149752885103226;1.0,1.232636606118831e-07,0.0,0.0
19.72;-0.0004648679750971496,0.0,-0.011199258267879486;1.0,1.232636606118831e-07,0.0,0.0
19.74;-0.00046855531400069594,0.0,-0.011245056055486202;1.0,1.232636606118831e-07,0.0,0.0
19.76;-0.00047201180132105947,0.0,-0.011287622153759003;1.0,1.232636606118831e-07,0.0,0.0
19.78;-0.0004751894739456475,0.0,-0.011325347237288952;1.0,1.232636606118831e-07,0.0,0.0
19.8;-0.0004780390881933272,0.0,-0.011361049488186836;1.0,1.232636606118831e-07,0.0,0.0
19.82;-0.0004805169883184135,0.0,-0.011393443681299686;1.0,1.232636606118831e-07,0.0,0.0
19.84;-0.00048259267350658774,0.0,-0.011418691836297512;1.0,1.232636606118831e-07,0.0,0.0
19.86;-0.0004842574126087129,0.0,-0.011440331116318703;1.0,1.232636606118831e-07,0.0,0.0
19.88;-0.0004855272709392011,0.0,-0.011460676789283752;1.0,1.232636606118831e-07,0.0,0.0
19.9;-0.0004864418297074735,0.0,-0.01147846132516861;1.0,1.232636606118831e-07,0.0,0.0
19.92;-0.00048705487279221416,0.0,-0.011492387391626835;1.0,1.232636606118831e-07,0.0,0.0
19.94;-0.0004874262376688421,0.0,-0.01150175929069519;1.0,1.232636606118831e-07,0.0,0.0
19.96;-0.00048761331709101796,0.0,-0.011506782844662666;1.0,1.232636606118831e-07,0.0,0.0
19.98;-0.00048766605323180556,4.656612873077393e-10,-0.01150825060904026;1.0,1.232636606118831e-07,0.0,0.0
