0.0;-0.11448005597813599,0.6906102672972129,-0.43504204267225227,0.0882469965606867,-1.8145508679528102,-0.6317920402547931,-0.5134768627786194,0.2802604924189149;0.0,0.0,0.0;1.0,0.0,0.0,0.0
0.0;-0.1209164819185071,0.6985627307366649,-0.4408143329238231,0.08424339020262563,-1.8337788739228442,-0.6343080713174529,-0.5006713283384377,0.280579999556029;0.0,0.0,0.003078788286074996;1.0,0.0,0.0,0.0
0.0;-0.12536892948900166,0.703211963362876,-0.4435630534769561,0.07843286133846768,-1.85127020278559,-0.6379988208673532,-0.48445174340919966,0.28294073977556433;0.0,0.0,0.006157576572149992;1.0,0.0,0.0,0.0
0.0;-0.12810855847288533,0.7042711934942684,-0.4420932900294948,0.07361019739249591,-1.8636951287712324,-0.6406931382860099,-0.47142986509449375,0.2871100656013367;0.0,0.0,0.009236364625394344;1.0,0.0,0.0,0.0
0.0;-0.1305296246284759,0.7050630920246085,-0.43989751973933694,0.07096197764655003,-1.8730373787269379,-0.641581410398364,-0.462903613510918,0.2913342385616944;0.0,0.0,0.012315153144299984;1.0,0.0,0.0,0.0
0.0;-0.13334024572436287,0.706906044967692,-0.43929908003013235,0.06879587114618174,-1.8823512791649353,-0.6422795641202248,-0.45575471000060036,0.2941732466369627;0.0,0.0,0.015393940731883049;1.0,0.0,0.0,0.0
0.0;-0.13636502403495218,0.7094665321977095,-0.4406681778547949,0.06549767200660543,-1.8926879815092108,-0.6439812947508486,-0.4473753051455207,0.29563347211655777;0.0,0.0,0.01847272925078869;1.0,0.0,0.0,0.0
0.0;-0.13903106104853719,0.7118072517020101,-0.44233301296826144,0.06168383560551581,-1.9033953096243805,-0.6463158226735021,-0.4380519516805487,0.29671557927199965;0.0,0.0,0.02155151590704918;1.0,0.0,0.0,0.0
0.0;-0.14106638717439807,0.7137028621834043,-0.4442533426277722,0.057848468788744785,-1.9131358080840197,-0.6488944662576972,-0.42961646942877135,0.29777821068275884;0.0,0.0,0.024630306288599968;1.0,0.0,0.0,0.0
0.0;-0.14317871295843168,0.7158143525195911,-0.44575685296987133,0.054572780389505235,-1.9224777509501216,-0.6513546343873352,-0.4220011054959439,0.2992611494437121;0.0,0.0,0.027709094807505608;1.0,0.0,0.0,0.0
0.0;-0.14580375460879877,0.7182615484712883,-0.44661553694821315,0.05163598699230614,-1.9323949259887263,-0.653551292268682,-0.41448115405790664,0.3014062019511264;0.0,0.0,0.030787881463766098;1.0,0.0,0.0,0.0
0.0;-0.14839315121716315,0.72053704936558,-0.4471511931018847,0.048482929047749784,-1.9425497177652367,-0.6558158591914537,-0.40641883590270733,0.30384316861779065;0.0,0.0,0.03386666998267174;1.0,0.0,0.0,0.0
0.0;-0.15073110180075158,0.7225464487962057,-0.44759110229261345,0.044947738178176114,-1.9525335274485547,-0.6584044766295986,-0.3977336910006012,0.3062061946382902;0.0,0.0,0.03694545850157738;1.0,0.0,0.0,0.0
0.0;-0.15307004218267078,0.724515336357375,-0.4479408728553438,0.04133214483073838,-1.9625537664623143,-0.6610393783509124,-0.38892307231299,0.3085809661775044;0.0,0.0,0.04002424702048302;1.0,0.0,0.0,0.0
0.0;-0.15550561568879376,0.7265659386747866,-0.4481895226892225,0.03782182953564937,-1.972655434240259,-0.6635401157695804,-0.3802306667994285,0.31106179011432683;0.0,0.0,0.04310303181409836;1.0,0.0,0.0,0.0
0.0;-0.15792008346441375,0.7285799741171547,-0.4483511046483554,0.03431085679852873,-1.9826713438113615,-0.6660284973999234,-0.3715963153329772,0.31354348727588005;0.0,0.0,0.046181824058294296;1.0,0.0,0.0,0.0
0.0;-0.16023740695352232,0.730471261682125,-0.44844535595814966,0.03070582907258687,-1.992538014057423,-0.6685934447543753,-0.36294261257936017,0.3159527951347054;0.0,0.0,0.049260612577199936;1.0,0.0,0.0,0.0
0.0;-0.16249083568444875,0.7323013456611238,-0.44848196296253845,0.027038322275033524,-2.002318268610146,-0.6711944832050087,-0.3542436121583258,0.31833240672970814;0.0,0.0,0.05233939737081528;1.0,0.0,0.0,0.0
0.0;-0.16473176332547038,0.7341422487775003,-0.4485656887282719,0.02322011296263447,-2.012065688043863,-0.6738535656138676,-0.345430164200414,0.32069342749965324;0.0,0.0,0.055418189615011215;1.0,0.0,0.0,0.0
0.0;-0.16694299344761107,0.7359365165025431,-0.4487042192433983,0.019179756313154644,-2.0220586127909614,-0.6767623202403594,-0.33645767551569905,0.32294073695300274;0.0,0.0,0.058496978133916855;1.0,0.0,0.0,0.0
0.0;-0.16870015110290773,0.737534099558119,-0.44922916486372516,0.01490315886854208,-2.03138782630275,-0.6799374677338826,-0.32770700102039324,0.3249170566104133;0.0,0.0,0.061575762927532196;1.0,0.0,0.0,0.0
0.0;-0.17020374842558134,0.7391862699954794,-0.4498821314839962,0.010830814090395808,-2.0401163643511824,-0.6831201267610487,-0.3196030017925421,0.3267883055569026;0.0,0.0,0.06465455144643784;1.0,0.0,0.0,0.0
0.0;-0.1720732587512461,0.7411743520182942,-0.45033149321357413,0.006976853045132864,-2.049214607437337,-0.6861617866436053,-0.3118465587003939,0.32887962705509394;0.0,0.0,0.06773333996534348;1.0,0.0,0.0,0.0
0.0;-0.1737376443782781,0.7429572987076477,-0.45079174737198835,0.0029768614438823765,-2.0582112822814844,-0.689333145667224,-0.3042013311421166,0.33090642113970237;0.0,0.0,0.07081212848424911;1.0,0.0,0.0,0.0
0.0;-0.1754077122097407,0.7448453935972492,-0.45106492545209986,-0.0011547452467177686,-2.067340144510919,-0.6926883288072203,-0.29614441866969404,0.3330266186246838;0.0,0.0,0.07389091700315475;1.0,0.0,0.0,0.0
0.0;-0.1772127971747477,0.7466892719940881,-0.4512627631341905,-0.00561948892305987,-2.076293539177185,-0.6961192490517791,-0.28805507804461133,0.335186672366509;0.0,0.0,0.0769696980714798;1.0,0.0,0.0,0.0
0.0;-0.17901994764636422,0.7489608497035435,-0.4520339029673999,-0.010150326073671185,-2.085687813032212,-0.6997008497927779,-0.2797961926520746,0.3371906068276508;0.0,0.0,0.08004849404096603;1.0,0.0,0.0,0.0
0.0;-0.18072760374631727,0.751114802779529,-0.45267787859808345,-0.014821273547606489,-2.095274783007246,-0.7035852108019941,-0.2714052326870796,0.3391061253141194;0.0,0.0,0.08312728255987167;1.0,0.0,0.0,0.0
0.0;-0.18205187683414878,0.7528973694188457,-0.4530365969156019,-0.019659345175820953,-2.1042669968487036,-0.7073623117393891,-0.2630410932154476,0.3413719342024191;0.0,0.0,0.08620606362819672;1.0,0.0,0.0,0.0
0.0;-0.1820292684772739,0.7527827747700868,-0.4518963336968504,-0.024749871766098146,-2.1126440037168024,-0.7119395667324644,-0.25342351269067603,0.34344010668221264;0.0,0.0,0.08928485214710236;1.0,0.0,0.0,0.0
0.0;-0.1836013230125876,0.7534501712381294,-0.44986455172030954,-0.029415882546049835,-2.121606491072095,-0.7151151180617143,-0.2438329403229259,0.3468856677403034;0.0,0.0,0.092363640666008;1.0,0.0,0.0,0.0
0.0;-0.1855051027374352,0.754728769022731,-0.44822994598576876,-0.03361335928436439,-2.130894809871862,-0.7178660283460649,-0.23444629168068423,0.3503075794545236;0.0,0.0,0.09544242173433304;1.0,0.0,0.0,0.0
0.0;-0.18719671770495006,0.7558198061031274,-0.4470523397557569,-0.037985519968027376,-2.1398872655184524,-0.7210948346494411,-0.22550471432862138,0.35276032998881396;0.0,0.0,0.09852121770381927;1.0,0.0,0.0,0.0
0.0;-0.1885770846718052,0.756789562137837,-0.4462562830827282,-0.04269866498226701,-2.148495521517374,-0.7245122712279695,-0.216633432779256,0.35475818542426174;0.0,0.0,0.10160000622272491;1.0,0.0,0.0,0.0
0.0;-0.19004769546545758,0.7579910389266699,-0.4453359923923434,-0.047306404400935635,-2.157152236470492,-0.7276770478823241,-0.20774658456011297,0.3568856817984894;0.0,0.0,0.10467878729104996;1.0,0.0,0.0,0.0
0.0;-0.19160178954893312,0.7592240228583269,-0.44413245327531525,-0.051822106967963105,-2.16597606367325,-0.7306844496994536,-0.19889278669808524,0.3590791450915961;0.0,0.0,0.1077575832605362;1.0,0.0,0.0,0.0
0.0;-0.19540638183839162,0.7614115353411158,-0.4420602797366536,-0.057059506402439716,-2.1763342099201113,-0.7339811277520826,-0.18931979997662488,0.36144669861515316;0.0,0.0,0.11083637177944183;1.0,0.0,0.0,0.0
0.0;-0.19940365776928298,0.7642144802824572,-0.4422259284350485,-0.05939693945300102,-2.186223477933715,-0.7352852199864799,-0.18179735629344168,0.36359153103685476;0.0,0.0,0.11391515284776688;1.0,0.0,0.0,0.0
0.0;-0.20413296159476577,0.7669817071675384,-0.44301794447964027,-0.0626961160649731,-2.197287313045371,-0.7378520345446176,-0.1715919535071597,0.36484593247270036;0.0,0.0,0.11699394881725311;1.0,0.0,0.0,0.0
0.0;-0.2064443876184111,0.7661869054195062,-0.4430066001557985,-0.06787123259917659,-2.205927346594589,-0.7412202282461998,-0.16151063646308003,0.3655207058103363;0.0,0.0,0.12007273733615875;1.0,0.0,0.0,0.0
0.0;-0.20751741144660188,0.7643206107927333,-0.4419230097089649,-0.07275596045546537,-2.212062550615782,-0.7444432419134299,-0.15163233418163463,0.3663120323393313;0.0,0.0,0.1231515184044838;1.0,0.0,0.0,0.0
0.0;-0.20950726073816328,0.763279701407646,-0.4405160011812027,-0.07642586742272053,-2.2192329103682154,-0.7467559550303721,-0.142397351335492,0.3676872191218252;0.0,0.0,0.12623029947280884;1.0,0.0,0.0,0.0
0.0;-0.21278474411041012,0.7635981237990729,-0.4394110448502472,-0.07968434253169493,-2.2280706478621215,-0.7487178610850924,-0.1328217408689965,0.36933182138614856;0.0,0.0,0.12930908799171448;1.0,0.0,0.0,0.0
0.0;-0.21535135249146128,0.7634726654218651,-0.4385184468966998,-0.08345859517863168,-2.2366836769778313,-0.7510235939220677,-0.12304594709707108,0.37052042984371264;0.0,0.0,0.13238787651062012;1.0,0.0,0.0,0.0
0.0;-0.21709572392439186,0.762546450621244,-0.4373285246534082,-0.08789550685797645,-2.244297593581715,-0.7536269100003377,-0.11361279504255654,0.37126610123858433;0.0,0.0,0.13546666502952576;1.0,0.0,0.0,0.0
0.0;-0.21877276383201996,0.7621123580497859,-0.4356434429050191,-0.09234566492460469,-2.2517391797459667,-0.7559910569782142,-0.10421268899298479,0.37214115260282205;0.0,0.0,0.1385454535484314;1.0,0.0,0.0,0.0
0.0;-0.22058516374017398,0.7620312840439076,-0.4338491974035432,-0.09670632429014181,-2.2596532989574363,-0.7580091071533077,-0.09489770937292645,0.3731527271311179;0.0,0.0,0.14162424206733704;1.0,0.0,0.0,0.0
0.0;-0.22242957036350425,0.7619579830425668,-0.4321823785391952,-0.10143937647742111,-2.267681744151304,-0.7601509200755928,-0.08531281433231315,0.37386123305935964;0.0,0.0,0.14470303058624268;1.0,0.0,0.0,0.0
0.0;-0.22400964642238919,0.7616314897187104,-0.4305793773924769,-0.10650317529934,-2.27599142653344,-0.7627396293091464,-0.0751257933528787,0.37401060879685233;0.0,0.0,0.14778181910514832;1.0,0.0,0.0,0.0
0.0;-0.2255840551910021,0.7612559687989918,-0.42892553385216664,-0.11174417764937966,-2.284036978404103,-0.7649814595882322,-0.06490517780669554,0.37429059412258364;0.0,0.0,0.15086060762405396;1.0,0.0,0.0,0.0
0.0;-0.2267428248640013,0.7605030811372518,-0.4275063039011194,-0.11698132339836441,-2.2909138977036116,-0.7669388571338275,-0.05545239174505603,0.3744754478656956;0.0,0.0,0.1539393812417984;1.0,0.0,0.0,0.0
0.0;-0.22816450046648468,0.7599511061613018,-0.4259030956031837,-0.12171052131951828,-2.2981314833406477,-0.7689211412923816,-0.04642958379358661,0.3742948103607542;0.0,0.0,0.15701818466186523;1.0,0.0,0.0,0.0
0.0;-0.2299249253977435,0.7597031506256668,-0.42440048699973537,-0.12656917440553953,-2.305817228147491,-0.7707579020915086,-0.037116392455821816,0.374011018301417;0.0,0.0,0.16009697318077087;1.0,0.0,0.0,0.0
0.0;-0.23148278301263103,0.7593782029382014,-0.4228466715733362,-0.13160639277571928,-2.313597738509718,-0.7724589052652696,-0.027451931273974373,0.37361589466759487;0.0,0.0,0.1631757616996765;1.0,0.0,0.0,0.0
0.0;-0.23260465418452966,0.7586871347236971,-0.42142163731670046,-0.1370391557689916,-2.321078633202737,-0.7744736802849532,-0.01763901375413193,0.372630537016999;0.0,0.0,0.16625455021858215;1.0,0.0,0.0,0.0
0.0;-0.23357650192571974,0.7578554617214824,-0.4202935348667739,-0.14265563877916163,-2.3278381442593448,-0.7761664511728225,-0.008372448867319292,0.3716136698391877;0.0,0.0,0.1693333387374878;1.0,0.0,0.0,0.0
0.0;-0.23489424223137134,0.7573536244536575,-0.41893151115402255,-0.14791894846781017,-2.3350357353101336,-0.7777608675559964,0.0007690639950313476,0.3703675669578504;0.0,0.0,0.17241211235523224;1.0,0.0,0.0,0.0
0.0;-0.23628768988114793,0.7570197580354023,-0.41735584052732344,-0.15308597663644388,-2.342637732197474,-0.7789881387238606,0.010181577445766485,0.3691584364981756;0.0,0.0,0.17549091577529907;1.0,0.0,0.0,0.0
0.0;-0.2370612940648667,0.7561940314387048,-0.41635430561436787,-0.15879054876041185,-2.3493797165241452,-0.7803882102319228,0.01923163258279191,0.36742185179576764;0.0,0.0,0.1785697042942047;1.0,0.0,0.0,0.0
0.0;-0.23790146874621182,0.7555030027240639,-0.4151864627238865,-0.16438807681815276,-2.356260129875879,-0.7817702534300025,0.028292904953564346,0.3653330564711765;0.0,0.0,0.18164849281311035;1.0,0.0,0.0,0.0
0.0;-0.2389972158942138,0.7550825413905508,-0.41365024490495356,-0.16980062286448977,-2.363635334287882,-0.7826436632127904,0.03756089704205408,0.36335491945383286;0.0,0.0,0.184727281332016;1.0,0.0,0.0,0.0
0.0;-0.23955536899829338,0.7541806810057418,-0.4119306927893527,-0.17580080939384832,-2.3709372694932944,-0.7833145040023138,0.04790194775991841,0.36104590553421156;0.0,0.0,0.18780606985092163;1.0,0.0,0.0,0.0
0.0;-0.2401424964465259,0.7520404647984562,-0.40929540059557684,-0.18230676995441641,-2.3781283478701267,-0.7840734384741456,0.05844326946055633,0.35804484928151226;0.0,0.0,0.19088484346866608;1.0,0.0,0.0,0.0
0.0;-0.24098294792509725,0.7504421687586793,-0.40620587060269386,-0.18819034439597318,-2.385559162800338,-0.7838184896493422,0.07010576769243969,0.3553731496277767;0.0,0.0,0.1939636617898941;1.0,0.0,0.0,0.0
0.0;-0.24103383380836374,0.7473147255441441,-0.40278941074026386,-0.19372628178858972,-2.3913878902613255,-0.7832255341423654,0.08127341216637417,0.3526015537391133;0.0,0.0,0.19704245030879974;1.0,0.0,0.0,0.0
0.0;-0.2420343963555673,0.744627255021078,-0.39917392556642234,-0.19833625578699512,-2.3983216239345704,-0.7821434296653996,0.09208893769085547,0.34987405720627457;0.0,0.0,0.20012123882770538;1.0,0.0,0.0,0.0
0.0;-0.2432395966051293,0.7419770259368434,-0.39697590816332945,-0.20360638298078246,-2.4049026845409105,-0.781296652016227,0.10280861629826543,0.34655755674386574;0.0,0.0,0.20320002734661102;1.0,0.0,0.0,0.0
0.0;-0.24485135262668972,0.7399102574469999,-0.3951240252380627,-0.20878779194963698,-2.4124943696249437,-0.780669878131021,0.11410925986713898,0.34237373986318725;0.0,0.0,0.20627880096435547;1.0,0.0,0.0,0.0
0.0;-0.24623186176158146,0.7376920451981288,-0.3934250765724063,-0.2141844313762032,-2.419842964187244,-0.7796369249350724,0.12520105285517685,0.3380098769688203;0.0,0.0,0.2093575894832611;1.0,0.0,0.0,0.0
0.0;-0.24714210351770835,0.7351300931705587,-0.391595795500832,-0.21953128973503758,-2.4265148373314305,-0.7783255067011268,0.13579288742411041,0.33338708435213643;0.0,0.0,0.21243637800216675;1.0,0.0,0.0,0.0
0.0;-0.24807748030563798,0.7327088222830501,-0.3896757873437297,-0.2246984023381302,-2.432958858640937,-0.7764980183589373,0.14597848657946852,0.32878560458330364;0.0,0.0,0.21551518142223358;1.0,0.0,0.0,0.0
0.0;-0.24902415712966997,0.7303671338220112,-0.3878227313438841,-0.2296986132313609,-2.439679658692691,-0.774572452861749,0.1560946795032368,0.3237727222994755;0.0,0.0,0.21859395503997803;1.0,0.0,0.0,0.0
0.0;-0.249968055382588,0.7278890815896871,-0.386270307998838,-0.235188361072868,-2.4464604455018746,-0.772597661625155,0.16667456820431337,0.3180385252974976;0.0,0.0,0.22167274355888367;1.0,0.0,0.0,0.0
0.0;-0.25034422871018963,0.7249777613812971,-0.3852872642241982,-0.24093087628045684,-2.4529361070053843,-0.77079246246616,0.1773344880651746,0.3114883835287374;0.0,0.0,0.2247515171766281;1.0,0.0,0.0,0.0
0.0;-0.2506943119856911,0.7221077957610317,-0.3839469886708027,-0.24618234066412908,-2.4590803286038985,-0.7681722627277396,0.18732480204981752,0.3051568081530734;0.0,0.0,0.22783030569553375;1.0,0.0,0.0,0.0
0.0;-0.2512310212639146,0.7194052894379697,-0.3826648917948985,-0.251150591534301,-2.465240782357719,-0.7650909908876112,0.1970696128774102,0.29863397187865737;0.0,0.0,0.2309090942144394;1.0,0.0,0.0,0.0
0.0;-0.25195138127927574,0.7167638967665803,-0.38169143523500315,-0.25616116285039003,-2.471716725334165,-0.7619367703368659,0.20693351821601608,0.291556027463692;0.0,0.0,0.23398789763450623;1.0,0.0,0.0,0.0
0.0;-0.2526640304741683,0.7140277533290904,-0.381061602344457,-0.2614393005699201,-2.47833833344341,-0.7586955368640442,0.2171322911454098,0.28381828270624704;0.0,0.0,0.23706668615341187;1.0,0.0,0.0,0.0
0.0;-0.2532716292046088,0.7111173230388319,-0.3806202405936261,-0.26692142718599815,-2.4849983078289934,-0.755192227054258,0.22761658138947422,0.275465747146025;0.0,0.0,0.2401454746723175;1.0,0.0,0.0,0.0
0.0;-0.2538056657481437,0.7080748442563312,-0.38024193953119434,-0.27241384014360187,-2.4916988824732442,-0.7512782674458816,0.23822268667542387,0.26661262967973226;0.0,0.0,0.24322424829006195;1.0,0.0,0.0,0.0
0.0;-0.25508928431537226,0.7050063206771565,-0.37965659638177524,-0.27841309573533957,-2.49843016481689,-0.7470647217027551,0.2488115112324354,0.25703924029862074;0.0,0.0,0.2463030368089676;1.0,0.0,0.0,0.0
0.0;-0.25591197942203664,0.7024356539590018,-0.38034703302336437,-0.28444693687339756,-2.505478605011084,-0.743156702454837,0.2592634594983505,0.24715963825952877;0.0,0.0,0.24938182532787323;1.0,0.0,0.0,0.0
0.0;-0.2563104025377059,0.6999206190628117,-0.38138041025665986,-0.29041136669100387,-2.51228892867354,-0.7391004921077586,0.26929017903022906,0.23703245434936462;0.0,0.0,0.25246062874794006;1.0,0.0,0.0,0.0
0.0;-0.25652746005864524,0.6972775583021048,-0.3820665949610122,-0.29609374892942497,-2.518892445434591,-0.7346466039816645,0.27892017493163046,0.22666460381321155;0.0,0.0,0.2555394172668457;1.0,0.0,0.0,0.0
0.0;-0.2566216466116478,0.6945655825831274,-0.38259646697184485,-0.30155172701230837,-2.525500472977107,-0.7296081907566181,0.2885650834949711,0.21605239542849167;0.0,0.0,0.25861820578575134;1.0,0.0,0.0,0.0
0.0;-0.2566480769049857,0.691767757698956,-0.38322452631618104,-0.3069832667692624,-2.532198659766336,-0.7241183776442912,0.29842004240562,0.2049527499570135;0.0,0.0,0.261696994304657;1.0,0.0,0.0,0.0
0.0;-0.2566263245337614,0.6888425363332622,-0.38410130894030964,-0.3124866511398548,-2.5389376051696515,-0.718355380749908,0.3084155505865344,0.19324389548761967;0.0,0.0,0.2647757828235626;1.0,0.0,0.0,0.0
0.0;-0.2565630266591982,0.685827232451485,-0.38529943402429967,-0.31801061567683886,-2.545659903205058,-0.7123516724103702,0.31843543925776324,0.1809998403489922;0.0,0.0,0.26785457134246826;1.0,0.0,0.0,0.0
0.0;-0.25755646686752937,0.6836074715682422,-0.3858698885675093,-0.32181018992726274,-2.5530611005244,-0.7067614516504727,0.32639274158851517,0.1710926811230916;0.0,0.0,0.2709333598613739;1.0,0.0,0.0,0.0
0.0;-0.25693297017707994,0.6806454113341105,-0.3875890299693672,-0.3268621830468654,-2.5588539728538016,-0.7012261584056658,0.33621736271820607,0.15869641680593213;0.0,0.0,0.27401214838027954;1.0,0.0,0.0,0.0
0.0;-0.25713966664112137,0.6777122184670564,-0.3891051227552465,-0.33143743259000974,-2.565594582096378,-0.695499659096933,0.3448278818465979,0.14773140080407557;0.0,0.0,0.2770909368991852;1.0,0.0,0.0,0.0
0.0;-0.25944834039694226,0.6763380578518333,-0.3901348255137296,-0.33586288542606324,-2.5736952143837017,-0.6876208028646349,0.3565195224483537,0.13471666118383496;0.0,0.0,0.2801697254180908;1.0,0.0,0.0,0.0
0.0;-0.25709188986383813,0.6693812559129356,-0.39298355152303527,-0.34011740176183336,-2.5772690712105413,-0.6829613471982406,0.36266906118786746,0.1229243237932471;0.0,0.0,0.28324851393699646;1.0,0.0,0.0,0.0
0.0;-0.2585560163633554,0.6626856168278353,-0.39705751267792705,-0.3441868676686399,-2.5787051611635086,-0.6766111652138024,0.3699115422658311,0.11106575296138561;0.0,0.0,0.2863273024559021;1.0,0.0,0.0,0.0
0.0;-0.26116430516198985,0.6602858581688658,-0.40184332200318806,-0.34457066811935827,-2.582799725867609,-0.672119693342362,0.37690618467265896,0.1010038402142112;0.0,0.0,0.28940609097480774;1.0,0.0,0.0,0.0
0.0;-0.2647250083670154,0.6564750849874326,-0.4085750747053166,-0.3469222669619311,-2.587632219134285,-0.6679490119845348,0.38439677945736944,0.08810241509566707;0.0,0.0,0.2924848794937134;1.0,0.0,0.0,0.0
0.0;-0.26657904877394617,0.6481712714235591,-0.41815890312783693,-0.3521434083001526,-2.591448671158082,-0.6627200759522509,0.39364167859880683,0.07046226452394846;0.0,0.0,0.295563668012619;1.0,0.0,0.0,0.0
0.0;-0.2672409617953876,0.6426221983906792,-0.4249032412852394,-0.3543740383736981,-2.595619317359279,-0.6574679947271841,0.4025983604292723,0.05546773195875808;0.0,0.0,0.29864245653152466;1.0,0.0,0.0,0.0
0.0;-0.26878763596051625,0.6384185036056539,-0.43003274763790483,-0.35659676236726534,-2.5999792290929835,-0.651460202013843,0.41080427846017653,0.04327839660136911;0.0,0.0,0.3017212450504303;1.0,0.0,0.0,0.0
0.0;-0.2712221092071914,0.633475057457395,-0.43476142303914,-0.35950945286844116,-2.604426837254915,-0.6459930080746581,0.4184567184504512,0.03047911034800465;0.0,0.0,0.30480003356933594;1.0,0.0,0.0,0.0
0.0;-0.27783940609247304,0.6315580591541342,-0.44360591670421934,-0.36075233618492125,-2.6081446730155315,-0.6396773448042054,0.42647000562372817,0.015767981771913082;-0.003078788286074996,0.0,0.30480003356933594;1.0,0.0,0.0,0.0
0.0;-0.29199147167761813,0.633347002191704,-0.45515438693691235,-0.3571824534942488,-2.6160071744889786,-0.6346198215940089,0.4296614824145725,0.0019857567527503408;-0.006157576572149992,0.0,0.30480003356933594;1.0,0.0,0.0,0.0
0.0;-0.3105406801785679,0.6368879228122983,-0.46953604144268557,-0.3503115665209979,-2.6234565491720465,-0.6297011779805898,0.4288828460328331,-0.008072636320694783;-0.009236364625394344,0.0,0.30480003356933594;1.0,0.0,0.0,0.0
0.0;-0.3232334428512811,0.6369677901728414,-0.48168545674219365,-0.3393124287066311,-2.6285149756002153,-0.6277126302822638,0.42537172238069787,-0.018629546561247875;-0.012315153144299984,0.0,0.30480003356933594;1.0,0.0,0.0,0.0
0.0;-0.3329072174518707,0.6344001525547388,-0.492477767333562,-0.33118464878148257,-2.6264714785510987,-0.6220875826477681,0.42199082900242757,-0.025393821944686968;-0.015393940731883049,0.0,0.30480003356933594;1.0,0.0,0.0,0.0
0.0;-0.34390976117088096,0.6324706578816114,-0.5003818318464425,-0.3214566009657178,-2.6267858391152177,-0.6153431482375324,0.41945304352232005,-0.032068669692409214;-0.01847272925078869,0.0,0.30480003356933594;1.0,0.0,0.0,0.0
0.0;-0.3526365616674526,0.6315088467443253,-0.5065254865793999,-0.3140565884074169,-2.6275307189868493,-0.6103331922598438,0.41853721752311135,-0.03717930676653276;-0.02155151590704918,0.0,0.30480003356933594;1.0,0.0,0.0,0.0
0.0;-0.36454151333008494,0.6308429007066765,-0.5126532722904302,-0.30775730362087217,-2.6304848695137,-0.6059665974881716,0.41728284521067244,-0.042578189166915845;-0.024630306288599968,0.0,0.30480003356933594;1.0,0.0,0.0,0.0
0.0;-0.371903735509247,0.6294393031599552,-0.5204937778456055,-0.30155968413918666,-2.632051311270415,-0.6030833324788472,0.4159310484109131,-0.047222872572015163;-0.027709094807505608,0.0,0.30480003356933594;1.0,0.0,0.0,0.0
0.0;-0.3837353122123827,0.6280343677064284,-0.5316325078596028,-0.29294276398660035,-2.6329773250411894,-0.6009961216860997,0.4130863647455792,-0.05467734696918775;-0.030787881463766098,0.0,0.30480003356933594;1.0,0.0,0.0,0.0
0.0;-0.39272057162742807,0.6269772589516772,-0.5403228060245845,-0.2867001507490969,-2.633017356695444,-0.5984730786969412,0.41121061501359146,-0.05978821140007562;-0.03386666998267174,0.0,0.30480003356933594;1.0,0.0,0.0,0.0
0.0;-0.40011514845691876,0.6262422997551792,-0.5461566588792417,-0.28209744897610084,-2.6338537283807404,-0.596324648225449,0.4096869432549008,-0.06335046464804088;-0.03694545850157738,0.0,0.30480003356933594;1.0,0.0,0.0,0.0
0.0;-0.4074759891813627,0.6264739280772723,-0.550622119709591,-0.27818678368944216,-2.6356954204839544,-0.5947847957476463,0.40848364190837383,-0.06597881986592971;-0.04002424702048302,0.0,0.30480003356933594;1.0,0.0,0.0,0.0
0.0;-0.4188584842676508,0.6271666710379667,-0.5567082421862953,-0.2740309332785451,-2.6390660859478787,-0.5929751939929286,0.40629740025007005,-0.06876054789692802;-0.04310303181409836,0.0,0.30480003356933594;1.0,0.0,0.0,0.0
0.0;-0.4233217150067106,0.6234777946913836,-0.5616798469874161,-0.2653281003360347,-2.6377983353656034,-0.5908893596230387,0.4051856860501209,-0.07172021508489673;-0.046181824058294296,0.0,0.30480003356933594;1.0,0.0,0.0,0.0
0.0;-0.43020994102334414,0.6187716722812362,-0.561760261987218,-0.25677334300262966,-2.637228822509455,-0.5865431689912938,0.4064750063489889,-0.0725369489581982;-0.049260612577199936,0.0,0.30480003356933594;1.0,0.0,0.0,0.0
0.0;-0.43852912241040054,0.6168827484531559,-0.5642949316036726,-0.25023567975368255,-2.63817422645298,-0.5847050082873404,0.40765099288521517,-0.07305838697475991;-0.05233939737081528,0.0,0.30480003356933594;1.0,0.0,0.0,0.0
0.0;-0.4454005865648712,0.6127468921648791,-0.5675792760158743,-0.24398140053187675,-2.6385317055820443,-0.5844703356258303,0.40793955574408874,-0.07306671828179531;-0.055418189615011215,0.0,0.30480003356933594;1.0,0.0,0.0,0.0
0.0;-0.4537158608701198,0.6085830584641537,-0.5719421896370089,-0.23750830088717648,-2.637738852131085,-0.5853683121525092,0.40816529803896384,-0.07283951703999121;-0.058496978133916855,0.0,0.30480003356933594;1.0,0.0,0.0,0.0
0.0;-0.46347871352929193,0.6055877025902852,-0.5772022550600333,-0.23128265104209375,-2.6377802780872805,-0.5870388958162728,0.40801473370163677,-0.07246647059701462;-0.061575762927532196,0.0,0.30480003356933594;1.0,0.0,0.0,0.0
0.0;-0.47301708443672036,0.6016772715479883,-0.5843077776447081,-0.22543723625825052,-2.6373855861020434,-0.5894180776302036,0.4067652538167905,-0.07178096106145976;-0.06465455144643784,0.0,0.30480003356933594;1.0,0.0,0.0,0.0
0.0;-0.4885475519004697,0.5967928097240076,-0.5948377231543696,-0.21687522203573584,-2.6372267256547715,-0.5949595971254532,0.404051141925117,-0.072155697209265;-0.06773333996534348,0.0,0.30480003356933594;1.0,0.0,0.0,0.0
0.0;-0.5023787403297131,0.5898789271480994,-0.6083208234726927,-0.20776285370878478,-2.6345601465480364,-0.6010108145940685,0.40107757598142335,-0.0719536743233449;-0.07081212848424911,0.0,0.30480003356933594;1.0,0.0,0.0,0.0
0.0;-0.5141882419470187,0.5830283198976929,-0.6192694382413764,-0.1996848974955902,-2.6319674347049995,-0.6064728026906565,0.39815962796562926,-0.07234403383185482;-0.07389091700315475,0.0,0.30480003356933594;1.0,0.0,0.0,0.0
0.0;-0.525115650872605,0.5773151333819786,-0.6283297356780888,-0.192534899150956,-2.6301371724811142,-0.6109462249025875,0.3959144562390467,-0.07275992628349587;-0.0769696980714798,0.0,0.30480003356933594;1.0,0.0,0.0,0.0
0.0;-0.5360288948918388,0.571896658430551,-0.637678604322041,-0.18552900463247887,-2.628427527915816,-0.6154466863443966,0.3938458744999718,-0.07312320412545006;-0.08004849404096603,0.0,0.30480003356933594;1.0,0.0,0.0,0.0
0.0;-0.549397838390562,0.5639869764859325,-0.6503983060955357,-0.17730268480138217,-2.624549341230422,-0.6220753744921147,0.390855384201574,-0.07420978229961006;-0.08312728255987167,0.0,0.30480003356933594;1.0,0.0,0.0,0.0
0.0;-0.5644267336294639,0.5568932327062915,-0.6633301588369424,-0.16924483254853645,-2.6230041053871878,-0.6283474420955769,0.38727857660549747,-0.0747768318019264;-0.08620606362819672,0.0,0.30480003356933594;1.0,0.0,0.0,0.0
0.0;-0.5810246132744935,0.5543653811592915,-0.6780480287495068,-0.1634061123366568,-2.62284908041013,-0.6367611247390756,0.3835053836624366,-0.07586960190136291;-0.08928485214710236,0.0,0.30480003356933594;1.0,0.0,0.0,0.0
0.0;-0.5932380197893022,0.5528516748540315,-0.6914485293329098,-0.157962538548794,-2.626610273938924,-0.64260731999461,0.37925918916945806,-0.07464543718991984;-0.092363640666008,0.0,0.30480003356933594;1.0,0.0,0.0,0.0
0.0;-0.6036414071835264,0.5533847233860011,-0.6983355457523021,-0.15310384796141305,-2.6292519139621784,-0.6471196147702453,0.37585244444274346,-0.07478952189366911;-0.09544242173433304,0.0,0.30480003356933594;1.0,0.0,0.0,0.0
0.0;-0.6127575989406638,0.5532911473379915,-0.704482143133931,-0.1494647944407461,-2.6296565623913044,-0.6508249514033468,0.37248878899534205,-0.07467262315769121;-0.09852121770381927,0.0,0.30480003356933594;1.0,0.0,0.0,0.0
0.0;-0.6255452900976621,0.5526593514092816,-0.7132479106341846,-0.14556344150345094,-2.6298317377802847,-0.655679143781022,0.36748019402288645,-0.0742183219212676;-0.10160000622272491,0.0,0.30480003356933594;1.0,0.0,0.0,0.0
0.0;-0.6338395457408514,0.5495095974880744,-0.7252205818125004,-0.13967288056448648,-2.6294163212949924,-0.6623049808557228,0.36084155379415517,-0.07368609232480297;-0.10467878729104996,0.0,0.30480003356933594;1.0,0.0,0.0,0.0
0.0;-0.6429606706503118,0.5481778422857068,-0.7347023258681098,-0.13522190301292994,-2.628081473146074,-0.6673103853548901,0.3562884992389036,-0.07323628303272622;-0.1077575832605362,0.0,0.30480003356933594;1.0,0.0,0.0,0.0
0.0;-0.6518703208119804,0.5479483751465004,-0.7420297614359804,-0.1316536642055324,-2.6284826920409854,-0.6710220221286608,0.35274595480971876,-0.07269096673565464;-0.11083637177944183,0.0,0.30480003356933594;1.0,0.0,0.0,0.0
0.0;-0.6604114582399317,0.5478800492910374,-0.748935028692553,-0.1286665675750506,-2.6292490698695743,-0.6745848460106845,0.34918915468075634,-0.07217103650045815;-0.11391515284776688,0.0,0.30480003356933594;1.0,0.0,0.0,0.0
0.0;-0.6733572679920873,0.547890786963443,-0.7577087846310362,-0.12551855948929636,-2.6302026852547673,-0.6800996283590406,0.34346168480457434,-0.07210507608333597;-0.11699394881725311,0.0,0.30480003356933594;1.0,0.0,0.0,0.0
0.0;-0.6804264493902853,0.5456112572614048,-0.768823845297181,-0.12127203975784265,-2.6291026349497475,-0.686749068833783,0.3366154861838664,-0.07192354824525726;-0.12007273733615875,0.0,0.30480003356933594;1.0,0.0,0.0,0.0
0.0;-0.68811135001084,0.5449656563168085,-0.7782559054816269,-0.11772090107410123,-2.6278439115319294,-0.6918763831625816,0.3316225819771176,-0.07148908946057927;-0.1231515184044838,0.0,0.30480003356933594;1.0,0.0,0.0,0.0
0.0;-0.6967581290714958,0.5452254339807336,-0.7861212536158394,-0.11518988686444252,-2.6282345520858446,-0.6955635659874311,0.32753690004895275,-0.07063751835064327;-0.12623029947280884,0.0,0.30480003356933594;1.0,0.0,0.0,0.0
0.0;-0.7051031107117961,0.5456844789076458,-0.7934694979651532,-0.11297274973235386,-2.629239385454793,-0.6992754875630667,0.3233697817842758,-0.06999022202841387;-0.12930908799171448,0.0,0.30480003356933594;1.0,0.0,0.0,0.0
0.0;-0.71707487770166,0.5465793542186644,-0.8023048125370019,-0.11065615074860713,-2.630344423215684,-0.7047965521408985,0.3172136413375506,-0.06988466444975777;-0.13238787651062012,0.0,0.30480003356933594;1.0,0.0,0.0,0.0
0.0;-0.7242847320498375,0.5460322127891665,-0.8133819246287335,-0.1077019081017049,-2.629820191444003,-0.7109832302276424,0.3103732565046684,-0.06941445958972257;-0.13546666502952576,0.0,0.30480003356933594;1.0,0.0,0.0,0.0
0.0;-0.733228617920735,0.5462371003089883,-0.8245320186287362,-0.10510833730959973,-2.628431962590946,-0.7170392091660911,0.30355930694338124,-0.06886566858303358;-0.1385454535484314,0.0,0.30480003356933594;1.0,0.0,0.0,0.0
0.0;-0.7428990263980215,0.5464414711089758,-0.8348225144864788,-0.10287221791237734,-2.6294236171986536,-0.7224592285239607,0.2962629855660972,-0.06804599687710948;-0.14162424206733704,0.0,0.30480003356933594;1.0,0.0,0.0,0.0
0.0;-0.7533788467197389,0.5482297909390051,-0.8459573168995487,-0.09995804276611019,-2.628245203649403,-0.7289397552393206,0.2893635884518249,-0.06791919903478023;-0.14470303058624268,0.0,0.30480003356933594;1.0,0.0,0.0,0.0
0.0;-0.7593342855733664,0.547738436137253,-0.8556750804101088,-0.09842875205090476,-2.627817024125925,-0.733692664393212,0.2825537706973908,-0.06708546483388275;-0.14778181910514832,0.0,0.30480003356933594;1.0,0.0,0.0,0.0
0.0;-0.7684320764640346,0.5483782032613685,-0.8647159602929426,-0.0973647287981572,-2.6284356793072874,-0.738751018934074,0.2755685032024767,-0.06686223233438968;-0.15086060762405396,0.0,0.30480003356933594;1.0,0.0,0.0,0.0
0.0;-0.7755922250239116,0.5500890712426032,-0.8759528042317302,-0.09556490574043926,-2.6284767539145517,-0.7447229536584218,0.2696587029742787,-0.06721968158614149;-0.1539393812417984,0.0,0.30480003356933594;1.0,0.0,0.0,0.0
0.0;-0.7854732783989167,0.5505231264809536,-0.8869844017225149,-0.096169420965604,-2.630021216049172,-0.7499466377023457,0.26196138831083876,-0.06701869598695767;-0.15701818466186523,0.0,0.30480003356933594;1.0,0.0,0.0,0.0
0.0;-0.7912586780753831,0.5521759128600944,-0.8963907835416915,-0.0950445286944087,-2.6294073285151014,-0.7551426761299023,0.2562287131869159,-0.06759912742795197;-0.16009697318077087,0.0,0.30480003356933594;1.0,0.0,0.0,0.0
0.0;-0.7973000102800082,0.553663222975827,-0.9044168621712965,-0.09448421407100972,-2.628704042560749,-0.7594590831395232,0.2504946645296198,-0.06786644131278535;-0.1631757616996765,0.0,0.30480003356933594;1.0,0.0,0.0,0.0
0.0;-0.80414406880096,0.5551045446726186,-0.9129998721183178,-0.0944051808364216,-2.628607878660951,-0.7631974717092842,0.24438768429389923,-0.06741255494563107;-0.16625455021858215,0.0,0.30480003356933594;1.0,0.0,0.0,0.0
0.0;-0.8159838895751806,0.558923694561977,-0.9236465201975024,-0.09376063167407309,-2.628364955923648,-0.7689582888622981,0.23634529775364474,-0.06770318359881086;-0.1693333387374878,0.0,0.30480003356933594;1.0,0.0,0.0,0.0
0.0;-0.8236252097486039,0.5596706410931568,-0.9385838368112663,-0.09424677267112343,-2.6289786117609766,-0.7750891376251248,0.22488420505241485,-0.0666365487079668;-0.17241211235523224,0.0,0.30480003356933594;1.0,0.0,0.0,0.0
0.0;-0.831631279710703,0.5616474647551759,-0.955081758983091,-0.09405764712509557,-2.625857208312594,-0.7837860828151467,0.21160429108939766,-0.06723711328817025;-0.17549091577529907,0.0,0.30480003356933594;1.0,0.0,0.0,0.0
0.0;-0.841378317958472,0.5641033969887762,-0.9722019534858652,-0.09379950397845421,-2.6230607578386995,-0.7923243973504113,0.19720453948292804,-0.06760147961236576;-0.1785697042942047,0.0,0.30480003356933594;1.0,0.0,0.0,0.0
0.0;-0.8518212569850425,0.5675678916049526,-0.9898944000992439,-0.09272248447092629,-2.621678245864457,-0.7994932537747321,0.18283892505797095,-0.0669105619011151;-0.18164849281311035,0.0,0.30480003356933594;1.0,0.0,0.0,0.0
0.0;-0.8601192658294561,0.5706323415462021,-1.0045142037252675,-0.09183616477830488,-2.6188204349067936,-0.805810050112784,0.17014764673769728,-0.06696943349166426;-0.184727281332016,0.0,0.30480003356933594;1.0,0.0,0.0,0.0
0.0;-0.8680226569902125,0.5735327858142507,-1.018596066506891,-0.09111182100960918,-2.617280016068573,-0.8115536995504812,0.15744719562992457,-0.06703548006390296;-0.18780606985092163,0.0,0.30480003356933594;1.0,0.0,0.0,0.0
0.0;-0.8759777246339153,0.5765739707456796,-1.0318624775004597,-0.09081669498079277,-2.615623169175816,-0.8166520104519907,0.1464088620827947,-0.0672797129665951;-0.19088484346866608,0.0,0.30480003356933594;1.0,0.0,0.0,0.0
0.0;-0.8844935566529348,0.5793605761029336,-1.0458306900106635,-0.091276229376563,-2.614584506382399,-0.8217240652002606,0.13517771194842113,-0.06765785756091504;-0.1939636617898941,0.0,0.30480003356933594;1.0,0.0,0.0,0.0
0.0;-0.8921479465607328,0.5822391623277337,-1.0593632304840135,-0.09173784340221215,-2.6125094127314097,-0.8270616815022931,0.12446320986279963,-0.06871477273090813;-0.19704245030879974,0.0,0.30480003356933594;1.0,0.0,0.0,0.0
0.0;-0.9000115965938434,0.5850880236869397,-1.0739735196393512,-0.09231749642604277,-2.610873287682667,-0.8324604682893525,0.11238860806204952,-0.06975625960114776;-0.20012123882770538,0.0,0.30480003356933594;1.0,0.0,0.0,0.0
0.0;-0.9081244524981298,0.5883259649524567,-1.0888993552675998,-0.09269535770113789,-2.608844764838915,-0.8376100393192462,0.10003285623972638,-0.0707812669706026;-0.20320002734661102,0.0,0.30480003356933594;1.0,0.0,0.0,0.0
0.0;-0.9163113749859616,0.5915827691103862,-1.104138379230127,-0.09316378929515189,-2.6065885401696613,-0.8425020355566646,0.08708593484162123,-0.0718278248049116;-0.20627880096435547,0.0,0.30480003356933594;1.0,0.0,0.0,0.0
0.0;-0.9241515706935122,0.5949124306515651,-1.119333852385286,-0.09354763035926593,-2.6040250001250578,-0.8473137034606861,0.07409134988571728,-0.07322021314401238;-0.2093575894832611,0.0,0.30480003356933594;1.0,0.0,0.0,0.0
0.0;-0.9322277152272198,0.5982012238543374,-1.135156323811208,-0.09410951495976687,-2.601574479995835,-0.8519706797939405,0.060546239932134066,-0.07480851797943219;-0.21243637800216675,0.0,0.30480003356933594;1.0,0.0,0.0,0.0
0.0;-0.9403454492396847,0.6016397863536248,-1.1510184401791943,-0.09458386353279065,-2.5989911246273096,-0.8564238959501722,0.04713790153959793,-0.07668652579735075;-0.21551518142223358,0.0,0.30480003356933594;1.0,0.0,0.0,0.0
0.0;-0.9485308072748934,0.6050089071293147,-1.1671527445749854,-0.09517171331412118,-2.5963672084738945,-0.8606041625376292,0.03334789935796181,-0.07876907223195553;-0.21859395503997803,0.0,0.30480003356933594;1.0,0.0,0.0,0.0
0.0;-0.9565975914345395,0.6084539455594425,-1.1832836734939356,-0.09566752857670509,-2.5935125309587512,-0.8645184417584535,0.01950496163489105,-0.08112010601900059;-0.22167274355888367,0.0,0.30480003356933594;1.0,0.0,0.0,0.0
0.0;-0.9647841845590251,0.6119020076845577,-1.1997061392189237,-0.09619274107341032,-2.590622880325547,-0.8680940246446712,0.005275436855273045,-0.0836712292589285;-0.2247515171766281,0.0,0.30480003356933594;1.0,0.0,0.0,0.0
0.0;-0.9730374271883697,0.615446345534604,-1.2161674704706615,-0.09662361265830563,-2.587653143790326,-0.8713584485069016,-0.009028250440633594,-0.08649094800506643;-0.22783030569553375,0.0,0.30480003356933594;1.0,0.0,0.0,0.0
0.0;-0.9814389340272341,0.6190997738866068,-1.232715664553789,-0.09697766007569883,-2.5848249187685965,-0.8741629309934019,-0.02347755646456894,-0.08945690462269193;-0.2309090942144394,0.0,0.30480003356933594;1.0,0.0,0.0,0.0
0.0;-0.9897814479938418,0.6227280719569271,-1.2491947532903804,-0.09739044990961974,-2.5817233828312207,-0.8766506882021932,-0.037986639468147246,-0.09272978791472844;-0.23398789763450623,0.0,0.30480003356933594;1.0,0.0,0.0,0.0
0.0;-0.9978805202109599,0.6262251031057113,-1.26575884708052,-0.09792541541540471,-2.5782465434101605,-0.8789157450214671,-0.05261880891368676,-0.09642678846849824;-0.23706668615341187,0.0,0.30480003356933594;1.0,0.0,0.0,0.0
0.0;-1.0061598096303526,0.6297091998967305,-1.2827230759916792,-0.09849614400374579,-2.5747221619316676,-0.8808620521002468,-0.06757080975395052,-0.10050169556443796;-0.2401454746723175,0.0,0.30480003356933594;1.0,0.0,0.0,0.0
0.0;-1.0146690967188183,0.6332547625375137,-1.2998576933078299,-0.09897084425941545,-2.5711583189234335,-0.8824389535148834,-0.08264714843251103,-0.10490402610324746;-0.24322424829006195,0.0,0.30480003356933594;1.0,0.0,0.0,0.0
0.0;-1.0232001803374227,0.6367282217094506,-1.3170665556888368,-0.09943157690833163,-2.5673800645374056,-0.8836356506787408,-0.09792718539198654,-0.10964380897750624;-0.2463030368089676,0.0,0.30480003356933594;1.0,0.0,0.0,0.0
0.0;-1.0316853304220388,0.6401423295047827,-1.334258108504658,-0.09982892730556028,-2.5633821718415626,-0.8844669064758187,-0.11333651751896243,-0.11474123533424464;-0.24938182532787323,0.0,0.30480003356933594;1.0,0.0,0.0,0.0
0.0;-1.0403913601432648,0.6435886966083426,-1.351519696126786,-0.10010155060777436,-2.5594724751838633,-0.8847788727150918,-0.12884868045383335,-0.12007802916557432;-0.25246062874794006,0.0,0.30480003356933594;1.0,0.0,0.0,0.0
0.0;-1.0490333903792177,0.6469039398961456,-1.368645582038647,-0.10037200911736704,-2.5552478771071185,-0.8847521630941727,-0.14433121656920392,-0.12578066102517327;-0.2555394172668457,0.0,0.30480003356933594;1.0,0.0,0.0,0.0
0.0;-1.0575698103176066,0.6500271397353303,-1.385780709274434,-0.10067920501815324,-2.5507307139850295,-0.8844235372885093,-0.1599133674109596,-0.13192793373044534;-0.25861820578575134,0.0,0.30480003356933594;1.0,0.0,0.0,0.0
0.0;-1.0663272792732206,0.6530776897530066,-1.4030261499528691,-0.10090299105458703,-2.5461609499711595,-0.8836864551630249,-0.17562297362944831,-0.138445593513188;-0.261696994304657,0.0,0.30480003356933594;1.0,0.0,0.0,0.0
0.0;-1.0757856447898553,0.6561908710549953,-1.4203964535023161,-0.10096372959042273,-2.5415363968239952,-0.8823209301758774,-0.19160563836246935,-0.14517878723558283;-0.2647757828235626,0.0,0.30480003356933594;1.0,0.0,0.0,0.0
0.0;-1.0845975640538292,0.6592302741195446,-1.4378038147477277,-0.10081311243313887,-2.5367836007281803,-0.8806764892368117,-0.20765914140081768,-0.15241931398853814;-0.26785457134246826,0.0,0.30480003356933594;1.0,0.0,0.0,0.0
0.0;-1.0932833136905291,0.6618096067172589,-1.4548796099255938,-0.10087438185233255,-2.5312923710557405,-0.878789090107,-0.22370638316691582,-0.16004253344233685;-0.2709333598613739,0.0,0.30480003356933594;1.0,0.0,0.0,0.0
0.0;-1.102128772570113,0.6642429584953076,-1.4718850438184143,-0.10079974359087741,-2.5257572335499763,-0.876574739222574,-0.23962922759151442,-0.1680242918192947;-0.27401214838027954,0.0,0.30480003356933594;1.0,0.0,0.0,0.0
0.0;-1.1112648573011372,0.6665183593651578,-1.4890856946797086,-0.1005999747667567,-2.5202146055091763,-0.8739032247775333,-0.2556845488873143,-0.1763547775238972;-0.2770909368991852,0.0,0.30480003356933594;1.0,0.0,0.0,0.0
0.0;-1.1204475337309787,0.6685467946915046,-1.506458031429657,-0.10034999624185342,-2.5141093248068205,-0.8709311634891946,-0.27212493130773313,-0.18523739753408427;-0.2801697254180908,0.0,0.30480003356933594;1.0,0.0,0.0,0.0
0.0;-1.12960651054365,0.6703428988567115,-1.5242396460044343,-0.1000203034364796,-2.5072575027781716,-0.8676262072807818,-0.28921950973433874,-0.19482139251097788;-0.28324851393699646,0.0,0.30480003356933594;1.0,0.0,0.0,0.0
0.0;-1.13910529091147,0.6719954841994586,-1.5426447669449876,-0.09950590920903116,-2.499923735212648,-0.863812911121235,-0.3071699272377489,-0.20511759204175634;-0.2863273024559021,0.0,0.30480003356933594;1.0,0.0,0.0,0.0
0.0;-1.149053296701317,0.6736872164199189,-1.5613784210036443,-0.09858916124269439,-2.4928904570193784,-0.859395162633417,-0.3254803955243923,-0.21581694121438938;-0.28940609097480774,0.0,0.30480003356933594;1.0,0.0,0.0,0.0
0.0;-1.158627426106585,0.6749848616273718,-1.5791595756535004,-0.09767902510842336,-2.485294808521388,-0.8550044059313525,-0.34314345321241146,-0.22657756602738366;-0.2924848794937134,0.0,0.30480003356933594;1.0,0.0,0.0,0.0
0.0;-1.1675633226226036,0.6759845375984596,-1.595780490232843,-0.09671090188676958,-2.477888650472505,-0.8506600272350089,-0.3599722659067802,-0.23717816074457632;-0.295563668012619,0.0,0.30480003356933594;1.0,0.0,0.0,0.0
0.0;-1.176669714330132,0.6770632003802985,-1.6110588249394733,-0.09536232101192318,-2.471992528981848,-0.8459697924627827,-0.37533622371223585,-0.24683347223239033;-0.29864245653152466,0.0,0.30480003356933594;1.0,0.0,0.0,0.0
0.0;-1.1857035481078706,0.6777833173417293,-1.6247972361591456,-0.09412735284302363,-2.4663853386827763,-0.8412813990465932,-0.38949946581905903,-0.25569571056293716;-0.3017212450504303,0.0,0.30480003356933594;1.0,0.0,0.0,0.0
0.0;-1.1934836659805748,0.6786027613980178,-1.6368576463580176,-0.09264545926083309,-2.461457106655962,-0.8371395926474368,-0.40201649675076084,-0.26399732784067226;-0.30480003356933594,0.0,0.30480003356933594;1.0,0.0,0.0,0.0
0.0;-1.1948531445439954,0.6813135056602124,-1.6454511945489598,-0.08954333659775458,-2.454306338626243,-0.8324583579284855,-0.412471957926493,-0.2691956027595848;-0.30480003356933594,0.0,0.3017822206020355;1.0,0.0,0.0,0.0
0.0;-1.1933294744175849,0.6856693412995641,-1.6486349972188212,-0.08521690842300421,-2.447103876251045,-0.8269991031141432,-0.42244669174367555,-0.2703237493015928;-0.30480003356933594,0.0,0.2987643778324127;1.0,0.0,0.0,0.0
0.0;-1.1923392444021208,0.6908905098922709,-1.6483226308669463,-0.08029346566789507,-2.442353720975006,-0.8212680058108032,-0.43066005606942603,-0.2684131619253575;-0.30480003356933594,0.0,0.2957465648651123;1.0,0.0,0.0,0.0
0.0;-1.190719251445599,0.6960760643178365,-1.6468025069168646,-0.07555665263433271,-2.4382030121255944,-0.8157409908873995,-0.43677928073220407,-0.26502463640267987;-0.30480003356933594,0.0,0.2927287518978119;1.0,0.0,0.0,0.0
0.0;-1.1879425819738645,0.7007835588005805,-1.6443014591642973,-0.07139335140596371,-2.4338987895001813,-0.8115267240737349,-0.44159963477493636,-0.2617872531850583;-0.30480003356933594,0.0,0.2897109389305115;1.0,0.0,0.0,0.0
0.0;-1.1848181534427495,0.7052114328136063,-1.641161420535173,-0.06757108947928271,-2.4299920275416262,-0.8078542685298563,-0.4456301286019237,-0.2584771680331279;-0.30480003356933594,0.0,0.28669309616088867;1.0,0.0,0.0,0.0
0.0;-1.1817873345096683,0.709968868590788,-1.6375099629268108,-0.06347603076343988,-2.4264293378857946,-0.8035976743323923,-0.44940901963761765,-0.25423723893532724;-0.30480003356933594,0.0,0.28367528319358826;1.0,0.0,0.0,0.0
0.0;-1.1787587140633926,0.7150767125023277,-1.633198347863404,-0.059060128474557314,-2.4232012555194764,-0.7991444622254603,-0.45309705806828027,-0.24942295635892087;-0.30480003356933594,0.0,0.28065747022628784;1.0,0.0,0.0,0.0
0.0;-1.1750617837952941,0.7200898151824127,-1.628342370082385,-0.05474703169968417,-2.4196884535247305,-0.7949643203233018,-0.45657749129964886,-0.2444520093233655;-0.30480003356933594,0.0,0.27763962745666504;1.0,0.0,0.0,0.0
0.0;-1.1709355613351748,0.725028189074803,-1.623127091162753,-0.05049164968877295,-2.4161493663714113,-0.790936794294992,-0.4597505681542284,-0.23927811892060072;-0.30480003356933594,0.0,0.2746218144893646;1.0,0.0,0.0,0.0
0.0;-1.1669824651136016,0.7298855768167132,-1.6177267730448366,-0.04626075380424395,-2.412805768461785,-0.7870789090847691,-0.46262163082647756,-0.23405484005089636;-0.30480003356933594,0.0,0.2716040015220642;1.0,0.0,0.0,0.0
0.0;-1.1630152606739421,0.7346728893594991,-1.6122113312251056,-0.04204680648286517,-2.409544770824743,-0.7832163277723074,-0.46535585576513155,-0.2287111388381227;-0.30480003356933594,0.0,0.2685861587524414;1.0,0.0,0.0,0.0
0.0;-1.1588428106833635,0.7394244220689856,-1.6065135521544873,-0.037818349947119,-2.4061920579117455,-0.7793881185201026,-0.46808359887429596,-0.22331688079833895;-0.30480003356933594,0.0,0.265568345785141;1.0,0.0,0.0,0.0
0.0;-1.1545292076829115,0.7441370573404207,-1.6006586625149022,-0.033569846503615594,-2.4027504498322685,-0.775612308497591,-0.470827698608999,-0.21792208301453364;-0.30480003356933594,0.0,0.2625505328178406;1.0,0.0,0.0,0.0
0.0;-1.1501815411057867,0.7488162804303523,-1.5947092355167307,-0.029287504899580378,-2.399290138456843,-0.7718191765060177,-0.47358106822652557,-0.21249253589721057;-0.30480003356933594,0.0,0.2595326900482178;1.0,0.0,0.0,0.0
0.0;-1.1458719875296495,0.7534747492617229,-1.5886174170990732,-0.024951557898934308,-2.3957451507997836,-0.7679673019326647,-0.47638795785562704,-0.2069985599265562;-0.30480003356933594,0.0,0.25651487708091736;1.0,0.0,0.0,0.0
0.0;-1.1413517905796413,0.7580789452492118,-1.582463961649404,-0.020594918742767806,-2.3921928886207597,-0.7641332918195721,-0.47924389575179066,-0.20156186309373594;-0.30480003356933594,0.0,0.25349706411361694;1.0,0.0,0.0,0.0
0.0;-1.1367340897755351,0.7625757509562672,-1.5762633534772457,-0.01626563545136712,-2.3885424496744267,-0.760367153918786,-0.4820814479480764,-0.19619617493695748;-0.30480003356933594,0.0,0.25047922134399414;1.0,0.0,0.0,0.0
0.0;-1.1321364549432356,0.766978384861284,-1.5700482809817722,-0.011947501488651799,-2.384861881675788,-0.7566416969372228,-0.48490828311604617,-0.1908929668613451;-0.30480003356933594,0.0,0.24746140837669373;1.0,0.0,0.0,0.0
0.0;-1.1275252889584202,0.7713113368022607,-1.5638114600586759,-0.007614885193542851,-2.381154627941441,-0.7529091784870386,-0.48777030071265154,-0.18562069980742324;-0.30480003356933594,0.0,0.2444435954093933;1.0,0.0,0.0,0.0
0.0;-1.122841167732182,0.7755792773533708,-1.557523734816212,-0.0032614112368499855,-2.3773650371377606,-0.7491787815158328,-0.49069449809392585,-0.18038646644106296;-0.30480003356933594,0.0,0.2414257824420929;1.0,0.0,0.0,0.0
0.0;-1.1180831610703914,0.7797771800309499,-1.551183489732992,0.0011101181708094367,-2.3734819438988985,-0.7454635595152286,-0.49368381909644976,-0.17520555132308915;-0.30480003356933594,0.0,0.2384079545736313;1.0,0.0,0.0,0.0
0.0;-1.1132789640392493,0.7839043107495095,-1.544806653359683,0.005501213957035497,-2.3695260119723014,-0.7417511012094488,-0.4967330327021456,-0.1700731864423847;-0.30480003356933594,0.0,0.23539012670516968;1.0,0.0,0.0,0.0
0.0;-1.10843902973608,0.7879722612812883,-1.5383949306712272,0.009925831887052598,-2.3654938243162,-0.7380386983868551,-0.49983409778398263,-0.1649890939056879;-0.30480003356933594,0.0,0.23237231373786926;1.0,0.0,0.0,0.0
0.0;-1.103575149320723,0.7920010662643252,-1.5318913724592107,0.014407094697735602,-2.361377357814898,-0.7342819178504422,-0.5030590803870741,-0.15990510874243852;-0.30480003356933594,0.0,0.22935448586940765;1.0,0.0,0.0,0.0
0.0;-1.0987813362920786,0.7961108144226066,-1.5253926550115169,0.019052562376675283,-2.3571669050166943,-0.7303532744822799,-0.5064881209499463,-0.15476898418882049;-0.30480003356933594,0.0,0.22633665800094604;1.0,0.0,0.0,0.0
0.0;-1.0936997669536708,0.8000665496199071,-1.5187953998359942,0.023641725532938987,-2.3527720956658915,-0.7264889253921748,-0.5100569424172248,-0.14971133883060828;-0.30480003356933594,0.0,0.22331884503364563;1.0,0.0,0.0,0.0
0.0;-1.0885207266394408,0.8038501135120143,-1.5121871080155247,0.028149152078243294,-2.3482991445821018,-0.7228416866471714,-0.5135499106793792,-0.14486444565963344;-0.30480003356933594,0.0,0.22030103206634521;1.0,0.0,0.0,0.0
0.0;-1.083433232354528,0.8075195140777357,-1.5056437156759241,0.032631894471882646,-2.343879097074289,-0.7192186431233752,-0.516961043430564,-0.14007707519030624;-0.30480003356933594,0.0,0.2172831892967224;1.0,0.0,0.0,0.0
0.0;-1.0783939352346503,0.8111175947033533,-1.4990955940507649,0.037140905118240704,-2.339462089352817,-0.7155567597813549,-0.5203882656262037,-0.1352956138829438;-0.30480003356933594,0.0,0.214265376329422;1.0,0.0,0.0,0.0
0.0;-1.073274766284875,0.8146251488522949,-1.4924654650215095,0.04166300158718831,-2.3349123648785537,-0.7119253644435981,-0.5238935165236553,-0.13057525921943955;-0.30480003356933594,0.0,0.2112475484609604;1.0,0.0,0.0,0.0
0.0;-1.0679596373447862,0.818077069167011,-1.4857427241040237,0.046242119911229285,-2.330157250457395,-0.7082718460936165,-0.527544886788094,-0.12590504063629637;-0.30480003356933594,0.0,0.20822972059249878;1.0,0.0,0.0,0.0
0.0;-1.0626255713650066,0.8214630341842507,-1.4789623261481433,0.05086199966737005,-2.3253670615712982,-0.7045993321456272,-0.5312968367861042,-0.12127783647256919;-0.30480003356933594,0.0,0.20521190762519836;1.0,0.0,0.0,0.0
0.0;-1.057334232837812,0.8247521921675381,-1.4721902274424765,0.0554834547638026,-2.320569253927763,-0.7009402269982677,-0.5350451268574975,-0.11670713792254508;-0.30480003356933594,0.0,0.20219410955905914;1.0,0.0,0.0,0.0
0.0;-1.052018043241326,0.8279213417010854,-1.4654239481316143,0.06008655007906309,-2.315720459876688,-0.6973327326849171,-0.5387753249608651,-0.11222186922455482;-0.30480003356933594,0.0,0.19917626678943634;1.0,0.0,0.0,0.0
0.0;-1.0466512728974158,0.8309821138492597,-1.4586306994086247,0.06468909073814354,-2.3107958377508493,-0.6937661359766344,-0.5425317389663414,-0.10781573041012302;-0.30480003356933594,0.0,0.19615845382213593;1.0,0.0,0.0,0.0
0.0;-1.0412455336594395,0.833957263651921,-1.4517930071376124,0.06931896352184784,-2.305791222849529,-0.6901956853132345,-0.5463530931361348,-0.10345476343392046;-0.30480003356933594,0.0,0.1931406408548355;1.0,0.0,0.0,0.0
0.0;-1.035803462468988,0.8368505276650525,-1.4449097497050125,0.07398204174701317,-2.3007031155428908,-0.6866152095302263,-0.550245131304515,-0.0991369209420345;-0.30480003356933594,0.0,0.1901228129863739;1.0,0.0,0.0,0.0
0.0;-1.0303178516905394,0.8396484753686312,-1.437989708723978,0.07866443712381832,-2.2955257395831605,-0.6830484910367723,-0.554192855588784,-0.09488398362306528;-0.30480003356933594,0.0,0.1871049851179123;1.0,0.0,0.0,0.0
0.0;-1.0247814572492282,0.8423433039855037,-1.4310383371435125,0.08336051639092125,-2.2902557228949703,-0.6795017606027187,-0.5581900579107665,-0.09070258036891915;-0.30480003356933594,0.0,0.18408717215061188;1.0,0.0,0.0,0.0
0.0;-1.0192276125775581,0.844943319206589,-1.4240614580564614,0.08807709402821648,-2.2849153905662445,-0.6759636083677403,-0.5622363789119091,-0.086585430954689;-0.30480003356933594,0.0,0.18106935918331146;1.0,0.0,0.0,0.0
0.0;-1.0136527965012836,0.8474447057330355,-1.4170588623460438,0.09281209796468173,-2.2795016986215018,-0.6724272003542009,-0.5663335776934546,-0.08252635155180127;-0.30480003356933594,0.0,0.17805153131484985;1.0,0.0,0.0,0.0
0.0;-1.0080461798311355,0.8498410803581345,-1.4100300599236524,0.09755981429345514,-2.274006272242179,-0.6689062368967313,-0.5704777951006182,-0.0785377891502329;-0.30480003356933594,0.0,0.17503370344638824;1.0,0.0,0.0,0.0
0.0;-1.002412474769282,0.8521326275054109,-1.4029798436456413,0.10231950768464056,-2.2684286802465725,-0.6654050249467374,-0.5746642351798533,-0.07462522754752679;-0.30480003356933594,0.0,0.17201587557792664;1.0,0.0,0.0,0.0
0.0;-0.996882983898537,0.8542873700245751,-1.3958580548551485,0.10704568380670414,-2.2628586385814593,-0.6619952947057974,-0.5788044918287318,-0.07086957878343965;-0.30480003356933594,0.0,0.16899804770946503;1.0,0.0,0.0,0.0
0.0;-0.9910255947779466,0.8563018387848054,-1.3885643630317825,0.11185881427153999,-2.2570797962452143,-0.6583317206371802,-0.5830685720895072,-0.06699407102891745;-0.30480003356933594,0.0,0.1659802347421646;1.0,0.0,0.0,0.0
0.0;-0.9852846214037537,0.8582783023309836,-1.3812530558314309,0.11673116889470832,-2.251234987152511,-0.654768800910642,-0.5873300722426985,-0.06331321522022887;-0.30480003356933594,0.0,0.162962406873703;1.0,0.0,0.0,0.0
0.0;-0.9795558677832849,0.860109803283086,-1.3740363690932373,0.12155188180812615,-2.2453134150991834,-0.6512439889619263,-0.5916151467829286,-0.05976491171586689;-0.30480003356933594,0.0,0.1599445939064026;1.0,0.0,0.0,0.0
0.0;-0.9735937243181406,0.8617938927451267,-1.3667326134753301,0.1264003659860206,-2.239146318604857,-0.647712430556714,-0.5960682089937623,-0.05626926142917611;-0.30480003356933594,0.0,0.15692676603794098;1.0,0.0,0.0,0.0
0.0;-0.9677901724997143,0.8634475558813507,-1.3594222986345603,0.1313170521773373,-2.2329748068605344,-0.6441922154842178,-0.6005893423139006,-0.052845380523986935;-0.30480003356933594,0.0,0.15390895307064056;1.0,0.0,0.0,0.0
0.0;-0.9620490698628401,0.8649972181087453,-1.3521500360703014,0.1362382676409111,-2.2267813867954573,-0.6406276702649175,-0.6051339641639736,-0.049442566144525184;-0.30480003356933594,0.0,0.15089111030101776;1.0,0.0,0.0,0.0
0.0;-0.9561978689815598,0.8664428440777006,-1.3448201056830258,0.14121358929761108,-2.220554003941466,-0.6370585055591022,-0.6097059448109207,-0.046099916634354754;-0.30480003356933594,0.0,0.14787329733371735;1.0,0.0,0.0,0.0
0.0;-0.9506280396782183,0.867844874748062,-1.3373965567669128,0.14619022691286562,-2.214612737280355,-0.633540110208838,-0.6140401174836134,-0.042712137875418825;-0.30480003356933594,0.0,0.14485546946525574;1.0,0.0,0.0,0.0
0.0;-0.9447986872839981,0.8689875651771044,-1.3298718164132193,0.15104796142863425,-2.2083085653217713,-0.6300668388997142,-0.6183188851872649,-0.03934013792861962;-0.30480003356933594,0.0,0.14183765649795532;1.0,0.0,0.0,0.0
0.0;-0.9388337632807732,0.8700166724956321,-1.322339461109118,0.15592000277537116,-2.2017692106363116,-0.6267156283084233,-0.6227362838992041,-0.03623368409742535;-0.30480003356933594,0.0,0.1388198286294937;1.0,0.0,0.0,0.0
0.0;-0.9329669171224008,0.870993616697999,-1.3148977919491016,0.1608413799361893,-2.1951352339803236,-0.6232768956375015,-0.6273686734194398,-0.033240474196553516;-0.30480003356933594,0.0,0.1358020007610321;1.0,0.0,0.0,0.0
0.0;-0.9271606730581486,0.8718857232733763,-1.3075017418058528,0.16579632722522225,-2.188381247481305,-0.6197465515722563,-0.6321591501145116,-0.030305068269678617;-0.30480003356933594,0.0,0.1327841877937317;1.0,0.0,0.0,0.0
0.0;-0.921323025064828,0.8726479432915447,-1.3001100914617585,0.17074085495071945,-2.181503200062063,-0.6162811665659493,-0.6369866315528373,-0.027514752665967788;-0.30480003356933594,0.0,0.12976635992527008;1.0,0.0,0.0,0.0
0.0;-0.9154506738959644,0.8732718124500158,-1.2927079507476382,0.17567140861673025,-2.174521840056481,-0.6128685145546464,-0.6418220730135566,-0.024835478274304646;-0.30480003356933594,0.0,0.12674856185913086;1.0,0.0,0.0,0.0
0.0;-0.909604860349207,0.8737883399163252,-1.2852877510419563,0.18062103797850715,-2.1674673302976917,-0.6094386836157926,-0.6466904078013939,-0.02220575138474514;-0.30480003356933594,0.0,0.12373071908950806;1.0,0.0,0.0,0.0
0.0;-0.9037852214998241,0.8741977843788051,-1.277850691774811,0.18558876351376447,-2.160335050108394,-0.6059988868528667,-0.6515959475852395,-0.019636227337287437;-0.30480003356933594,0.0,0.12071290612220764;1.0,0.0,0.0,0.0
0.0;-0.8979530683284336,0.8744804772644715,-1.2703987819900586,0.1905562002697899,-2.1530983755274176,-0.6025836187475054,-0.6565296939423905,-0.01715923520707317;-0.30480003356933594,0.0,0.11769507825374603;1.0,0.0,0.0,0.0
0.0;-0.89211618368735,0.8746392616867731,-1.2629363227038994,0.19552360936917598,-2.145758728138373,-0.5991902481723881,-0.6614919256170527,-0.014774401142594921;-0.30480003356933594,0.0,0.11467725783586502;1.0,0.0,0.0,0.0
0.0;-0.8863012165363328,0.8746852890679102,-1.2554682006993383,0.20049814153683104,-2.1383311946208847,-0.595798821634697,-0.6664870939814234,-0.012465101999628775;-0.30480003356933594,0.0,0.1116594448685646;1.0,0.0,0.0,0.0
0.0;-0.8805063391028355,0.8746161418405896,-1.2479939923107692,0.20547705048009288,-2.130814775964941,-0.5924114230709491,-0.6715124541798307,-0.01023185301002857;-0.30480003356933594,0.0,0.108641617000103;1.0,0.0,0.0,0.0
0.0;-0.8747216518211326,0.8744293386022135,-1.2405157908712547,0.21045475111337214,-2.1231981392427954,-0.5890361587133794,-0.6765699029658652,-0.008081868196176404;-0.30480003356933594,0.0,0.10562380403280258;1.0,0.0,0.0,0.0
0.0;-0.868954679066551,0.8741285201403646,-1.2330389516171874,0.2154278859077145,-2.1154917995032902,-0.5856843604728611,-0.6816487855575704,-0.0060230239214747565;-0.30480003356933594,0.0,0.10260597616434097;1.0,0.0,0.0,0.0
0.0;-0.8632017463815018,0.873707167186387,-1.2255546034853344,0.22039756857497556,-2.107690544260989,-0.5823407633036629,-0.6867532927750924,-0.004039077854537344;-0.30480003356933594,0.0,0.09958816319704056;1.0,0.0,0.0,0.0
0.0;-0.8574714442236234,0.873173238140462,-1.218061046552624,0.22537018127646868,-2.099795152637112,-0.5790066603072981,-0.6918787576974915,-0.0021314662376508155;-0.30480003356933594,0.0,0.09657033532857895;1.0,0.0,0.0,0.0
0.0;-0.8516453905154459,0.8725307024576291,-1.2105844050974421,0.23038496155442142,-2.0916862904149345,-0.5756427491151018,-0.6971194806858465,-0.00028668637053747356;-0.30480003356933594,0.0,0.09355249255895615;1.0,0.0,0.0,0.0
0.0;-0.8459353591383375,0.8718024636543641,-1.2031476067430815,0.23535034376638928,-2.083561592699882,-0.572414472322211,-0.7024029250454271,0.0014216665309046623;-0.30480003356933594,0.0,0.09053467959165573;1.0,0.0,0.0,0.0
0.0;-0.8399326136124207,0.8708375048239585,-1.1955485687850465,0.24033169296180254,-2.0751325831639256,-0.5692028937064549,-0.7077773680855644,0.0031148779114147907;-0.30480003356933594,0.0,0.08751685917377472;1.0,0.0,0.0,0.0
0.0;-0.8341996527295116,0.869910807160316,-1.1879529138837677,0.24537645248670853,-2.0667918437663064,-0.5659817436873176,-0.7131191286124655,0.004822155132656141;-0.30480003356933594,0.0,0.08449902385473251;1.0,0.0,0.0,0.0
0.0;-0.8286279253419789,0.868903324316251,-1.1804517828382157,0.2503603312386941,-2.0585038585386406,-0.5627358854019513,-0.7184092123692853,0.006534322158047348;-0.30480003356933594,0.0,0.0814812108874321;1.0,0.0,0.0,0.0
0.0;-0.823021852407381,0.8677482327505173,-1.172991683491909,0.2552703927582219,-2.050126655759355,-0.5595972794862429,-0.7236380600592551,0.008105482811766382;-0.30480003356933594,0.0,0.07846338301897049;1.0,0.0,0.0,0.0
0.0;-0.8174285744523807,0.8664827367028053,-1.1655457908452278,0.26014797763592956,-2.041657381018145,-0.5565267172815374,-0.7288571544390885,0.009561199818501329;-0.30480003356933594,0.0,0.07544557005167007;1.0,0.0,0.0,0.0
0.0;-0.811901484181151,0.8651329056864498,-1.1580978126633763,0.26503369018332273,-2.0331066367759294,-0.5534139598516697,-0.7341335087993365,0.01099419174592302;-0.30480003356933594,0.0,0.07242774218320847;1.0,0.0,0.0,0.0
0.0;-0.8064109489622097,0.8636883306399338,-1.1506418257135846,0.26991914969645026,-2.0244614622058514,-0.5502953417782802,-0.7394515313656769,0.012374777286703068;-0.30480003356933594,0.0,0.06940992921590805;1.0,0.0,0.0,0.0
0.0;-0.8009088911329396,0.8621300128819718,-1.1431412791623508,0.2748106761307033,-2.0157272916117717,-0.5472034719591874,-0.7447918549682487,0.013675058250410698;-0.30480003356933594,0.0,0.06639210879802704;1.0,0.0,0.0,0.0
0.0;-0.7956418047075531,0.8605507101755402,-1.1356646151218652,0.27965774613324873,-2.007186024141407,-0.544123826662064,-0.7499096615987612,0.015005608835854691;-0.30480003356933594,0.0,0.06337428092956543;1.0,0.0,0.0,0.0
0.0;-0.7902916387153875,0.8587559116322238,-1.1282055162383986,0.2843779438685638,-1.9984120125209925,-0.541099804391919,-0.7549876331892014,0.01624046204044301;-0.30480003356933594,0.0,0.060356467962265015;1.0,0.0,0.0,0.0
0.0;-0.7849177516002122,0.8568735044046819,-1.1207968032857396,0.2890931546489187,-1.9894479202349094,-0.538142395944411,-0.760185623688559,0.017249729579749858;-0.30480003356933594,0.0,0.057338640093803406;1.0,0.0,0.0,0.0
0.0;-0.7795829084771932,0.854938352057368,-1.113413216634522,0.29387368421432614,-1.9803638345155359,-0.5350808896484538,-0.7655892056448346,0.018187863755752577;-0.30480003356933594,0.0,0.0543208122253418;1.0,0.0,0.0,0.0
0.0;-0.7744283370108352,0.8530227766588769,-1.106009977725547,0.2986824913505822,-1.9713776933453613,-0.5319731234398772,-0.7709568756583716,0.019225087747292497;-0.30480003356933594,0.0,0.051302965730428696;1.0,0.0,0.0,0.0
0.0;-0.7691557042530639,0.8508580837867332,-1.098544885646879,0.30333555288301767,-1.9620863856884225,-0.5290193055779815,-0.7762999684359452,0.020164358473858456;-0.30480003356933594,0.0,0.04828515648841858;1.0,0.0,0.0,0.0
0.0;-0.763838800764925,0.8486147777169221,-1.091166130241819,0.30796248931098624,-1.952653321676041,-0.5261709535696645,-0.7816662997067728,0.020882503782776257;-0.30480003356933594,0.0,0.045267343521118164;1.0,0.0,0.0,0.0
0.0;-0.7585907770695295,0.8463151743960661,-1.083872513683935,0.31259784548633796,-1.9430856389668396,-0.5232479994489241,-0.7871717755220685,0.02154811591661375;-0.30480003356933594,0.0,0.04224953055381775;1.0,0.0,0.0,0.0
0.0;-0.7535134075419038,0.843968937816478,-1.0765956453914827,0.31721657056690433,-1.9335022586838497,-0.5203302090132533,-0.7927758051910505,0.022163970980583442;-0.30480003356933594,0.0,0.039231691509485245;1.0,0.0,0.0,0.0
0.0;-0.748425290743623,0.841502269062328,-1.069337279445122,0.3217960332094095,-1.923814599848456,-0.5174425213077674,-0.7983576206206046,0.02271372634706515;-0.30480003356933594,0.0,0.03621387854218483;1.0,0.0,0.0,0.0
0.0;-0.743414254412448,0.8389608549677147,-1.0620892232778594,0.3263338155380724,-1.914162783229233,-0.5146192465978942,-0.8038485109402628,0.023190200732920493;-0.30480003356933594,0.0,0.033196061849594116;1.0,0.0,0.0,0.0
0.0;-0.7384382497091128,0.8363044414734946,-1.0548497537783033,0.3308259133865999,-1.9043496051883997,-0.5117731165388137,-0.8093084957409827,0.023653956883112327;-0.30480003356933594,0.0,0.030178220942616463;1.0,0.0,0.0,0.0
0.0;-0.7334990490064225,0.8335603981095012,-1.0476062834106445,0.3353158152732931,-1.894427230398368,-0.508935764538104,-0.8148327314962567,0.024014433163796634;-0.30480003356933594,0.0,0.027160409837961197;1.0,0.0,0.0,0.0
0.0;-0.7285852281540987,0.8307135080747924,-1.0403325267894035,0.3398155960013673,-1.8843808064023704,-0.5060755826390131,-0.8204463303832158,0.024294785506088372;-0.30480003356933594,0.0,0.02414259873330593;1.0,0.0,0.0,0.0
0.0;-0.723986902840079,0.8279008185746861,-1.0330931436694477,0.34425964207098586,-1.8747187462621353,-0.5032311364883381,-0.82591785148502,0.02455621669833831;-0.30480003356933594,0.0,0.021124783903360367;1.0,0.0,0.0,0.0
0.0;-0.7194899343248814,0.8249726084661778,-1.025937680765636,0.348532092911483,-1.8649111441030979,-0.5003191756236322,-0.8309808768036001,0.024906292545265572;-0.30480003356933594,0.0,0.018106942996382713;1.0,0.0,0.0,0.0
0.0;-0.7148287937682815,0.8217968644869026,-1.018688300977731,0.35276509081254886,-1.8548563188971394,-0.49749168505910085,-0.8360886859293972,0.024956515321844796;-0.30480003356933594,0.0,0.01508910022675991;1.0,0.0,0.0,0.0
0.0;-0.7102074775107455,0.8185456622791806,-1.0114291982971637,0.357043551738839,-1.8445598595688375,-0.4945903035494389,-0.8414693077586408,0.02482014899963293;-0.30480003356933594,0.0,0.012071287259459496;1.0,0.0,0.0,0.0
0.0;-0.7056861765554915,0.8152237800250458,-1.004233708625725,0.3613180794658132,-1.8340302485039086,-0.4915567883702093,-0.8470990081672425,0.024612656673525416;-0.30480003356933594,0.0,0.009053475223481655;1.0,0.0,0.0,0.0
0.0;-0.7012125274903973,0.8118241136755967,-0.9970894768430097,0.3655545937590068,-1.8234010939114522,-0.48855990633824564,-0.8527544981014603,0.024260737278938533;-0.30480003356933594,0.0,0.00603566225618124;1.0,0.0,0.0,0.0
0.0;-0.6967750605406453,0.8083222407447099,-0.9899766529652402,0.36972407826257525,-1.8127252104872549,-0.485622908672934,-0.8583257449930458,0.023812920643915082;-0.30480003356933594,0.0,0.0030178199522197247;1.0,0.0,0.0,0.0
0.0;-0.6925858677134733,0.8046730007983067,-0.9828600801012889,0.3737199836940063,-1.8019246874859636,-0.482725853950732,-0.8638289762062675,0.023288137840700718;-0.30480003356933594,0.0,0.0;1.0,0.0,0.0,0.0
0.0;-0.6881528759498697,0.8009735977028765,-0.977837376122798,0.3757288940277009,-1.79730958235755,-0.48182585809859046,-0.8651854243211164,0.022586452380590236;-0.3017520308494568,0.0,0.0;1.0,0.0,0.0,0.0
0.0;-0.684300538598836,0.7977185769667827,-0.9740901913165823,0.37642580618071814,-1.7965346969481246,-0.4821157033758171,-0.8632502551445548,0.02261683030150416;-0.29870402812957764,0.0,0.0;1.0,0.0,0.0,0.0
0.0;-0.6807733322743142,0.7945214903950837,-0.9700827614603921,0.37681674086378353,-1.7967609874091095,-0.4827131823584412,-0.8597132569039141,0.023526318731306575;-0.2956560254096985,0.0,0.0;1.0,0.0,0.0,0.0
0.0;-0.6772204589881348,0.7911522547876911,-0.9655203081197075,0.37722868154206435,-1.7972085336683463,-0.4833379336827909,-0.8554167363333881,0.02499661451455637;-0.29260802268981934,0.0,0.0;1.0,0.0,0.0,0.0
0.0;-0.673664281447351,0.7877146667084823,-0.9607549275284908,0.37762141382679654,-1.797866139228626,-0.4839974262189148,-0.8506968565124193,0.02671011875433347;-0.2895600199699402,0.0,0.0;1.0,0.0,0.0,0.0
0.0;-0.6701979873075357,0.7843241339643863,-0.9560655112952577,0.3779213986524001,-1.7987719870759205,-0.48472586457580275,-0.8456929495067148,0.02850934623563968;-0.2865120470523834,0.0,0.0;1.0,0.0,0.0,0.0
0.0;-0.6668478254514982,0.7809957748483471,-0.9514870069512408,0.378113568186233,-1.799904386230307,-0.48553513365593726,-0.8404655153005542,0.030357249735418864;-0.2834640443325043,0.0,0.0;1.0,0.0,0.0,0.0
0.0;-0.6635781029745657,0.7777098646756269,-0.9469773366080669,0.37823014656555687,-1.8012140016800435,-0.4863992058211662,-0.8350426923919735,0.032258238892764704;-0.2804160416126251,0.0,0.0;1.0,0.0,0.0,0.0
0.0;-0.6603656549355703,0.7744466861920821,-0.9425058807108276,0.37828811578455046,-1.802647239008915,-0.48730393457178567,-0.8294643243040466,0.03420636325157764;-0.27736803889274597,0.0,0.0;1.0,0.0,0.0,0.0
0.0;-0.6571986923509872,0.7711976042324079,-0.9380641786677962,0.3782968937463653,-1.804162882278542,-0.4882409563601361,-0.8237743270804357,0.0361861403402057;-0.2743200361728668,0.0,0.0;1.0,0.0,0.0,0.0
0.0;-0.6540681798890865,0.7679580826522784,-0.9336491720505052,0.37826445983342727,-1.8057307414841628,-0.4892030984518708,-0.8180079466680473,0.03818442443341924;-0.27127203345298767,0.0,0.0;1.0,0.0,0.0,0.0
0.0;-0.650965690618168,0.7647229833179263,-0.9292545060940991,0.37819777507158087,-1.8073271157021984,-0.4901845812548916,-0.8121893404324583,0.04019396581225188;-0.2682240307331085,0.0,0.0;1.0,0.0,0.0,0.0
0.0;-0.6478838121230445,0.7614868936784395,-0.9248718246587643,0.3781027154977777,-1.80893294512379,-0.4911808558759069,-0.806335157496556,0.042211337292132535;-0.26517602801322937,0.0,0.0;1.0,0.0,0.0,0.0
0.0;-0.6448238277334528,0.7582528733678419,-0.9204978811576059,0.3779854078814168,-1.8105269569400901,-0.4921882122190518,-0.8004609341489574,0.044233183500381155;-0.2621280252933502,0.0,0.0;1.0,0.0,0.0,0.0
0.0;-0.6417796748750042,0.7550293188123373,-0.9161486614130141,0.37785777268014903,-1.8121009910885675,-0.4931974472259298,-0.7946102549153836,0.04623864033625607;-0.25908002257347107,0.0,0.0;1.0,0.0,0.0,0.0
0.0;-0.6387611792963891,0.7518877253866759,-0.9118959743807639,0.37769292628794554,-1.8136047455785713,-0.49418342013746036,-0.7888969881011071,0.04824678078598032;-0.2560320496559143,0.0,0.0;1.0,0.0,0.0,0.0
0.0;-0.6356218050570456,0.7487198317139826,-0.9078260596025824,0.3773832546504571,-1.8149406679029105,-0.4953207583267323,-0.7832463583724515,0.05006231541646801;-0.25298404693603516,0.0,0.0;1.0,0.0,0.0,0.0
0.0;-0.6327468368912911,0.7455736299114115,-0.9039226874974898,0.37687323678790297,-1.8161960664233763,-0.4965498518026931,-0.7778369977177566,0.05176808763004108;-0.2499360293149948,0.0,0.0;1.0,0.0,0.0,0.0
0.0;-0.6296987664567043,0.7424055243948569,-0.8999109820046273,0.37653806003662976,-1.8175480796373256,-0.49771924912875604,-0.7722466304434743,0.05349364831883721;-0.24688802659511566,0.0,0.0;1.0,0.0,0.0,0.0
0.0;-0.6265566894460451,0.7391542338514207,-0.895607025829586,0.376338364169385,-1.8189658394866877,-0.4987842750876468,-0.7664818029540561,0.05544553352748308;-0.2438400238752365,0.0,0.0;1.0,0.0,0.0,0.0
0.0;-0.6234816683609455,0.7358565879676249,-0.8911492041790765,0.3761125552492177,-1.8203137331606776,-0.49983907883471546,-0.7606647434860114,0.05753417265494959;-0.24079203605651855,0.0,0.0;1.0,0.0,0.0,0.0
0.0;-0.6204218955623413,0.7325400973369588,-0.886687539855966,0.37585402103219306,-1.8216071545812889,-0.5009033385018934,-0.7548609078259585,0.059616044805679023;-0.2377440333366394,0.0,0.0;1.0,0.0,0.0,0.0
0.0;-0.6173519980462268,0.7292150129338762,-0.8822534433205382,0.37558061819378524,-1.8228595874283366,-0.5019703476787875,-0.7490858710154233,0.061658691439453656;-0.23469603061676025,0.0,0.0;1.0,0.0,0.0,0.0
0.0;-0.6142788850236834,0.7258762640641825,-0.8778181836271828,0.37529710204945443,-1.824067185646714,-0.5030338839126823,-0.743331404670398,0.06368843399961106;-0.2316480278968811,0.0,0.0;1.0,0.0,0.0,0.0
0.0;-0.6112041312934801,0.7225179008279973,-0.8733596806295256,0.375005325437075,-1.8252259035800797,-0.5040919364259921,-0.7375887554761016,0.06572420801053087;-0.22860002517700195,0.0,0.0;1.0,0.0,0.0,0.0
0.0;-0.6081254808835678,0.7191395629059424,-0.8688759424667009,0.3747059724389887,-1.8263335858453464,-0.505145332015528,-0.73185798165238,0.0677674448175779;-0.2255520224571228,0.0,0.0;1.0,0.0,0.0,0.0
0.0;-0.6050429829118444,0.7157443170230026,-0.8643729405125594,0.37439868409840127,-1.8273884025420677,-0.5061952096233042,-0.7261445140017434,0.06981416170514575;-0.22250401973724365,0.0,0.0;1.0,0.0,0.0,0.0
0.0;-0.6019721581052497,0.7123420067999635,-0.8598761057295988,0.3740768235185468,-1.8283892292558441,-0.5072355414465247,-0.7204845400108951,0.07185636347766709;-0.2194560170173645,0.0,0.0;1.0,0.0,0.0,0.0
0.0;-0.5988378442455091,0.708882575814763,-0.8554750456322696,0.37366408035382825,-1.8292117052427552,-0.5083564293625364,-0.7148513164236167,0.07376931289416766;-0.21640802919864655,0.0,0.0;1.0,0.0,0.0,0.0
0.0;-0.5958731044048068,0.7054473153706257,-0.8511242839054497,0.37318922913950847,-1.8299863409776422,-0.5094609623795752,-0.7093761152927921,0.07563958166775207;-0.2133600115776062,0.0,0.0;1.0,0.0,0.0,0.0
0.0;-0.5928312389321411,0.7020147574964349,-0.8467275800101883,0.37282656383640056,-1.830793367473167,-0.5104708881452755,-0.7038644615646119,0.07753408832506774;-0.21031202375888824,0.0,0.0;1.0,0.0,0.0,0.0
0.0;-0.5895604610297479,0.698435188483588,-0.8424730626349124,0.37237292278292283,-1.8312591028083574,-0.5115834378479597,-0.6984959280714792,0.07927622820453244;-0.2072640210390091,0.0,0.0;1.0,0.0,0.0,0.0
0.0;-0.5861612810407789,0.6949410856451947,-0.8384463329728694,0.3719818297312935,-1.8314457563013506,-0.5127539319731964,-0.6933624411471532,0.0808359585782784;-0.20421601831912994,0.0,0.0;1.0,0.0,0.0,0.0
0.0;-0.5830838678492141,0.6914478737132382,-0.8343510523949483,0.3714574676270979,-1.8317002966940004,-0.5139724874711876,-0.6885419990823587,0.08248134099883327;-0.20116804540157318,0.0,0.0;1.0,0.0,0.0,0.0
0.0;-0.5799619402149183,0.6879157854523086,-0.8303063006183947,0.37089269634395194,-1.8319525899447404,-0.5152406448032844,-0.6836781369669853,0.08409574211036669;-0.19812002778053284,0.0,0.0;1.0,0.0,0.0,0.0
0.0;-0.5762947211058637,0.6840983745869278,-0.8257166663294411,0.37060488619911675,-1.8323450522806548,-0.5164916806652138,-0.6780995210897948,0.08593685591752098;-0.19507203996181488,0.0,0.0;1.0,0.0,0.0,0.0
0.0;-0.5730169499798675,0.6802677433382048,-0.8208286344280451,0.3702344953172338,-1.8327736737824307,-0.5176386647267122,-0.672486137917558,0.08813833820855288;-0.19202403724193573,0.0,0.0;1.0,0.0,0.0,0.0
0.0;-0.5699253198590233,0.6765733466068187,-0.8159131071440553,0.3699396939811232,-1.8332315742287733,-0.5186681903345501,-0.666900059772221,0.09047020948678663;-0.18897603452205658,0.0,0.0;1.0,0.0,0.0,0.0
0.0;-0.5668047058173101,0.6729371699047063,-0.8110796306594706,0.3696915287602482,-1.8337213599618751,-0.5196600340958047,-0.6613909142727094,0.09276179129186347;-0.18592803180217743,0.0,0.0;1.0,0.0,0.0,0.0
0.0;-0.5639012588827643,0.6693543454960676,-0.806017602479358,0.3694410497552783,-1.8344740592994209,-0.5206146030697946,-0.655828968574113,0.09520460357150996;-0.18288002908229828,0.0,0.0;1.0,0.0,0.0,0.0
0.0;-0.560918341652678,0.6658263397114538,-0.8010674220179971,0.3691584096010964,-1.8351685391971515,-0.5214850108321866,-0.6500669296470233,0.0977349006119984;-0.17983202636241913,0.0,0.0;1.0,0.0,0.0,0.0
0.0;-0.5578464791498969,0.6622257891385946,-0.796221431708985,0.36873413282630063,-1.8357009909419435,-0.522484185350875,-0.6443768132571095,0.10009718255092707;-0.17678402364253998,0.0,0.0;1.0,0.0,0.0,0.0
0.0;-0.5547107219698164,0.6586001997573906,-0.7914439702343563,0.3682682229907647,-1.8360912685621156,-0.523545075157683,-0.6388428712002114,0.10233426173258198;-0.17373602092266083,0.0,0.0;1.0,0.0,0.0,0.0
0.0;-0.5515479001292702,0.6549708790795093,-0.7866732337880481,0.36780557310524464,-1.8363768457470673,-0.5246002994643564,-0.6334295797313664,0.10455421434466965;-0.17068801820278168,0.0,0.0;1.0,0.0,0.0,0.0
0.0;-0.5483876628609513,0.6513393861769193,-0.7819040294347146,0.36733035919373425,-1.8365783144589607,-0.5256432268394288,-0.6281203637751879,0.10678232882062635;-0.16764003038406372,0.0,0.0;1.0,0.0,0.0,0.0
0.0;-0.5451778667095375,0.6476638299261115,-0.7771435219972438,0.36679164976877554,-1.836650802898597,-0.5267447074150698,-0.6228009701603506,0.1089653244119596;-0.16459201276302338,0.0,0.0;1.0,0.0,0.0,0.0
0.0;-0.5420483325327262,0.6439860671736554,-0.7724208231553589,0.36618657888412515,-1.8367044999267645,-0.5278471835940397,-0.6175433702113318,0.11111795666482482;-0.16154402494430542,0.0,0.0;1.0,0.0,0.0,0.0
0.0;-0.5388332626237419,0.6403058006436081,-0.7677224746943441,0.3656192312562845,-1.8367029604734983,-0.5289280656082956,-0.612297827068846,0.11324211153531474;-0.15849602222442627,0.0,0.0;1.0,0.0,0.0,0.0
0.0;-0.5356966298729177,0.6366234013270673,-0.7630064393640449,0.3650121473170486,-1.8366624730372914,-0.5299935407993213,-0.607157522071433,0.11538802902896216;-0.15544801950454712,0.0,0.0;1.0,0.0,0.0,0.0
0.0;-0.532504762532276,0.6329338818117713,-0.7582426723832499,0.36444357004608047,-1.8365625114096549,-0.5310376578057283,-0.6020095464765705,0.11756247956332787;-0.15240001678466797,0.0,0.0;1.0,0.0,0.0,0.0
0.0;-0.5292691699376314,0.6292147067718591,-0.7534338241698538,0.3638732244558361,-1.836394762181839,-0.532079858990954,-0.596882470003838,0.11976315501285673;-0.14935201406478882,0.0,0.0;1.0,0.0,0.0,0.0
0.0;-0.5260312656849138,0.6254808660610641,-0.7486144911819178,0.36327281210016354,-1.836156818754562,-0.5331314556909031,-0.591801305480621,0.1219715029831958;-0.14630402624607086,0.0,0.0;1.0,0.0,0.0,0.0
0.0;-0.5227969978200885,0.6217427806001006,-0.7438132789309123,0.36264081791699104,-1.8358592671737213,-0.5341918743828673,-0.5867690984519676,0.12416910437608393;-0.14325600862503052,0.0,0.0;1.0,0.0,0.0,0.0
0.0;-0.5195701433146344,0.6180050082155086,-0.739047902169457,0.36197698159929015,-1.8355107506721184,-0.5352577466693269,-0.5817909321485997,0.1263445762117233;-0.14020800590515137,0.0,0.0;1.0,0.0,0.0,0.0
0.0;-0.5163180981496044,0.6142491867400782,-0.7343486750268725,0.3612615255911571,-1.835083398600133,-0.5363471547418842,-0.5768337679803859,0.12846929721543063;-0.13716000318527222,0.0,0.0;1.0,0.0,0.0,0.0
0.0;-0.5131327238163875,0.6104964841676088,-0.7296322263434886,0.3605243986188502,-1.834646501163533,-0.5374265289967154,-0.5719587198920917,0.13060965758083015;-0.13411201536655426,0.0,0.0;1.0,0.0,0.0,0.0
0.0;-0.5098066769500341,0.6067124030503355,-0.7248917483632803,0.3598418279689867,-1.834135383312175,-0.5385046187211477,-0.5670369198295011,0.13274594515495175;-0.1310640126466751,0.0,0.0;1.0,0.0,0.0,0.0
0.0;-0.5065409960316241,0.602914838614039,-0.7201484217933176,0.35909112634326384,-1.8335455176531927,-0.5396006311110273,-0.5621854451242976,0.1348921279434004;-0.12801602482795715,0.0,0.0;1.0,0.0,0.0,0.0
0.0;-0.5033226295582593,0.5991289386344227,-0.7154493096020772,0.3583029656310239,-1.8329234345650929,-0.5406885685048448,-0.5574030018550292,0.13702299572080012;-0.12496800720691681,0.0,0.0;1.0,0.0,0.0,0.0
0.0;-0.5001148766294323,0.5953361200683938,-0.7108419837487909,0.357456224811843,-1.8322499407660495,-0.5417906524094133,-0.5526557478564513,0.13909063988496007;-0.12192000448703766,0.0,0.0;1.0,0.0,0.0,0.0
0.0;-0.4968856201060447,0.5915374762778778,-0.7062529632159572,0.35661128045765816,-1.831542291261529,-0.5428919933717761,-0.5479224039240564,0.14112246574746692;-0.11887200176715851,0.0,0.0;1.0,0.0,0.0,0.0
0.0;-0.49364675314848655,0.5877117503553247,-0.7016351567077577,0.35575678026948426,-1.830797310262961,-0.5439773082243634,-0.5432035788950043,0.14316854114053637;-0.11582401394844055,0.0,0.0;1.0,0.0,0.0,0.0
0.0;-0.4903935049134359,0.5838727736491767,-0.6970146276503297,0.35489815193200264,-1.8300022484898697,-0.5450447265025651,-0.5385058550981592,0.14523240821095226;-0.112776018679142,0.0,0.0;1.0,0.0,0.0,0.0
0.0;-0.4871110729407283,0.5799992022223858,-0.692384335411324,0.3540160096944101,-1.8291403171744802,-0.546143222403128,-0.5338294907904446,0.1472861371430055;-0.10972800105810165,0.0,0.0;1.0,0.0,0.0,0.0
0.0;-0.48384507956766065,0.5761136164095878,-0.6877081175465194,0.3531243542828687,-1.8282348225499516,-0.5472340584715402,-0.5291823457157219,0.14937047883524793;-0.1066799983382225,0.0,0.0;1.0,0.0,0.0,0.0
0.0;-0.4806081147659627,0.5722281385620088,-0.6830345644633053,0.3522084892402834,-1.8272863235515489,-0.5483007747519346,-0.5245656817018363,0.15147422938721644;-0.10363201051950455,0.0,0.0;1.0,0.0,0.0,0.0
0.0;-0.47738421230935696,0.5683450564588569,-0.6783912455293652,0.35126948367195954,-1.8262964174651144,-0.5493600844592175,-0.5199792446248528,0.15355842337158962;-0.1005840077996254,0.0,0.0;1.0,0.0,0.0,0.0
0.0;-0.4741748141379184,0.5644650865715232,-0.6737974208340586,0.35030752413185473,-1.8252766820456277,-0.5504101754445829,-0.5154504404806395,0.15560841363454578;-0.09753600507974625,0.0,0.0;1.0,0.0,0.0,0.0
0.0;-0.4709763428518287,0.5605468348783882,-0.6693251009399622,0.34924318709050606,-1.824187006810412,-0.5515000119459124,-0.5109564476085526,0.15755879744755907;-0.09448801726102829,0.0,0.0;1.0,0.0,0.0,0.0
0.0;-0.4677787470832568,0.5566429052596034,-0.6648635775266936,0.3481998412400093,-1.8230523649712294,-0.5525782131452529,-0.5064659021589251,0.15947970194706648;-0.09143999963998795,0.0,0.0;1.0,0.0,0.0,0.0
0.0;-0.46454764135912313,0.5526832292816004,-0.660323816865678,0.34717070347997475,-1.8219000169697932,-0.5536192515007465,-0.5019844081724836,0.16144212683985132;-0.08839200437068939,0.0,0.0;1.0,0.0,0.0,0.0
0.0;-0.46107707459403646,0.5485407012639102,-0.6556729218514639,0.3460890870446437,-1.8205738381905656,-0.5546908273559603,-0.4974387175785542,0.16342756371718015;-0.08534400165081024,0.0,0.0;1.0,0.0,0.0,0.0
0.0;-0.45771797384339896,0.5444955363913101,-0.6510065778557717,0.3449974116910287,-1.8191400505611408,-0.5557567277075359,-0.49301383626586265,0.16542165530437608;-0.08229600638151169,0.0,0.0;1.0,0.0,0.0,0.0
0.0;-0.4544618014827913,0.5405605964296861,-0.6464133968019926,0.34392276692530227,-1.8177436466169121,-0.5567498546661588,-0.4887284323812148,0.16743433103221267;-0.07924800366163254,0.0,0.0;1.0,0.0,0.0,0.0
0.0;-0.45120093254993077,0.536634802475264,-0.6418544492686977,0.3428332644613963,-1.8163580716472914,-0.5577257857847009,-0.484482517578943,0.16943328798692547;-0.07620000094175339,0.0,0.0;1.0,0.0,0.0,0.0
0.0;-0.4479244366442519,0.5326873326030016,-0.6373090968226502,0.34170832349802577,-1.8149295335567701,-0.5587113734303635,-0.4802385074037396,0.17141074964050948;-0.07315199822187424,0.0,0.0;1.0,0.0,0.0,0.0
0.0;-0.4446443147270742,0.5287227291837706,-0.6327684249035037,0.34055624443107824,-1.8134535866151216,-0.5596956684575021,-0.47600672127259347,0.1733795456505722;-0.07010399550199509,0.0,0.0;1.0,0.0,0.0,0.0
0.0;-0.44136662020260253,0.5247474535988128,-0.6282308684961866,0.3393851133715418,-1.8119367175416012,-0.5606683850541478,-0.4717980948527297,0.17534762436956886;-0.06705599278211594,0.0,0.0;1.0,0.0,0.0,0.0
0.0;-0.43810048431275705,0.5207809884063519,-0.6236310505748914,0.3382336538925651,-1.8104008551900372,-0.5615989744634495,-0.4676137154524828,0.17737381615520725;-0.06400801241397858,0.0,0.0;1.0,0.0,0.0,0.0
0.0;-0.4348373783849329,0.5167876148525299,-0.6190410799606887,0.3370283694076216,-1.808808690082626,-0.5625349040471709,-0.4634409183267851,0.17939399024794547;-0.060960009694099426,0.0,0.0;1.0,0.0,0.0,0.0
0.0;-0.43154983755163867,0.5127720426226233,-0.6144735464489717,0.33579738820423877,-1.8071629556955022,-0.5634821901280677,-0.4592800478053546,0.18138521825656334;-0.057912006974220276,0.0,0.0;1.0,0.0,0.0,0.0
0.0;-0.4282195396876358,0.5087128203231477,-0.6099197625204926,0.3345479608142331,-1.805458672466217,-0.5644320182371623,-0.45514547089251334,0.1833664593745595;-0.05486398935317993,0.0,0.0;1.0,0.0,0.0,0.0
0.0;-0.4249187116830043,0.5046580529456041,-0.605381393798193,0.3332736580479939,-1.8037093405327094,-0.5653744359393229,-0.4510541737731895,0.18534300365330458;-0.05181598290801048,0.0,0.0;1.0,0.0,0.0,0.0
0.0;-0.4216211868583736,0.500596811206143,-0.6008777062343605,0.3319844842692176,-1.8019332149507064,-0.566306589057552,-0.44698042565754986,0.18730682901526208;-0.04876801371574402,0.0,0.0;1.0,0.0,0.0,0.0
0.0;-0.4183327078645953,0.4965235745045466,-0.5963962494159252,0.33067371473233415,-1.8001278392608833,-0.5672348916353773,-0.4429369713956721,0.18925259183976564;-0.04572001099586487,0.0,0.0;1.0,0.0,0.0,0.0
0.0;-0.41505986777436377,0.4924543996064137,-0.5919292022334464,0.32934695740462866,-1.798276920268745,-0.5681498573037421,-0.4389323119151947,0.19119113328947318;-0.04267200827598572,0.0,0.0;1.0,0.0,0.0,0.0
0.0;-0.41178953438427673,0.48838042939858817,-0.58747592808838,0.32800362888810297,-1.7963809536455562,-0.5690496817931087,-0.4349675205438937,0.19312255596507427;-0.039624009281396866,0.0,0.0;1.0,0.0,0.0,0.0
0.0;-0.4085158245866588,0.48429696896972924,-0.5830387385913126,0.32664110325149165,-1.794439421982353,-0.5699383251060335,-0.4310397544207647,0.19504203697012704;-0.036576006561517715,0.0,0.0;1.0,0.0,0.0,0.0
0.0;-0.40523856936194225,0.48020374728561344,-0.5786185939795611,0.3252584199620802,-1.7924520442240417,-0.5708174021880458,-0.42714764989637644,0.19694812558883798;-0.03352800011634827,0.0,0.0;1.0,0.0,0.0,0.0
0.0;-0.40201110312980487,0.47616333759574186,-0.5742503900537113,0.32386305359466266,-1.7904025919766746,-0.5716853091710805,-0.423306403383307,0.19883079575916127;-0.030479999259114265,0.0,0.0;1.0,0.0,0.0,0.0
0.0;-0.39873082209146987,0.47225646443038793,-0.5707177200957693,0.32242116997166526,-1.7884390576019564,-0.5724638985995746,-0.4197735326403144,0.2005051960056689;-0.027431998401880264,0.0,0.0;1.0,0.0,0.0,0.0
0.0;-0.3955929448663415,0.4687103846530608,-0.5681571961705283,0.32081972113221485,-1.7865039070841258,-0.573846678255131,-0.41674278456482355,0.20142062847381353;-0.024383995682001114,0.0,0.0;1.0,0.0,0.0,0.0
0.0;-0.3921023147549716,0.4649621309714572,-0.56538421210316,0.31936961300150774,-1.7844954048036226,-0.5752926487384973,-0.41380054859973364,0.20236909872975697;-0.021335992962121964,0.0,0.0;1.0,0.0,0.0,0.0
0.0;-0.3884575039376704,0.46099765470101634,-0.5619774976874659,0.31795386178564605,-1.7821634575706118,-0.5766356302827257,-0.41070301715616453,0.203749031937055;-0.01828802190721035,0.0,0.0;1.0,0.0,0.0,0.0
0.0;-0.38461919620442847,0.4567711910347829,-0.5587186479753846,0.31629726574198763,-1.7795629257544998,-0.5779402143706455,-0.4075560889555998,0.20527469201314533;-0.0152400191873312,0.0,0.0;1.0,0.0,0.0,0.0
0.0;-0.3808260121431551,0.4525340386499439,-0.5553823943490779,0.3146177036637896,-1.7770240322037867,-0.5794998619392241,-0.40458435739779214,0.20663712693238964;-0.012191986665129662,0.0,0.0;1.0,0.0,0.0,0.0
0.0;-0.3760849854444832,0.44797024839794036,-0.5514732640644372,0.31294703269156643,-1.7735562484879885,-0.5813588321795237,-0.4010109032811512,0.20836916869466496;-0.009143984876573086,0.0,0.0;1.0,0.0,0.0,0.0
0.0;-0.3713185438369852,0.44321393183988705,-0.5464240731204514,0.3113136196289353,-1.7703318020654977,-0.5830033992568311,-0.3981289758612757,0.21056271777875787;-0.006096011959016323,0.0,0.0;1.0,0.0,0.0,0.0
0.0;-0.3675020640135357,0.439123037892324,-0.5410455317652357,0.3098360913768609,-1.7672979196725422,-0.5839382578466372,-0.3952941702539515,0.213583260984917;-0.00304800970479846,0.0,0.0;1.0,0.0,0.0,0.0
0.0;-0.364020939191826,0.4352135326108572,-0.5360481868095638,0.30825470085806567,-1.7645600465382263,-0.5848392261551038,-0.392292734072009,0.21648113025622603;0.0,0.0,0.0;1.0,0.0,0.0,0.0
