0.0;-1.0186750254357975,-0.049013912518105024,-0.7037873107434696,0.741262121804441,-1.7522770191744885,0.06451814144699992,-0.2882888090328312,-0.5921443743703388;0.0,0.0,0.0;1.0,0.0,0.0,0.0
0.0;-1.0186750254357975,-0.049013912518105024,-0.7037873107434696,0.741262121804441,-1.7522770191744885,0.06451814144699992,-0.2882888090328312,-0.5921443743703388;0.0,0.0,0.003078788286074996;1.0,0.0,0.0,0.0
0.0;-1.0186177335814948,-0.04905142640290125,-0.7038186593077284,0.741262405119881,-1.7523089867491983,0.0645429140321169,-0.28833315357516615,-0.5921647089828456;0.0,0.0,0.006157576572149992;1.0,0.0,0.0,0.0
0.0;-1.0187462750953116,-0.04909469697668789,-0.7038008566836986,0.7412172540251025,-1.7525398958439897,0.06461308030068799,-0.2884968041629105,-0.5922315967610019;0.0,0.0,0.009236364625394344;1.0,0.0,0.0,0.0
0.0;-1.0186939352552447,-0.049825953384976675,-0.7048634399102635,0.7411646247587317,-1.7550479248615793,0.06547962875709219,-0.29045163480018116,-0.5931147448925158;0.0,0.0,0.012315153144299984;1.0,0.0,0.0,0.0
0.0;-1.0187104499139041,-0.050594382732854604,-0.7069770758386099,0.7412655863227868,-1.7588116612487745,0.0667890667247327,-0.29309158252841583,-0.5949811974139692;0.0,0.0,0.015393940731883049;1.0,0.0,0.0,0.0
0.0;-1.019015157768896,-0.05106912309021931,-0.7094249583438504,0.7414041776787645,-1.7625147851319556,0.06798869180683,-0.2951385764943318,-0.5973869368976017;0.0,0.0,0.01847272925078869;1.0,0.0,0.0,0.0
0.0;-1.0201258643493465,-0.05117528705425765,-0.7130491560096189,0.7416693279101911,-1.7675721224482386,0.0696022847629892,-0.29664292740311815,-0.6014548701524336;0.0,0.0,0.02155151590704918;1.0,0.0,0.0,0.0
0.0;-1.0204642880992567,-0.05157930289628701,-0.7155053081399053,0.7419255610413011,-1.771864430220922,0.07097770243695845,-0.29703519667400424,-0.6050394232248297;0.0,0.0,0.024630306288599968;1.0,0.0,0.0,0.0
0.0;-1.0178980695818451,-0.05318439234554597,-0.7151669348954035,0.7419922432724844,-1.773190220716555,0.07132950699890056,-0.2970048645037446,-0.6059967914272774;0.0,0.0,0.027709094807505608;1.0,0.0,0.0,0.0
0.0;-1.01800523982391,-0.053503569130052914,-0.7155073755527737,0.7417257636659895,-1.7740121938495361,0.07156309937747012,-0.29607605390360925,-0.607093755641867;0.0,0.0,0.030787881463766098;1.0,0.0,0.0,0.0
0.0;-1.0189400590936821,-0.053718551922039545,-0.7159883066378389,0.7415732306431497,-1.7765877331736588,0.07212603223716593,-0.29488638246349064,-0.6090531159537662;0.0,0.0,0.03386666998267174;1.0,0.0,0.0,0.0
0.0;-1.019526946408093,-0.0541323638239869,-0.7178869172644575,0.7418246972708239,-1.779046752068787,0.07361946200499771,-0.2919126700616521,-0.6113921997923839;0.0,0.0,0.03694545850157738;1.0,0.0,0.0,0.0
0.0;-1.019966805437115,-0.05374353749950527,-0.7190274704177569,0.7423193505702512,-1.78164212495073,0.07535751364414572,-0.2899485711284024,-0.6131171283929159;0.0,0.0,0.04002424702048302;1.0,0.0,0.0,0.0
0.0;-1.019420642866999,-0.05282789508443126,-0.7205104270859446,0.7423242977916565,-1.7835175536969061,0.07627579457651573,-0.2887932092132783,-0.6153371648383658;0.0,0.0,0.04310303181409836;1.0,0.0,0.0,0.0
0.0;-1.0194030697423344,-0.05287275255479355,-0.7205188784178416,0.7422891899902565,-1.783532699889203,0.07627528302639945,-0.28879208945309637,-0.6153458415877332;0.0,0.0,0.046181824058294296;1.0,0.0,0.0,0.0
0.0;-1.01941044938823,-0.05285787631443859,-0.7205211768222557,0.7422953862167829,-1.783531329515238,0.07627484130507096,-0.28879237825166876,-0.615347695238778;0.0,0.0,0.049260612577199936;1.0,0.0,0.0,0.0
0.0;-1.0194117110892047,-0.05285050178508567,-0.7205173939866314,0.7423005100634261,-1.783543016804742,0.07627512022318553,-0.28879532247262013,-0.6153519296713251;0.0,0.0,0.05233939737081528;1.0,0.0,0.0,0.0
0.0;-1.0194139158680455,-0.052845309093063814,-0.7205174007380025,0.7423028266615007,-1.7835454147232646,0.07627510746568292,-0.2887960813768355,-0.6153533141253358;0.0,0.0,0.055418189615011215;1.0,0.0,0.0,0.0
0.0;-1.0194145271568198,-0.052844680588109004,-0.7205147108019834,0.7423033362105792,-1.7835542176217858,0.07627505098035224,-0.2887985188045456,-0.6153554075031822;0.0,0.0,0.058496978133916855;1.0,0.0,0.0,0.0
0.0;-1.019526309985293,-0.05277284827962711,-0.7211631057444488,0.7418584390535262,-1.7852606480117021,0.07773190592847651,-0.28852015504779327,-0.6147106647707694;0.0,0.0,0.061575762927532196;1.0,0.0,0.0,0.0
0.0;-1.0208864348280544,-0.051018004389980644,-0.7231266355251443,0.7399351948562937,-1.790252469067795,0.07811243663020573,-0.2888721715562987,-0.6165226978242418;0.0,0.0,0.06465455144643784;1.0,0.0,0.0,0.0
0.0;-1.0202590397797087,-0.05008654208252878,-0.7247978185636682,0.7375617941035819,-1.7969042158456436,0.07772883022219992,-0.2889305916588793,-0.6198532359344044;0.0,0.0,0.06773333996534348;1.0,0.0,0.0,0.0
0.0;-1.0204925974205972,-0.04902252015002472,-0.7265403298777998,0.7351921440761444,-1.8038234165923912,0.07708994433184002,-0.2885400474504987,-0.6234278848668068;0.0,0.0,0.07081212848424911;1.0,0.0,0.0,0.0
0.0;-1.020368399069204,-0.0481365556306936,-0.7285756795878141,0.7331701844071333,-1.810812849331458,0.07696926216360442,-0.2871779904483926,-0.6266793570342963;0.0,0.0,0.07389091700315475;1.0,0.0,0.0,0.0
0.0;-1.019999803000311,-0.04707353405306492,-0.7311861309687401,0.7317836331360595,-1.8168231072325216,0.07762608202005913,-0.28465635762871877,-0.6291694611759178;0.0,0.0,0.0769696980714798;1.0,0.0,0.0,0.0
0.0;-1.0189360292013065,-0.04560141253931533,-0.7345379790059101,0.7304536632686249,-1.8236051189138185,0.07902089558315861,-0.2801372984292336,-0.6318779577684371;0.0,0.0,0.08004849404096603;1.0,0.0,0.0,0.0
0.0;-1.018215229228605,-0.04481185814533688,-0.736822118040661,0.7291346745041123,-1.8296770027936684,0.08020390604081709,-0.27640608856719523,-0.6339369121643612;0.0,0.0,0.08312728255987167;1.0,0.0,0.0,0.0
0.0;-1.0171378233355886,-0.04420905675068206,-0.7390779987392506,0.7281258248586606,-1.835256169145506,0.08165285596959829,-0.2717772934637618,-0.6364872904290757;0.0,0.0,0.08620606362819672;1.0,0.0,0.0,0.0
0.0;-1.0161622883414354,-0.044354471132706706,-0.7417529509536456,0.7253790015979888,-1.8399358241383144,0.08329771217517279,-0.267523445128907,-0.6396095707520355;0.0,0.0,0.08928485214710236;1.0,0.0,0.0,0.0
0.0;-1.0147528386285791,-0.04500929293967008,-0.7437457574057389,0.72275270183278,-1.8448638408353533,0.08419128089056714,-0.26377461152268916,-0.643151751387655;0.0,0.0,0.092363640666008;1.0,0.0,0.0,0.0
0.0;-1.0139163165936838,-0.04516651594713994,-0.7462048573176677,0.7201229112478535,-1.8513043057013847,0.08529081610731587,-0.25971907603476685,-0.6469852112302797;0.0,0.0,0.09544242173433304;1.0,0.0,0.0,0.0
0.0;-1.0123738658523453,-0.04602368310085131,-0.749041274881648,0.7175605369324949,-1.8570432348716486,0.08581334657383363,-0.25540084517696754,-0.6511625526825574;0.0,0.0,0.09852121770381927;1.0,0.0,0.0,0.0
0.0;-1.0120201009445577,-0.048397051821794296,-0.7504420388468764,0.7137282158397278,-1.8660369832586914,0.08596120871560743,-0.24840184469450563,-0.6569087169004614;0.0,0.0,0.10160000622272491;1.0,0.0,0.0,0.0
0.0;-1.011580475144591,-0.05140955035269574,-0.7514949694936102,0.7104190988980774,-1.8750455142313927,0.08667363862190484,-0.24100467729625874,-0.6621766731859885;0.0,0.0,0.10467878729104996;1.0,0.0,0.0,0.0
0.0;-1.0112034389959514,-0.053547182724771984,-0.7530388488396961,0.7084423573388198,-1.882344036721401,0.08732800444759098,-0.23338469468051629,-0.6672717521043756;0.0,0.0,0.1077575832605362;1.0,0.0,0.0,0.0
0.0;-1.0100880222385653,-0.05528217415695205,-0.7557208838658344,0.70759942219361,-1.88837834728427,0.08804100243110034,-0.2262091772474089,-0.672951372687134;0.0,0.0,0.11083637177944183;1.0,0.0,0.0,0.0
0.0;-1.0093774430206426,-0.05733701907618168,-0.7598726209770498,0.7065062285247125,-1.8948426598855816,0.08896065473127178,-0.2189533731450325,-0.6794996868004991;0.0,0.0,0.11391515284776688;1.0,0.0,0.0,0.0
0.0;-1.0085325227593704,-0.05911034801180994,-0.7632686422848305,0.7059802989945554,-1.9015709868549242,0.0904288040278273,-0.21341154091282558,-0.6849991346508537;0.0,0.0,0.11699394881725311;1.0,0.0,0.0,0.0
0.0;-1.007756521680504,-0.06123414322110938,-0.7662360081627174,0.7051349383682934,-1.9077792997863179,0.09173731215134474,-0.20893218732191565,-0.6900999953254112;0.0,0.0,0.12007273733615875;1.0,0.0,0.0,0.0
0.0;-1.0070210239005544,-0.06384153169723136,-0.7695493635189349,0.7038548646500336,-1.9129571144233777,0.09281274991343581,-0.2046189630761932,-0.6945584883364189;0.0,0.0,0.1231515184044838;1.0,0.0,0.0,0.0
0.0;-1.0067084109139912,-0.06559086927761862,-0.772617632609536,0.7031962775380827,-1.918504091565508,0.09345405280024152,-0.20052014511995425,-0.6993912657593556;0.0,0.0,0.12623029947280884;1.0,0.0,0.0,0.0
0.0;-1.006113724243773,-0.0673679752210794,-0.7755843320888824,0.7027554161628652,-1.9239575350935492,0.09418837136426483,-0.19663629675562222,-0.70427021238447;0.0,0.0,0.12930908799171448;1.0,0.0,0.0,0.0
0.0;-1.0053114367755764,-0.06993771463093255,-0.7790073887621164,0.7018088382000098,-1.9290818203693856,0.0948851898663807,-0.1924436987577345,-0.7088495608810357;0.0,0.0,0.13238787651062012;1.0,0.0,0.0,0.0
0.0;-1.0049056663565719,-0.07242110350360385,-0.7827624356291455,0.7007861007414989,-1.9347818967617167,0.09534564390771023,-0.18805820686399977,-0.7142967283679591;0.0,0.0,0.13546666502952576;1.0,0.0,0.0,0.0
0.0;-1.0044211146961466,-0.07425574691112696,-0.7859593706620505,0.7005176925987932,-1.9407626399327216,0.09563955266600338,-0.18393854931488127,-0.7192395917159399;0.0,0.0,0.1385454535484314;1.0,0.0,0.0,0.0
0.0;-1.0035776054483625,-0.076768686670822,-0.7893842157645933,0.6998684593736176,-1.9460006661575817,0.09595415310401427,-0.1797030562483802,-0.7235172081556767;0.0,0.0,0.14162424206733704;1.0,0.0,0.0,0.0
0.0;-1.0033467085983212,-0.07890007872134146,-0.7927502774219339,0.6993299737736376,-1.9514750797858675,0.09608517159764109,-0.17551310350328475,-0.7275225526460761;0.0,0.0,0.14470303058624268;1.0,0.0,0.0,0.0
0.0;-1.0025333716593607,-0.0815586732767288,-0.7960666299288238,0.6986663056276814,-1.956624162123396,0.09606463893974368,-0.17133856472075812,-0.7314322433097404;0.0,0.0,0.14778181910514832;1.0,0.0,0.0,0.0
0.0;-1.002122972979232,-0.0839075473569539,-0.7993388107195639,0.6981209796828614,-1.9619526904407818,0.09575238392359686,-0.1672484621447922,-0.7354774050987559;0.0,0.0,0.15086060762405396;1.0,0.0,0.0,0.0
0.0;-1.0014071364221269,-0.08672747043848268,-0.802954599840402,0.6973673256549426,-1.966980830650952,0.0953299865733221,-0.16298769718784392,-0.7396623643670922;0.0,0.0,0.1539393812417984;1.0,0.0,0.0,0.0
0.0;-1.000446309548068,-0.09098081858194898,-0.8077792447410717,0.696959979895569,-1.973789084832108,0.09432256679003861,-0.16117971318771546,-0.7444403671800573;0.0,0.0,0.15701818466186523;1.0,0.0,0.0,0.0
0.0;-0.9998359021888303,-0.09538622803370696,-0.8118093311060374,0.6957522842397295,-1.9794061221798838,0.09349646139571266,-0.1602487685136509,-0.7478494045471399;0.0,0.0,0.16009697318077087;1.0,0.0,0.0,0.0
0.0;-0.9981131496182369,-0.10038871658312777,-0.817941247681122,0.6955400769934402,-1.9868453319255286,0.09169365892389293,-0.1572089761492572,-0.7534772673926681;0.0,0.0,0.1631757616996765;1.0,0.0,0.0,0.0
0.0;-0.9966097408771923,-0.10425962548117729,-0.8242909038466188,0.6958755423930247,-1.9928835844027686,0.08959657919187544,-0.15287421270350557,-0.7593439596010877;0.0,0.0,0.16625455021858215;1.0,0.0,0.0,0.0
0.0;-0.9951595347356124,-0.10704391756991909,-0.8301535022539851,0.6969715031005989,-1.9981849915289156,0.08770766633287266,-0.1477148851039149,-0.7648877888938558;0.0,0.0,0.1693333387374878;1.0,0.0,0.0,0.0
0.0;-0.9940388563406156,-0.1103832948810392,-0.8348901333506521,0.6971204820341017,-2.003189295456397,0.08623077574465933,-0.14303366255787708,-0.7694614214104935;0.0,0.0,0.17241211235523224;1.0,0.0,0.0,0.0
0.0;-0.9930692231365009,-0.11369883244610887,-0.838688794340766,0.6970495660891557,-2.008105732926882,0.08495948308549557,-0.13887258422537352,-0.7734121386459116;0.0,0.0,0.17549091577529907;1.0,0.0,0.0,0.0
0.0;-0.9925202171943852,-0.11735072450855967,-0.8417354523821537,0.6961378461524568,-2.0126105890643675,0.08393358301943268,-0.1356110551415539,-0.7765645741378999;0.0,0.0,0.1785697042942047;1.0,0.0,0.0,0.0
0.0;-0.9915051851732287,-0.11997803013630469,-0.845240824020187,0.6962828018535059,-2.0162836179221224,0.08264007142324689,-0.13182039819903055,-0.7801593655160269;0.0,0.0,0.18164849281311035;1.0,0.0,0.0,0.0
0.0;-0.990708059215404,-0.12213051161978404,-0.8490952097159882,0.6968064049084962,-2.020074760607385,0.0813531969084648,-0.12790080395334733,-0.7838673582820321;0.0,0.0,0.184727281332016;1.0,0.0,0.0,0.0
0.0;-0.99000160595407,-0.1251252915846209,-0.8526280562093638,0.6964550740416804,-2.0241988322215883,0.08020261637562334,-0.12455332695187822,-0.7872425945009943;0.0,0.0,0.18780606985092163;1.0,0.0,0.0,0.0
0.0;-0.989428988491444,-0.12861714518950573,-0.8555350052748607,0.6954165689143733,-2.028395155559382,0.07915626281404455,-0.12191889637501133,-0.7901611338742429;0.0,0.0,0.19088484346866608;1.0,0.0,0.0,0.0
0.0;-0.9884856775894105,-0.13154944404806218,-0.8575061598204399,0.6947411006801709,-2.0320413627897214,0.0781648758385652,-0.11994275505941165,-0.7925990366708082;0.0,0.0,0.1939636617898941;1.0,0.0,0.0,0.0
0.0;-0.9883372844055792,-0.13421332148081055,-0.8603521783737872,0.6939447523839144,-2.035166747742744,0.07682656655147534,-0.11737456719793819,-0.795452658105416;0.0,0.0,0.19704245030879974;1.0,0.0,0.0,0.0
0.0;-0.9877308501743632,-0.1370827053355162,-0.8635602377728147,0.6934760463990668,-2.038814479924738,0.07518436437237175,-0.11433912362781631,-0.798826746072927;0.0,0.0,0.20012123882770538;1.0,0.0,0.0,0.0
0.0;-0.9869179546851685,-0.14032097529391324,-0.8670471786040775,0.6929900672146164,-2.042854642518273,0.073477530748255,-0.11109671003145108,-0.8023563799969526;0.0,0.0,0.20320002734661102;1.0,0.0,0.0,0.0
0.0;-0.98578532374254,-0.14370259276039188,-0.8702063041141453,0.6925420053817865,-2.047082381028966,0.0719302305386383,-0.10814920466201204,-0.8055978720158586;0.0,0.0,0.20627880096435547;1.0,0.0,0.0,0.0
0.0;-0.985672110732382,-0.14714937466023761,-0.8742289270748554,0.6915888328805104,-2.050904813912573,0.07029058071452063,-0.10483080903923496,-0.8089271663939481;0.0,0.0,0.2093575894832611;1.0,0.0,0.0,0.0
0.0;-0.9844041700711547,-0.15103595096097425,-0.878309790799043,0.6912222327242172,-2.0556795978534055,0.0682865103510668,-0.10113899520324461,-0.8128531558301396;0.0,0.0,0.21243637800216675;1.0,0.0,0.0,0.0
0.0;-0.9833653210160852,-0.1547247622191213,-0.8826329736142379,0.6909340263466536,-2.0601317716977205,0.06616904456694223,-0.09730523979833261,-0.8168463477567871;0.0,0.0,0.21551518142223358;1.0,0.0,0.0,0.0
0.0;-0.9822468579952368,-0.15807063976266053,-0.8870674169775701,0.6910433063970686,-2.0643540081394898,0.063997298788695,-0.09337994809515118,-0.8208529362093331;0.0,0.0,0.21859395503997803;1.0,0.0,0.0,0.0
0.0;-0.981313484287389,-0.16190769582092235,-0.8913620753450554,0.6906151014411704,-2.068695166840611,0.061957553889725285,-0.08975839098695483,-0.8245872202433644;0.0,0.0,0.22167274355888367;1.0,0.0,0.0,0.0
0.0;-0.9802331200345339,-0.16592137811817081,-0.8953713294269392,0.6900908943370907,-2.0731345823112934,0.05995458460935037,-0.08639751696567036,-0.8281655128355193;0.0,0.0,0.2247515171766281;1.0,0.0,0.0,0.0
0.0;-0.9786368857684205,-0.1713106617378149,-0.900417848958883,0.6893775589592254,-2.0789890773015487,0.05723368657311439,-0.08214968676977527,-0.8328420704412917;0.0,0.0,0.22783030569553375;1.0,0.0,0.0,0.0
0.0;-0.9780860413167632,-0.1751232049501719,-0.9058829506651473,0.6891917118456838,-2.0828321153970375,0.0546147955710584,-0.07777204248976267,-0.8371806896356625;0.0,0.0,0.2309090942144394;1.0,0.0,0.0,0.0
0.0;-0.9770226028000226,-0.1783948197887131,-0.9106605850265801,0.6897618573041994,-2.087028572461797,0.052115980925570196,-0.073818889636977,-0.8412604078496791;0.0,0.0,0.23398789763450623;1.0,0.0,0.0,0.0
0.0;-0.9759116934103669,-0.18194130208980897,-0.9149456205703889,0.6897969152240432,-2.0905307249390863,0.04996113438061287,-0.07041789101948087,-0.8447431821965541;0.0,0.0,0.23706668615341187;1.0,0.0,0.0,0.0
0.0;-0.9751329175342484,-0.18577684367931885,-0.9189480731069815,0.689493839117501,-2.0946421349248356,0.04779897938201333,-0.06733638340223369,-0.8481303709325029;0.0,0.0,0.2401454746723175;1.0,0.0,0.0,0.0
0.0;-0.9739244384898739,-0.19001339516654475,-0.9232802739523499,0.6891823131791459,-2.098532937233672,0.045334030497649905,-0.0639645846386769,-0.8518454494548918;0.0,0.0,0.24322424829006195;1.0,0.0,0.0,0.0
0.0;-0.9731446910797121,-0.19449981099200886,-0.9278918453597386,0.6886677040310956,-2.1028979510065655,0.042674812715591724,-0.060496922734342845,-0.855750633831748;0.0,0.0,0.2463030368089676;1.0,0.0,0.0,0.0
0.0;-0.9721373138158506,-0.19887842909276338,-0.9326641475895487,0.6882869430653382,-2.106703882289859,0.039994324808395175,-0.05703202230686605,-0.859602176146323;0.0,0.0,0.24938182532787323;1.0,0.0,0.0,0.0
0.0;-0.9714919798534107,-0.20214239642450044,-0.9365448796958468,0.6882906549552312,-2.110204213928255,0.0377326169420188,-0.05429011706624624,-0.8627749027140659;0.0,0.0,0.25246062874794006;1.0,0.0,0.0,0.0
0.0;-0.9705910811652098,-0.20740664389641789,-0.941877879127549,0.6873489532796506,-2.114300477941261,0.034823100527586456,-0.050760961009514355,-0.8667843425675187;0.0,0.0,0.2555394172668457;1.0,0.0,0.0,0.0
0.0;-0.9698202676019152,-0.211433089312225,-0.9464400912883663,0.6872911170354298,-2.118640018701239,0.03198951562660937,-0.04762328390364498,-0.8705755726658833;0.0,0.0,0.25861820578575134;1.0,0.0,0.0,0.0
0.0;-0.9683078816454327,-0.215702405364521,-0.9507613257066306,0.6870091016320197,-2.1218096174232572,0.02933915889383425,-0.04463690755237844,-0.8740626906437959;0.0,0.0,0.261696994304657;1.0,0.0,0.0,0.0
0.0;-0.9677425258406891,-0.21930205780605735,-0.9547446866169397,0.6867330481898927,-2.12512396189925,0.026890067883788563,-0.041983558657791506,-0.8772088400419564;0.0,0.0,0.2647757828235626;1.0,0.0,0.0,0.0
0.0;-0.9667841050615076,-0.2234985009143297,-0.9578932630597682,0.6862424492134966,-2.127975882882669,0.02430996744838402,-0.039028785495310726,-0.8804416526168662;0.0,0.0,0.26785457134246826;1.0,0.0,0.0,0.0
0.0;-0.9664811562166248,-0.22823443920588612,-0.9612423290750932,0.6857405141489702,-2.132146631870965,0.021371384212880484,-0.035894488332903006,-0.8840863862091161;0.0,0.0,0.2709333598613739;1.0,0.0,0.0,0.0
0.0;-0.965779196749212,-0.233846596747703,-0.9647752005372845,0.6843366580764562,-2.1354251589952185,0.018882482190014798,-0.03312425014986961,-0.8871978685321716;0.0,0.0,0.27401214838027954;1.0,0.0,0.0,0.0
0.0;-0.9649590449180333,-0.24000461782355864,-0.9698605998765306,0.6833789276314479,-2.139650800374547,0.01567946525047827,-0.029893284548538887,-0.8911386981584386;0.0,0.0,0.2770909368991852;1.0,0.0,0.0,0.0
0.0;-0.9642180956922386,-0.24430715474551903,-0.9765129673534276,0.6846095792038821,-2.1440960132139364,0.011729145660300463,-0.02631199060809932,-0.895875218157404;0.0,0.0,0.2801697254180908;1.0,0.0,0.0,0.0
0.0;-0.9624553398311696,-0.2487624088617547,-0.9833658934542496,0.6864885670940629,-2.1478879861684943,0.008427223359784821,-0.022934819417298993,-0.8998851651426544;0.0,0.0,0.28324851393699646;1.0,0.0,0.0,0.0
0.0;-0.9616668761359439,-0.25423195396298764,-0.9891780720430321,0.6864433254048745,-2.151830585998918,0.005526915070825907,-0.02024836810117039,-0.9033326003745349;0.0,0.0,0.2863273024559021;1.0,0.0,0.0,0.0
0.0;-0.9610949418958258,-0.260014639016342,-0.9935992760469915,0.6851212553990754,-2.1554136161283277,0.0026658502983307347,-0.018156946277490073,-0.9065909819528001;0.0,0.0,0.28940609097480774;1.0,0.0,0.0,0.0
0.0;-0.9605092980353173,-0.26467643862731677,-0.9975933731226297,0.684261734921292,-2.1583316324041237,-0.0005921948104006202,-0.016152306553960317,-0.9101645397259102;0.0,0.0,0.2924848794937134;1.0,0.0,0.0,0.0
0.0;-0.9604796451834045,-0.26468987252938475,-0.9975887377726467,0.6842679619648907,-2.1583438786450153,-0.000599554483935589,-0.016151500390821198,-0.9101725369991729;0.0,0.0,0.295563668012619;1.0,0.0,0.0,0.0
0.0;-0.9604923586664879,-0.26468969408669807,-0.9975989146629985,0.684263906105195,-2.158339459997606,-0.0006015079227355448,-0.016148397034186513,-0.9101745635089861;0.0,0.0,0.29864245653152466;1.0,0.0,0.0,0.0
0.0;-0.9604944139627059,-0.2646911239253373,-0.9976020108259004,0.6842622123750767,-2.158337834784111,-0.000602375609156071,-0.01614735549124811,-0.9101754871285429;0.0,0.0,0.3017212450504303;1.0,0.0,0.0,0.0
0.0;-0.9604956778250437,-0.2646911331890993,-0.9976023252267743,0.6842619630449206,-2.158338868241068,-0.0006025451591605342,-0.016147359506227105,-0.910175664052933;0.0,0.0,0.30480003356933594;1.0,0.0,0.0,0.0
0.0;-0.9604951771866488,-0.26469140320834567,-0.9976021515790341,0.6842619873936904,-2.1583391285460336,-0.000602609401006864,-0.016147415790759245,-0.9101757335523502;-0.003078788286074996,0.0,0.30480003356933594;1.0,0.0,0.0,0.0
0.0;-0.9604944829006952,-0.2646926236752479,-0.9976029643388613,0.6842613219352649,-2.1583384091790614,-0.0006029682677507429,-0.016147158842096623,-0.9101761189301182;-0.006157576572149992,0.0,0.30480003356933594;1.0,0.0,0.0,0.0
0.0;-0.9604944654644914,-0.2646926937057174,-0.9976027565727611,0.6842613971571447,-2.1583391041968545,-0.0006030236650019003,-0.01614727325309826,-0.9101761776351784;-0.009236364625394344,0.0,0.30480003356933594;1.0,0.0,0.0,0.0
0.0;-0.9604944654644914,-0.2646926937057174,-0.9976027565727611,0.6842613971571447,-2.1583391041968545,-0.0006030236650019003,-0.01614727325309826,-0.9101761776351784;-0.012315153144299984,0.0,0.30480003356933594;1.0,0.0,0.0,0.0
0.0;-0.9604944654644914,-0.2646926937057174,-0.9976027565727611,0.6842613971571447,-2.1583391041968545,-0.0006030236650019003,-0.01614727325309826,-0.9101761776351784;-0.015393940731883049,0.0,0.30480003356933594;1.0,0.0,0.0,0.0
0.0;-0.9604944654644914,-0.2646926937057174,-0.9976027565727611,0.6842613971571447,-2.1583391041968545,-0.0006030236650019003,-0.01614727325309826,-0.9101761776351784;-0.01847272925078869,0.0,0.30480003356933594;1.0,0.0,0.0,0.0
0.0;-0.9604944654644914,-0.2646926937057174,-0.9976027565727611,0.6842613971571447,-2.1583391041968545,-0.0006030236650019003,-0.01614727325309826,-0.9101761776351784;-0.02155151590704918,0.0,0.30480003356933594;1.0,0.0,0.0,0.0
0.0;-0.9604944654644914,-0.2646926937057174,-0.9976027565727611,0.6842613971571447,-2.1583391041968545,-0.0006030236650019003,-0.01614727325309826,-0.9101761776351784;-0.024630306288599968,0.0,0.30480003356933594;1.0,0.0,0.0,0.0
0.0;-0.9605017544701222,-0.2647025169098415,-0.9976093975764913,0.6842581341251106,-2.158359737861373,-0.0006084522167139818,-0.016150297907397897,-0.9101819800977176;-0.027709094807505608,0.0,0.30480003356933594;1.0,0.0,0.0,0.0
0.0;-0.960639187074913,-0.26960468909235047,-1.0015575340313436,0.682515425141573,-2.161513424653862,-0.0027317188487810643,-0.016691642869310172,-0.9124631483189259;-0.030787881463766098,0.0,0.30480003356933594;1.0,0.0,0.0,0.0
0.0;-0.959412059398081,-0.27538534473325676,-1.0085681584708193,0.6829247973031796,-2.1656436925213534,-0.006805118901658149,-0.016463076447473655,-0.9168497171261033;-0.03386666998267174,0.0,0.30480003356933594;1.0,0.0,0.0,0.0
0.0;-0.9585344209320424,-0.28004857902863334,-1.0166474111870498,0.6851019492706554,-2.1696860023462268,-0.011583717769958502,-0.015376110021745128,-0.9219911323030074;-0.03694545850157738,0.0,0.30480003356933594;1.0,0.0,0.0,0.0
0.0;-0.9587371426539161,-0.28388051631948924,-1.0237367018675687,0.6877002946124242,-2.174043760122157,-0.01600332908021354,-0.014151231376163066,-0.9267130315573185;-0.04002424702048302,0.0,0.30480003356933594;1.0,0.0,0.0,0.0
0.0;-0.9597491272083187,-0.2875127234532595,-1.030352564962178,0.6903001941661224,-2.178631146647667,-0.01973454340511456,-0.012918608985224025,-0.9306924725277994;-0.04310303181409836,0.0,0.30480003356933594;1.0,0.0,0.0,0.0
0.0;-0.961386652541123,-0.2908817662890807,-1.0365316074942608,0.6930452611814617,-2.183925859215546,-0.022574108366061454,-0.011872202815024806,-0.9337378368630181;-0.046181824058294296,0.0,0.30480003356933594;1.0,0.0,0.0,0.0
0.0;-0.9636806116568561,-0.29384455693604605,-1.0424923160856998,0.6958987241387472,-2.1894834305461677,-0.024763110676734364,-0.010940745981901949,-0.9361026213673131;-0.049260612577199936,0.0,0.30480003356933594;1.0,0.0,0.0,0.0
0.0;-0.9660554712206368,-0.2964284616435563,-1.0477775141848849,0.6985723266313814,-2.194382529550603,-0.026566075502638363,-0.009845730857031602,-0.9380483648121017;-0.05233939737081528,0.0,0.30480003356933594;1.0,0.0,0.0,0.0
0.0;-0.9655616774176,-0.2998484533128608,-1.0529348601588149,0.7012328729653032,-2.196612511822106,-0.0285419144843055,-0.008851485986868114,-0.94017067553525;-0.055418189615011215,0.0,0.30480003356933594;1.0,0.0,0.0,0.0
0.0;-0.9647499322128691,-0.3039390658996253,-1.0592807070386117,0.7046590915573503,-2.198997580934598,-0.03071372949808835,-0.008107743154542655,-0.9425230522037871;-0.058496978133916855,0.0,0.30480003356933594;1.0,0.0,0.0,0.0
0.0;-0.9645413856758256,-0.30852580970553994,-1.0649329581040041,0.707468112568885,-2.2010848893951307,-0.03334557037294481,-0.007769249764413336,-0.9453284091353606;-0.061575762927532196,0.0,0.30480003356933594;1.0,0.0,0.0,0.0
0.0;-0.9639142536835935,-0.31339042109402765,-1.0697926342188901,0.7104375330007049,-2.2028801146959247,-0.035771997800600475,-0.007505774066098569,-0.9479301558254225;-0.06465455144643784,0.0,0.30480003356933594;1.0,0.0,0.0,0.0
0.0;-0.9641147116675461,-0.31822329136467803,-1.0735196739391433,0.7139633699596064,-2.2040898995447145,-0.03829910412544342,-0.006989742526677351,-0.9506395325376434;-0.06773333996534348,0.0,0.30480003356933594;1.0,0.0,0.0,0.0
0.0;-0.9651794474748092,-0.32251373358659347,-1.0769944970187624,0.7172676265216477,-2.2057595008737354,-0.04031775515372689,-0.007079287584252798,-0.9528172694318162;-0.07081212848424911,0.0,0.30480003356933594;1.0,0.0,0.0,0.0
0.0;-0.96485545448832,-0.3269417513695685,-1.0800625294566455,0.720794602926831,-2.206268900054997,-0.042124035266246494,-0.007462510863514076,-0.9547876306317553;-0.07389091700315475,0.0,0.30480003356933594;1.0,0.0,0.0,0.0
0.0;-0.9651634603871989,-0.3311501428000787,-1.0836028546731085,0.7243165755522418,-2.206965302801806,-0.04365006615368481,-0.00832421606438212,-0.9564757258952001;-0.0769696980714798,0.0,0.30480003356933594;1.0,0.0,0.0,0.0
0.0;-0.9666123926801778,-0.3345888658681411,-1.0870403267826525,0.727688421115552,-2.2086095397299155,-0.044967029587693885,-0.009571334115482775,-0.9579459115330717;-0.08004849404096603,0.0,0.30480003356933594;1.0,0.0,0.0,0.0
0.0;-0.9674411842782875,-0.33756153900802505,-1.090087249689568,0.7307540469859573,-2.209569438105356,-0.04607264501407982,-0.01085374525743026,-0.9591957936653749;-0.08312728255987167,0.0,0.30480003356933594;1.0,0.0,0.0,0.0
0.0;-0.9681222501473329,-0.3402105172067287,-1.0927623663849144,0.7335714758378095,-2.210287601849931,-0.0470340356637452,-0.012152764004757918,-0.9602997915402804;-0.08620606362819672,0.0,0.30480003356933594;1.0,0.0,0.0,0.0
0.0;-0.9694440346780577,-0.3425797636016443,-1.0952556732094554,0.7362365824936168,-2.21135631783499,-0.047897938085523076,-0.013502431125626829,-0.9613114360382975;-0.08928485214710236,0.0,0.30480003356933594;1.0,0.0,0.0,0.0
0.0;-0.9717747429063152,-0.34468043548414345,-1.0977445661146028,0.7388510189327899,-2.213052521087847,-0.04867963261548193,-0.014932958431921379,-0.9622508840606275;-0.092363640666008,0.0,0.30480003356933594;1.0,0.0,0.0,0.0
0.0;-0.975099313780018,-0.3465699387156797,-1.1002320034359925,0.7414877692903491,-2.2153411212506855,-0.04936756305905861,-0.016377038681756315,-0.9631143052308679;-0.09544242173433304,0.0,0.30480003356933594;1.0,0.0,0.0,0.0
0.0;-0.9790297817204039,-0.3482838997048399,-1.1028007610461674,0.744206635224228,-2.2178659424927085,-0.05001104901117999,-0.017823226353110965,-0.9639557467092434;-0.09852121770381927,0.0,0.30480003356933594;1.0,0.0,0.0,0.0
0.0;-0.9835677689880303,-0.350068935847881,-1.1060647460445834,0.7472357499054904,-2.2206189049444514,-0.050587314465855966,-0.019709092574349,-0.9647666742002778;-0.10160000622272491,0.0,0.30480003356933594;1.0,0.0,0.0,0.0
0.0;-0.9869442249328555,-0.3517374459002585,-1.1097255901189247,0.7505415221316968,-2.222610437876151,-0.051109901937886594,-0.0220037532256545,-0.9655446431466229;-0.10467878729104996,0.0,0.30480003356933594;1.0,0.0,0.0,0.0
0.0;-0.9891769787333629,-0.35340666500165724,-1.1134193343611816,0.7539031740294374,-2.2240585711686154,-0.0516591519919441,-0.024653881209888404,-0.9663683821649643;-0.1077575832605362,0.0,0.30480003356933594;1.0,0.0,0.0,0.0
0.0;-0.9912246213206515,-0.3551320246670203,-1.11677458889748,0.7568442193187395,-2.2255752682265433,-0.052216073126810224,-0.0273899130100791,-0.9672011333074049;-0.11083637177944183,0.0,0.30480003356933594;1.0,0.0,0.0,0.0
0.0;-0.9940358552288188,-0.356952327162122,-1.1198432703255057,0.7594886981350069,-2.2274802322956537,-0.05272360877822334,-0.029856367572940745,-0.9680140129813511;-0.11391515284776688,0.0,0.30480003356933594;1.0,0.0,0.0,0.0
0.0;-0.9977005570210005,-0.35868165670491803,-1.1227964178067873,0.7619929883665899,-2.2297174050783033,-0.053247634590209245,-0.03215147414728785,-0.9688676292711978;-0.11699394881725311,0.0,0.30480003356933594;1.0,0.0,0.0,0.0
0.0;-1.001934953956476,-0.36017120082846016,-1.1257735672801734,0.7644230681053794,-2.232270630410064,-0.053802597676289206,-0.03455476989563044,-0.969756890118405;-0.12007273733615875,0.0,0.30480003356933594;1.0,0.0,0.0,0.0
0.0;-1.0065438787613377,-0.3615452664105627,-1.1288021002257518,0.7668557355292017,-2.2350245424962316,-0.05433910529042979,-0.037031107827304954,-0.9706496558621595;-0.1231515184044838,0.0,0.30480003356933594;1.0,0.0,0.0,0.0
0.0;-1.0124331186888638,-0.3634174252981223,-1.1324734606114755,0.7686897107449882,-2.239264728749077,-0.054787777820735496,-0.03944546237695373,-0.9714971404861893;-0.12623029947280884,0.0,0.30480003356933594;1.0,0.0,0.0,0.0
0.0;-1.0187883802852993,-0.36588587525923066,-1.136264011518885,0.7701928362933511,-2.2439876975048536,-0.05556525286621417,-0.04211880015693919,-0.9727141562045771;-0.12930908799171448,0.0,0.30480003356933594;1.0,0.0,0.0,0.0
0.0;-1.0248381497888794,-0.36860760828515166,-1.139973767758299,0.7718030355796002,-2.2483107304666823,-0.056735635998049,-0.04493401407251825,-0.9743786944493692;-0.13238787651062012,0.0,0.30480003356933594;1.0,0.0,0.0,0.0
0.0;-1.030263403369057,-0.3709637158138965,-1.1437058619261278,0.7739606319537431,-2.2520633545576287,-0.05802166812036014,-0.047743457871611904,-0.9762077229190442;-0.13546666502952576,0.0,0.30480003356933594;1.0,0.0,0.0,0.0
0.0;-1.0352133375335728,-0.3729315235186792,-1.1475663937006808,0.7765618767802628,-2.2553956969687543,-0.059128424533363144,-0.050498213524580254,-0.9778989529706744;-0.1385454535484314,0.0,0.30480003356933594;1.0,0.0,0.0,0.0
0.0;-1.039917839937231,-0.3747067003352716,-1.1515192346700136,0.7793258902110837,-2.2585401946919297,-0.059942259576409626,-0.05323531695347916,-0.9793287464850048;-0.14162424206733704,0.0,0.30480003356933594;1.0,0.0,0.0,0.0
0.0;-1.0445610813976192,-0.3764220390261133,-1.155484073687718,0.7820554623777638,-2.2616205933788307,-0.0605225280110156,-0.05600339807367163,-0.9805480575230889;-0.14470303058624268,0.0,0.30480003356933594;1.0,0.0,0.0,0.0
0.0;-1.0492395857626802,-0.37810101300777366,-1.1593975164510788,0.7846928005173576,-2.264663748978325,-0.06098632857797434,-0.05882781798928094,-0.9816704365094456;-0.14778181910514832,0.0,0.30480003356933594;1.0,0.0,0.0,0.0
0.0;-1.053975010699198,-0.3797234738617435,-1.1632349535717657,0.7872510166502632,-2.2676563922984476,-0.06141615259398658,-0.061716838549621865,-0.9827783180185748;-0.15086060762405396,0.0,0.30480003356933594;1.0,0.0,0.0,0.0
0.0;-1.0587498081650897,-0.3812791721672892,-1.167002648001518,0.7897506684769452,-2.2705833449241886,-0.061836652997109734,-0.06467311357137964,-0.9838978031865033;-0.1539393812417984,0.0,0.30480003356933594;1.0,0.0,0.0,0.0
0.0;-1.0635377803898,-0.38277460052975454,-1.170719499587931,0.7922000480096137,-2.273439251562998,-0.06223776224035878,-0.0676991732121103,-0.9850203055580642;-0.15701818466186523,0.0,0.30480003356933594;1.0,0.0,0.0,0.0
0.0;-1.0683202605796192,-0.3842197038102442,-1.1744034150257805,0.7946003148244117,-2.2762253048936474,-0.06260384153375251,-0.07079708627105195,-0.9861311856534376;-0.16009697318077087,0.0,0.30480003356933594;1.0,0.0,0.0,0.0
0.0;-1.0730894592667453,-0.38561928769937537,-1.17806608766399,0.796952184824026,-2.2789442951969514,-0.06292801456731566,-0.07396760361095125,-0.9872241020876718;-0.1631757616996765,0.0,0.30480003356933594;1.0,0.0,0.0,0.0
0.0;-1.077844946286838,-0.38697367497509555,-1.1817135741994298,0.7992570800987225,-2.2815986992114756,-0.06321219182799157,-0.0772105377521853,-0.988301195134459;-0.16625455021858215,0.0,0.30480003356933594;1.0,0.0,0.0,0.0
0.0;-1.0825889890185596,-0.3882825203535237,-1.1853489692227148,0.8015157793114026,-2.284190702130392,-0.06346171803026252,-0.08052553352402694,-0.9893678907796554;-0.1693333387374878,0.0,0.30480003356933594;1.0,0.0,0.0,0.0
0.0;-1.0873235842538673,-0.3895468072153921,-1.1889746673152561,0.803727921315254,-2.2867224352260975,-0.06368129033134877,-0.08391241122175816,-0.9904289360219203;-0.17241211235523224,0.0,0.30480003356933594;1.0,0.0,0.0,0.0
0.0;-1.0920495176872784,-0.39076851950907754,-1.1925933999066098,0.8058927139470148,-2.2891958861565924,-0.06387378494902647,-0.08737107742282803,-0.9914872871999079;-0.17549091577529907,0.0,0.30480003356933594;1.0,0.0,0.0,0.0
0.0;-1.0967665921780418,-0.3919496480100747,-1.1962082946743018,0.8080097341746783,-2.2916126989539563,-0.06404079336771505,-0.09090135453952256,-0.9925446556915685;-0.1785697042942047,0.0,0.30480003356933594;1.0,0.0,0.0,0.0
0.0;-1.1014741873976874,-0.3930916985726356,-1.1998225364388606,0.8100791276998436,-2.293974123007407,-0.06418342799341263,-0.09450294942957181,-0.9936022875584087;-0.18164849281311035,0.0,0.30480003356933594;1.0,0.0,0.0,0.0
0.0;-1.1061716559620256,-0.3941957800576883,-1.2034390321150092,0.8121013259188852,-2.296281101725998,-0.06430276843507976,-0.09817553266846639,-0.9946613692587032;-0.184727281332016,0.0,0.30480003356933594;1.0,0.0,0.0,0.0
0.0;-1.1108584918375286,-0.395262870442807,-1.2070602620028925,0.8140767235482198,-2.298534388368037,-0.06439995633682515,-0.10191881789144254,-0.9957230969668528;-0.18780606985092163,0.0,0.30480003356933594;1.0,0.0,0.0,0.0
0.0;-1.115534342726944,-0.39629396405138173,-1.2106882895284967,0.8160055530093094,-2.300734613783963,-0.06447614410030544,-0.10573258675369276,-0.9967886196067982;-0.19088484346866608,0.0,0.30480003356933594;1.0,0.0,0.0,0.0
0.0;-1.120198984417985,-0.39729006588679344,-1.2143248522289318,0.8178879315887041,-2.302882308022504,-0.06453243433339148,-0.10961667623943491,-0.9978589854592311;-0.1939636617898941,0.0,0.30480003356933594;1.0,0.0,0.0,0.0
0.0;-1.1248522499558058,-0.3982521403195249,-1.2179714301456828,0.8197239439550763,-2.3049778849959295,-0.06456985256896978,-0.11357095314801088,-0.998935120642338;-0.19704245030879974,0.0,0.30480003356933594;1.0,0.0,0.0,0.0
0.0;-1.1294940126282476,-0.3991810774918398,-1.2216293040436312,0.8215136985695877,-2.307021639398924,-0.0645893408861682,-0.11759530419158137,-1.0000178284341752;-0.20012123882770538,0.0,0.30480003356933594;1.0,0.0,0.0,0.0
0.0;-1.1341241748103168,-0.4000776932568427,-1.2252995775110793,0.8232573357998326,-2.3090137556263035,-0.06459176496784139,-0.12168963916214094,-1.0011077957518997;-0.20320002734661102,0.0,0.30480003356933594;1.0,0.0,0.0,0.0
0.0;-1.139567580500189,-0.4002614952553187,-1.2290621790943865,0.8252886149044253,-2.311331769694788,-0.0645031707588086,-0.1256377906405886,-1.0020916913397184;-0.20627880096435547,0.0,0.30480003356933594;1.0,0.0,0.0,0.0
0.0;-1.1453164238107618,-0.4002337373399143,-1.2327989968070858,0.8272669014259894,-2.3138218127412107,-0.06422286270661991,-0.12949813291583262,-1.002879260237375;-0.2093575894832611,0.0,0.30480003356933594;1.0,0.0,0.0,0.0
0.0;-1.1489502054594463,-0.40101429583521836,-1.2354043910380474,0.8284110773290384,-2.315309100768367,-0.06407120665300772,-0.13273772182796068,-1.0036679004801479;-0.21243637800216675,0.0,0.30480003356933594;1.0,0.0,0.0,0.0
0.0;-1.1515141863287437,-0.40253228068744157,-1.237831174540863,0.8292610828347811,-2.316117707384745,-0.06394566471615708,-0.1361466994402091,-1.0046238476507174;-0.21551518142223358,0.0,0.30480003356933594;1.0,0.0,0.0,0.0
0.0;-1.1540756597648154,-0.40405319229174114,-1.2405238013804865,0.8303859175919984,-2.316883365927855,-0.06390311188135604,-0.13994199760871795,-1.0058172085934831;-0.21859395503997803,0.0,0.30480003356933594;1.0,0.0,0.0,0.0
0.0;-1.157201779735491,-0.4052060972922386,-1.2436202719064744,0.8317774570071521,-2.3177501929881648,-0.06395013173340754,-0.14400285665704166,-1.0071351892413825;-0.22167274355888367,0.0,0.30480003356933594;1.0,0.0,0.0,0.0
0.0;-1.1610059939195327,-0.4061158065389226,-1.2471153259909575,0.8333097185983839,-2.3187564854435614,-0.06395890282497181,-0.14826111996232655,-1.008461210292281;-0.2247515171766281,0.0,0.30480003356933594;1.0,0.0,0.0,0.0
0.0;-1.165240825937008,-0.4069288394383438,-1.2508096315767783,0.8347848799981915,-2.319876185890383,-0.0639128872140955,-0.15270855093353564,-1.0097347948007094;-0.22783030569553375,0.0,0.30480003356933594;1.0,0.0,0.0,0.0
0.0;-1.170205326280907,-0.40769732794677627,-1.2547570826823502,0.8361201468811642,-2.321374616950396,-0.06383849858488215,-0.15733840297490007,-1.010970369708915;-0.2309090942144394,0.0,0.30480003356933594;1.0,0.0,0.0,0.0
0.0;-1.1768452746222684,-0.40774977213376623,-1.2593333564726041,0.8376531219866199,-2.323777659083718,-0.06372143062449193,-0.16246351331230524,-1.0120682119790738;-0.23398789763450623,0.0,0.30480003356933594;1.0,0.0,0.0,0.0
0.0;-1.183985742457944,-0.40766360473206664,-1.2643026828795474,0.8394638973196162,-2.326844484481314,-0.06333422257777675,-0.16792869588138917,-1.0130761921527718;-0.23706668615341187,0.0,0.30480003356933594;1.0,0.0,0.0,0.0
0.0;-1.1909019873504718,-0.40777917935208025,-1.2693591905736417,0.8411291003914251,-2.32977224298182,-0.06290166050884177,-0.1736792687278998,-1.0141090574486917;-0.2401454746723175,0.0,0.30480003356933594;1.0,0.0,0.0,0.0
0.0;-1.197112065558293,-0.4081727600173511,-1.2742547876995591,0.8426416920183409,-2.3323364164860014,-0.062480301818462675,-0.17954776104351736,-1.0152468159576737;-0.24322424829006195,0.0,0.30480003356933594;1.0,0.0,0.0,0.0
0.0;-1.2026243921692532,-0.4087035378599619,-1.278883166067897,0.8440279558695066,-2.334529677500698,-0.062158153592305095,-0.1854200030198791,-1.016512707287381;-0.2463030368089676,0.0,0.30480003356933594;1.0,0.0,0.0,0.0
0.0;-1.2076411561260918,-0.40925916103141957,-1.2832914012753882,0.8453470624967537,-2.3364432168736937,-0.061911515223760455,-0.19119143180360038,-1.0178668761404794;-0.24938182532787323,0.0,0.30480003356933594;1.0,0.0,0.0,0.0
0.0;-1.2122836814032738,-0.4098399541366517,-1.2875198622764759,0.8466658214537242,-2.338191950139804,-0.061610781696999635,-0.19667920110006282,-1.019237123396726;-0.25246062874794006,0.0,0.30480003356933594;1.0,0.0,0.0,0.0
0.0;-1.2169053458489554,-0.4103883143635565,-1.2916336641950115,0.847855411698774,-2.339937401487382,-0.0612910713727052,-0.20199579560389458,-1.0205299642288108;-0.2555394172668457,0.0,0.30480003356933594;1.0,0.0,0.0,0.0
0.0;-1.2219316430813254,-0.4108399723427624,-1.296029870537257,0.849005647988231,-2.3415719892267837,-0.0611381007502571,-0.20781642356181418,-1.0219900479090462;-0.25861820578575134,0.0,0.30480003356933594;1.0,0.0,0.0,0.0
0.0;-1.2257549501175256,-0.4115132721351335,-1.300437409375387,0.8503192854415368,-2.3426157159544703,-0.06084238346954199,-0.21353672386942463,-1.0234619850686122;-0.261696994304657,0.0,0.30480003356933594;1.0,0.0,0.0,0.0
0.0;-1.2290328716116516,-0.41222219703975965,-1.3045363362176614,0.8515110197542087,-2.3435473941918543,-0.060473533608427485,-0.21898108052300763,-1.0247579554391901;-0.2647757828235626,0.0,0.30480003356933594;1.0,0.0,0.0,0.0
0.0;-1.2325587206948878,-0.41275558412179936,-1.3087905743429487,0.8528951752307244,-2.34412476889384,-0.060234195502849024,-0.22448698665712613,-1.026272419253346;-0.26785457134246826,0.0,0.30480003356933594;1.0,0.0,0.0,0.0
0.0;-1.2362735574053025,-0.41325367602102564,-1.3127196001284525,0.8540577084176311,-2.3451345510508776,-0.060021805447557294,-0.2299731440116048,-1.0276545439264624;-0.2709333598613739,0.0,0.30480003356933594;1.0,0.0,0.0,0.0
0.0;-1.240248842363023,-0.41379106988252656,-1.316606996373397,0.8549582275440852,-2.3460326211707443,-0.059794220584214,-0.23527019562333165,-1.0289222877668187;-0.27401214838027954,0.0,0.30480003356933594;1.0,0.0,0.0,0.0
0.0;-1.2444791273279634,-0.4143074681879659,-1.3205201661106876,0.8556589878721143,-2.346969023386444,-0.0596022335329376,-0.24058568621569043,-1.0301269949522878;-0.2770909368991852,0.0,0.30480003356933594;1.0,0.0,0.0,0.0
0.0;-1.2493132715488806,-0.41446963118471464,-1.3244308380138126,0.8563911074720393,-2.348276283307026,-0.05944811730610383,-0.24601364207904503,-1.0312143180137487;-0.2801697254180908,0.0,0.30480003356933594;1.0,0.0,0.0,0.0
0.0;-1.2544697246601657,-0.4145394119738032,-1.328496630841499,0.8570771318986409,-2.3498033002388614,-0.059232490346171805,-0.25167137420328484,-1.0322191742507763;-0.28324851393699646,0.0,0.30480003356933594;1.0,0.0,0.0,0.0
0.0;-1.259661438934672,-0.41461402374214196,-1.3327706105360368,0.8577894497165385,-2.351126389155932,-0.05922121171952653,-0.25830302355436646,-1.033549255413974;-0.2863273024559021,0.0,0.30480003356933594;1.0,0.0,0.0,0.0
0.0;-1.2651991127468936,-0.4144054524845151,-1.3368943962435873,0.8585000786800268,-2.3523828176795454,-0.05922877892925709,-0.26486117329184167,-1.0346504278288267;-0.28940609097480774,0.0,0.30480003356933594;1.0,0.0,0.0,0.0
0.0;-1.2712517158484526,-0.4145211571804091,-1.3415573194391919,0.8587987183333279,-2.353643609144317,-0.05876258969863095,-0.2712359913755033,-1.0352661282012317;-0.2924848794937134,0.0,0.30480003356933594;1.0,0.0,0.0,0.0
0.0;-1.2762961067460747,-0.41445252229306473,-1.345863481146077,0.8594022291331734,-2.3551218440793273,-0.058328219907678065,-0.2773060939547271,-1.0360662723111875;-0.295563668012619,0.0,0.30480003356933594;1.0,0.0,0.0,0.0
0.0;-1.2804739912040952,-0.41435783366494355,-1.3499834050477988,0.8601342927780035,-2.3561279132464508,-0.05799208039452921,-0.2829559637407385,-1.0371190365782728;-0.29864245653152466,0.0,0.30480003356933594;1.0,0.0,0.0,0.0
0.0;-1.2846406864715332,-0.4140923562186018,-1.354249963385416,0.8610417655009692,-2.356817115766962,-0.05785301197852702,-0.2887383713292792,-1.0384753561951217;-0.3017212450504303,0.0,0.30480003356933594;1.0,0.0,0.0,0.0
0.0;-1.288604003006881,-0.41408770570250164,-1.3582431662128427,0.8616413216334631,-2.357746279653947,-0.05762312283675646,-0.2944711428560302,-1.0396625475292678;-0.30480003356933594,0.0,0.30480003356933594;1.0,0.0,0.0,0.0
0.0;-1.2918447226680327,-0.4138427991777632,-1.3617424417799613,0.8624630945709186,-2.3582151181009205,-0.05717797365504326,-0.29977620734859306,-1.040578916322115;-0.30480003356933594,0.0,0.3017822206020355;1.0,0.0,0.0,0.0
0.0;-1.294250724372157,-0.4130798916517618,-1.364592108309793,0.8637377424817243,-2.3581049070716453,-0.05637641504842575,-0.3044784400838875,-1.040982564083288;-0.30480003356933594,0.0,0.2987643778324127;1.0,0.0,0.0,0.0
0.0;-1.295839043404222,-0.4116725366664121,-1.3665476432883519,0.8656325017807047,-2.3574892813091837,-0.055262481472507945,-0.30857626678681477,-1.040945951106597;-0.30480003356933594,0.0,0.2957465648651123;1.0,0.0,0.0,0.0
0.0;-1.2967670454777909,-0.40978858390706396,-1.3677661824842058,0.8679643148234534,-2.3562986897084675,-0.053794638585763395,-0.31224630553830746,-1.0403951703515555;-0.30480003356933594,0.0,0.2927287518978119;1.0,0.0,0.0,0.0
0.0;-1.2972802728471589,-0.40766523570073687,-1.3683048775954931,0.8704696946133923,-2.354758749744964,-0.05199515880952524,-0.31557026974654184,-1.0392990540186084;-0.30480003356933594,0.0,0.2897109389305115;1.0,0.0,0.0,0.0
0.0;-1.2976891858611854,-0.4054067864480372,-1.368222780534883,0.8730295764298633,-2.352981911664627,-0.04991684442186126,-0.31851494376121275,-1.0376940343322905;-0.30480003356933594,0.0,0.28669309616088867;1.0,0.0,0.0,0.0
0.0;-1.2981451553539953,-0.40302030245558934,-1.367576467876879,0.8756270805279056,-2.351013600641497,-0.04766302431649171,-0.3211018369280676,-1.0356875335826485;-0.30480003356933594,0.0,0.28367528319358826;1.0,0.0,0.0,0.0
0.0;-1.298723524193406,-0.40049933891329487,-1.3664155952230699,0.8782746027441493,-2.3488980802562085,-0.04529397735798674,-0.3233413139471409,-1.0333585106347345;-0.30480003356933594,0.0,0.28065747022628784;1.0,0.0,0.0,0.0
0.0;-1.299292661104832,-0.3980325528513255,-1.3645530300887567,0.8807551557647176,-2.3465161953550533,-0.04290920545735272,-0.3254276570265184,-1.0307208338674316;-0.30480003356933594,0.0,0.27763962745666504;1.0,0.0,0.0,0.0
0.0;-1.2999826045098328,-0.39539507195274654,-1.3624375094439407,0.8833357527288537,-2.3438649720834515,-0.04054436445675581,-0.327246652729034,-1.027976220797999;-0.30480003356933594,0.0,0.2746218144893646;1.0,0.0,0.0,0.0
0.0;-1.3006077740885607,-0.39252910285448717,-1.3600769624370757,0.8861204197532246,-2.341383428135856,-0.03809187207934227,-0.3288806625575896,-1.0250881502323854;-0.30480003356933594,0.0,0.2716040015220642;1.0,0.0,0.0,0.0
0.0;-1.3012772877576,-0.3895918151881619,-1.3574839643580883,0.888916015102826,-2.3386154113943975,-0.03558371234827186,-0.3303839342422294,-1.022021099168409;-0.30480003356933594,0.0,0.2685861587524414;1.0,0.0,0.0,0.0
0.0;-1.3019279345519992,-0.38665924177606004,-1.3546752085488474,0.8916590546573345,-2.3355404090867418,-0.032993604446286934,-0.33185031712684365,-1.0187578554945018;-0.30480003356933594,0.0,0.265568345785141;1.0,0.0,0.0,0.0
0.0;-1.3025268447326805,-0.3836440079310601,-1.351547364888351,0.8944461860938273,-2.332425460801907,-0.030332909613769027,-0.3333447525589147,-1.0153160350911379;-0.30480003356933594,0.0,0.2625505328178406;1.0,0.0,0.0,0.0
0.0;-1.3031204057757704,-0.3805850664966961,-1.3481974031581994,0.8972259148813816,-2.3291460736611307,-0.02764428114441176,-0.33482191317516813,-1.0117420246439097;-0.30480003356933594,0.0,0.2595326900482178;1.0,0.0,0.0,0.0
0.0;-1.30373700725987,-0.3775504624988836,-1.3447389034927097,0.8999326930017231,-2.3257522764198133,-0.024981931004000226,-0.33626174407703674,-1.0081139126788228;-0.30480003356933594,0.0,0.25651487708091736;1.0,0.0,0.0,0.0
0.0;-1.3043904402395623,-0.37452753002017136,-1.3412578766940395,0.9025849625588903,-2.322288979402377,-0.022380443165816437,-0.33769966078600966,-1.0044935825734136;-0.30480003356933594,0.0,0.25349706411361694;1.0,0.0,0.0,0.0
0.0;-1.305163774457646,-0.37111368736072475,-1.3373739142830023,0.9055505542047426,-2.318411800997748,-0.019570358334734937,-0.33933425603676515,-1.0005175860307691;-0.30480003356933594,0.0,0.25047922134399414;1.0,0.0,0.0,0.0
0.0;-1.3058770339319865,-0.3676937547072361,-1.3331455583911218,0.9084572291173054,-2.3142067526044507,-0.016752860365486667,-0.34109867497230173,-0.9963879139469684;-0.30480003356933594,0.0,0.24746140837669373;1.0,0.0,0.0,0.0
0.0;-1.3063374240882304,-0.3642591752784124,-1.3284854205127603,0.9113666062012015,-2.3107224069855006,-0.014076186466055927,-0.34287569212725666,-0.9923316378607745;-0.30480003356933594,0.0,0.2444435954093933;1.0,0.0,0.0,0.0
0.0;-1.3069937834800356,-0.36110061993863024,-1.324265811625509,0.9139058125671451,-2.3064048503678967,-0.011429375120512746,-0.34436371669952587,-0.9882546387094392;-0.30480003356933594,0.0,0.2414257824420929;1.0,0.0,0.0,0.0
0.0;-1.3074523274945107,-0.3577023986518795,-1.3197280153953996,0.9166820331019812,-2.302375276892472,-0.008701128570419542,-0.3458356105431706,-0.9840668679864488;-0.30480003356933594,0.0,0.2384079545736313;1.0,0.0,0.0,0.0
0.0;-1.3078801876432948,-0.3541952259850017,-1.3150519890916799,0.919529325924497,-2.2984234995887123,-0.005917759050497395,-0.3472120311831974,-0.9797753379819301;-0.30480003356933594,0.0,0.23539012670516968;1.0,0.0,0.0,0.0
0.0;-1.3083702886490503,-0.35067359822678523,-1.3103304218979301,0.9223200070438233,-2.2942306309181593,-0.0031053138065308145,-0.34851857091073607,-0.9753745677561653;-0.30480003356933594,0.0,0.23237231373786926;1.0,0.0,0.0,0.0
0.0;-1.3089248484183809,-0.34718948337648026,-1.3055857227886962,0.9249976248904473,-2.2896998131374877,-0.00032197197716441546,-0.3498248452035625,-0.970918601479558;-0.30480003356933594,0.0,0.22935448586940765;1.0,0.0,0.0,0.0
0.0;-1.3094905453624586,-0.3437590013868363,-1.3007860827008075,0.9275631290706196,-2.2849069118704186,0.0023875440504955267,-0.3512103651652868,-0.9664654882183691;-0.30480003356933594,0.0,0.22633665800094604;1.0,0.0,0.0,0.0
0.0;-1.310026607258624,-0.3403833582072533,-1.2958799225883217,0.9300359980835574,-2.279960417834988,0.005017119103260096,-0.3526977254133064,-0.9620323539140857;-0.30480003356933594,0.0,0.22331884503364563;1.0,0.0,0.0,0.0
0.0;-1.3105269372149657,-0.33703842621984864,-1.2908981161456654,0.9324478074368999,-2.274885639649204,0.0075761180364605826,-0.3542959115782077,-0.957627304932938;-0.30480003356933594,0.0,0.22030103206634521;1.0,0.0,0.0,0.0
0.0;-1.3110007432429447,-0.3337081766667939,-1.2858866302193361,0.9348160951533456,-2.26967905107544,0.010081014109210716,-0.35600391655035624,-0.9532463945288558;-0.30480003356933594,0.0,0.2172831892967224;1.0,0.0,0.0,0.0
0.0;-1.3114557477616637,-0.3303894512812135,-1.2808731057055658,0.9371444318208368,-2.264341952919928,0.01254517420099969,-0.3578215315673604,-0.9488819408720344;-0.30480003356933594,0.0,0.214265376329422;1.0,0.0,0.0,0.0
0.0;-1.3118949308441274,-0.3270846333670568,-1.275865463425449,0.9394309987983157,-2.258884808413522,0.014974617328288961,-0.35975045682473933,-0.9445291674971347;-0.30480003356933594,0.0,0.2112475484609604;1.0,0.0,0.0,0.0
0.0;-1.3123195845796807,-0.3237957540799047,-1.270862688938067,0.9416741875313056,-2.2533197156961613,0.01736961330294533,-0.36179071591283846,-0.9401873210896372;-0.30480003356933594,0.0,0.20822972059249878;1.0,0.0,0.0,0.0
0.0;-1.312731395146644,-0.32052323166329144,-1.265863146119196,0.9438736958091409,-2.247655272018844,0.019728251957527844,-0.3639389867707776,-0.9358576653105823;-0.30480003356933594,0.0,0.20521190762519836;1.0,0.0,0.0,0.0
0.0;-1.3131321709958408,-0.31726687841513646,-1.2608670217144546,0.9460297650235571,-2.2418965986006634,0.022048940570187713,-0.3661897872058868,-0.93154149617433;-0.30480003356933594,0.0,0.20219410955905914;1.0,0.0,0.0,0.0
0.0;-1.3135229273442386,-0.3140267538691368,-1.2558755741607133,0.9481425972380046,-2.2360473813898922,0.024331117524490787,-0.36853735376913793,-0.9272394180376691;-0.30480003356933594,0.0,0.19917626678943634;1.0,0.0,0.0,0.0
0.0;-1.3139036330031075,-0.3108032727376963,-1.250890064961547,0.9502122917938837,-2.2301112400062872,0.026574903550016928,-0.3709766265040285,-0.9229515351744266;-0.30480003356933594,0.0,0.19615845382213593;1.0,0.0,0.0,0.0
0.0;-1.3142736090463627,-0.307596930380665,-1.2459113935862811,0.9522389921759293,-2.2240919002003996,0.028780584958804756,-0.37350325638706716,-0.9186778342819578;-0.30480003356933594,0.0,0.1931406408548355;1.0,0.0,0.0,0.0
0.0;-1.31463202377998,-0.3044081167096946,-1.240940190864492,0.954222935083982,-2.2179928918606553,0.030948342304111767,-0.3761132730307055,-0.9144183765823707;-0.30480003356933594,0.0,0.1901228129863739;1.0,0.0,0.0,0.0
0.0;-1.314978141718095,-0.301237116468489,-1.2359769586945288,0.9561643918458373,-2.2118173628709688,0.033078221864663145,-0.3788028676987605,-0.9101732955302739;-0.30480003356933594,0.0,0.1871049851179123;1.0,0.0,0.0,0.0
0.0;-1.3153113371039884,-0.2980841757470874,-1.2310221130745969,0.95806361155925,-2.2055681071215405,0.03517020698693626,-0.3815683613820179,-0.9059427285514929;-0.30480003356933594,0.0,0.18408717215061188;1.0,0.0,0.0,0.0
0.0;-1.3156310239660225,-0.2949495331618306,-1.2260759747463164,0.959920820501071,-2.1992476662508333,0.03722428594721579,-0.38440624787534783,-0.9017267684688403;-0.30480003356933594,0.0,0.18106935918331146;1.0,0.0,0.0,0.0
0.0;-1.315936609726792,-0.2918334124204238,-1.221138766104436,0.9617362499048706,-2.192858401527539,0.03924048416590631,-0.3873132239483135,-0.8975254499782822;-0.30480003356933594,0.0,0.17805153131484985;1.0,0.0,0.0,0.0
0.0;-1.316227493295502,-0.2887360095327083,-1.2162106272480284,0.9635101535695471,-2.1864025230050412,0.04121886827836267,-0.39028618827163075,-0.8933387556452692;-0.30480003356933594,0.0,0.17503370344638824;1.0,0.0,0.0,0.0
0.0;-1.3165030833454068,-0.28565748306906646,-1.2112916384892451,0.965242814338336,-2.179882092174942,0.04315954056760233,-0.39332222341380424,-0.8891666250302083;-0.30480003356933594,0.0,0.17201587557792664;1.0,0.0,0.0,0.0
0.0;-1.3167628136481448,-0.2825979546933011,-1.206381834897306,0.9669345399469164,-2.1732990257882956,0.04506263282122398,-0.39641857980994333,-0.8850089607531461;-0.30480003356933594,0.0,0.16899804770946503;1.0,0.0,0.0,0.0
0.0;-1.3170061491472786,-0.2795575176197995,-1.2014812117492033,0.9685856533256403,-2.166655109765095,0.046928301059911616,-0.3995726667682299,-0.8808656327602072;-0.30480003356933594,0.0,0.1659802347421646;1.0,0.0,0.0,0.0
0.0;-1.3172325849010655,-0.27653623526752835,-1.1965897278883892,0.9701964941595642,-2.1599520058951347,0.0487567241377754,-0.4027820439220124,-0.8767364807899227;-0.30480003356933594,0.0,0.162962406873703;1.0,0.0,0.0,0.0
0.0;-1.3174416441158914,-0.2735341520657003,-1.191707307036788,0.9717674092030495,-2.1531912702261047,0.050548099995452435,-0.4060444165565945,-0.8726213179467214;-0.30480003356933594,0.0,0.1599445939064026;1.0,0.0,0.0,0.0
0.0;-1.3176328760318785,-0.27055128911069737,-1.1868338433782626,0.9732987570958082,-2.1463743549582084,0.0523026448582836,-0.40935762559567634,-0.8685199336808438;-0.30480003356933594,0.0,0.15692676603794098;1.0,0.0,0.0,0.0
0.0;-1.317805854849457,-0.26758765238178484,-1.18196920508924,0.974790900933849,-2.1395026214965425,0.054020589815113595,-0.4127196411765021,-0.8644320974963161;-0.30480003356933594,0.0,0.15390895307064056;1.0,0.0,0.0,0.0
0.0;-1.317960177519283,-0.2646432253720793,-1.177113239921744,0.9762442158274851,-2.132577337044725,0.05570218115451974,-0.4161285521350924,-0.8603575608791654;-0.30480003356933594,0.0,0.15089111030101776;1.0,0.0,0.0,0.0
0.0;-1.3180954629388437,-0.2617179845858088,-1.1722657760674347,0.9776590744460663,-2.125599694184806,0.057347675457938375,-0.41958256286849577,-0.8562960610571668;-0.30480003356933594,0.0,0.14787329733371735;1.0,0.0,0.0,0.0
0.0;-1.3182113500452166,-0.2588118897198201,-1.1674266277599046,0.979035856838155,-2.118570805006203,0.05895733981340895,-0.42307998275961617,-0.8522473233232531;-0.30480003356933594,0.0,0.14485546946525574;1.0,0.0,0.0,0.0
0.0;-1.3183074960878824,-0.25592489122665596,-1.1625955963099306,0.980374943733859,-2.1114917121149337,0.060531449307680674,-0.4266192218559825,-0.8482110632790361;-0.30480003356933594,0.0,0.14183765649795532;1.0,0.0,0.0,0.0
0.0;-1.3183835743972614,-0.25305692617939834,-1.1577724729028647,0.9816767209563279,-2.10436338721326,0.062070287206550896,-0.43019878334256395,-0.8441869879051666;-0.30480003356933594,0.0,0.1388198286294937;1.0,0.0,0.0,0.0
0.0;-1.3184392728924639,-0.2502079246064781,-1.152957038930013,0.9829415737502805,-2.0971867399988655,0.06357414296033166,-0.4338172596932692,-0.8401747970609067;-0.30480003356933594,0.0,0.1358020007610321;1.0,0.0,0.0,0.0
0.0;-1.318474293566984,-0.2473778135017568,-1.1481490677350588,0.9841698831690339,-2.0899626252991657,0.06504330965949986,-0.4374733278592452,-0.8361741860708699;-0.30480003356933594,0.0,0.1327841877937317;1.0,0.0,0.0,0.0
0.0;-1.3184883509348189,-0.2445665099638228,-1.1433483278079823,0.9853620329128725,-2.0826918386213653,0.06647808448336771,-0.44116574165666694,-0.8321848468432922;-0.30480003356933594,0.0,0.12976635992527008;1.0,0.0,0.0,0.0
0.0;-1.3184811713044498,-0.2417739314520746,-1.1385545824583612,0.9865183999985355,-2.0753751293757734,0.06787876571851482,-0.44489332996567044,-0.8282064698599361;-0.30480003356933594,0.0,0.12674856185913086;1.0,0.0,0.0,0.0
0.0;-1.31845249022761,-0.23899998144218973,-1.1337675931237785,0.9876393687266422,-2.0680131875650494,0.06924565590840256,-0.4486549877947673,-0.8242387433790397;-0.30480003356933594,0.0,0.12373071908950806;1.0,0.0,0.0,0.0
0.0;-1.3184020522476503,-0.23624456906106323,-1.1289871161549407,0.9887253124220482,-2.0606066660637588,0.07057905731573552,-0.45244967840384176,-0.8202813551506819;-0.30480003356933594,0.0,0.12071290612220764;1.0,0.0,0.0,0.0
0.0;-1.3183296103174225,-0.23350759882416353,-1.1242129067024658,0.9897766031704391,-2.053156172319466,0.0718792726423559,-0.45627642536418955,-0.8163339936712278;-0.30480003356933594,0.0,0.11769507825374603;1.0,0.0,0.0,0.0
0.0;-1.3182349251325984,-0.23078897482040694,-1.119444718869448,0.9907936081714601,-2.0456622747931976,0.07314660359814541,-0.46013431003033023,-0.8123963492824512;-0.30480003356933594,0.0,0.11467725783586502;1.0,0.0,0.0,0.0
0.0;-1.3181177643477138,-0.22808860068174192,-1.114682306764526,0.9917766900690561,-2.0381255049497655,0.07438135041632826,-0.464022467803522,-0.8084681150105315;-0.30480003356933594,0.0,0.1116594448685646;1.0,0.0,0.0,0.0
0.0;-1.3179779010778103,-0.22540637562415142,-1.1099254253832889,0.9927262109928349,-2.0305463543281315,0.07558381291718531,-0.4679400836766659,-0.8045489861846461;-0.30480003356933594,0.0,0.108641617000103;1.0,0.0,0.0,0.0
0.0;-1.317815113508977,-0.22274220260445937,-1.105173829305871,0.9936425251529774,-2.0229252846094563,0.07675428858315378,-0.47188639183934294,-0.8006386611603568;-0.30480003356933594,0.0,0.10562380403280258;1.0,0.0,0.0,0.0
0.0;-1.3176291841798802,-0.22009598222451726,-1.1004272744084385,0.9945259846180036,-2.0152627225474338,0.07789307339457664,-0.47586067059309917,-0.7967368414846111;-0.30480003356933594,0.0,0.10260597616434097;1.0,0.0,0.0,0.0
0.0;-1.3174198999402762,-0.21746761931360253,-1.095685517101844,0.9953769333329165,-2.007559068581376,0.079000459944534,-0.47986224170767516,-0.7928432328656881;-0.30480003356933594,0.0,0.09958816319704056;1.0,0.0,0.0,0.0
0.0;-1.3171870511549082,-0.21485701651369069,-1.090948315978089,0.9961957132183373,-1.9998146912955161,0.08007673854259814,-0.48389046562775817,-0.7889575451452601;-0.30480003356933594,0.0,0.09657033532857895;1.0,0.0,0.0,0.0
0.0;-1.3169304307931797,-0.21226407644864456,-1.0862154308804581,0.996982662370981,-1.9920299304399927,0.08112219709936143,-0.48794474010278543,-0.7850794918951909;-0.30480003356933594,0.0,0.09355249255895615;1.0,0.0,0.0,0.0
0.0;-1.3166498352112899,-0.20968871132930242,-1.0814866221438915,0.997738106239316,-1.9842051091933812,0.08213711814572375,-0.49202450081780785,-0.781208792151479;-0.30480003356933594,0.0,0.09053467959165573;1.0,0.0,0.0,0.0
0.0;-1.316345063699036,-0.2071308315056099,-1.076761654000674,0.998462368288531,-1.9763405235777376,0.0831217806324483,-0.4961292149665803,-0.7773451707680079;-0.30480003356933594,0.0,0.08751685917377472;1.0,0.0,0.0,0.0
0.0;-1.3160159169938672,-0.20459034504333515,-1.0720402936731548,0.9991557707408038,-1.9684364422508949,0.08407646096309518,-0.5002583796000588,-0.7734883572315515;-0.30480003356933594,0.0,0.08449902385473251;1.0,0.0,0.0,0.0
0.0;-1.3156621973792695,-0.20206716793954058,-1.067322309295311,0.9998186253323008,-1.960493118511175,0.08500143077169134,-0.5044115233529854,-0.769638086188134;-0.30480003356933594,0.0,0.0814812108874321;1.0,0.0,0.0,0.0
0.0;-1.3152837083201239,-0.19956121529668291,-1.0626074720110443,1.0004512413526847,-1.9525107817031848,0.08589695840284553,-0.5085882014662042,-0.7657940973533739;-0.30480003356933594,0.0,0.07846338301897049;1.0,0.0,0.0,0.0
0.0;-1.31488025456445,-0.19707240747098262,-1.057895554847933,1.0010539201186408,-1.944489644947357,0.08676330740500159,-0.5127879963124985,-0.761956136010069;-0.30480003356933594,0.0,0.07544557005167007;1.0,0.0,0.0,0.0
0.0;-1.3144516415223761,-0.194600664060261,-1.0531863338019896,1.0016269605103905,-1.9364298992576034,0.08760073782557982,-0.5170105138097906,-0.7581239525853819;-0.30480003356933594,0.0,0.07242774218320847;1.0,0.0,0.0,0.0
0.0;-1.3139976753657352,-0.19214591079638993,-1.0484795864994836,1.0021706528129721,-1.9283317219824505,0.08840950465028337,-0.5212553844672195,-0.7542973030658296;-0.30480003356933594,0.0,0.06940992921590805;1.0,0.0,0.0,0.0
0.0;-1.3135181627282606,-0.18970807432245904,-1.0437750934780634,1.00268528347832,-1.920195271950212,0.08918985873535858,-0.5255222601128219,-0.7504759489247766;-0.30480003356933594,0.0,0.06639210879802704;1.0,0.0,0.0,0.0
0.0;-1.3130129102217751,-0.18728708303153743,-1.039072637581835,1.0031711344713135,-1.9120206907681747,0.08994204688019787,-0.5298108131227789,-0.7466596567297906;-0.30480003356933594,0.0,0.06337428092956543;1.0,0.0,0.0,0.0
0.0;-1.312481724802835,-0.1848828720804316,-1.0343720033550747,1.0036284787809582,-1.9038081093992292,0.09066631041788814,-0.5341207369465648,-0.7428481987910933;-0.30480003356933594,0.0,0.060356467962265015;1.0,0.0,0.0,0.0
0.0;-1.3119244133399717,-0.18249537614997763,-1.0296729786052703,1.0040575869498627,-1.8955576408633945,0.09136288668310066,-0.5384517423528689,-0.7390413528651473;-0.30480003356933594,0.0,0.057338640093803406;1.0,0.0,0.0,0.0
0.0;-1.3113407823334187,-0.18012453361997083,-1.0249753531640944,1.0044587234481754,-1.8872693852189204,0.09203200836079312,-0.542803558088769,-0.7352389019584997;-0.30480003356933594,0.0,0.0543208122253418;1.0,0.0,0.0,0.0
0.0;-1.310730637521316,-0.17777028417481516,-1.0202789190103487,1.0048321488130394,-1.8789434271606027,0.0926739041044297,-0.547175929157273,-0.7314406338895902;-0.30480003356933594,0.0,0.051302965730428696;1.0,0.0,0.0,0.0
0.0;-1.3100937851052752,-0.17543257902604495,-1.0155834694737123,1.0051781105318576,-1.8705798491218968,0.09328879551531358,-0.5515686193210564,-0.7276463429709378;-0.30480003356933594,0.0,0.04828515648841858;1.0,0.0,0.0,0.0
0.0;-1.3094300314435288,-0.1731113679244807,-1.010888802758894,1.0054968546471648,-1.8621787181400555,0.09387689960549016,-0.5559814051588525,-0.7238558300624938;-0.30480003356933594,0.0,0.045267343521118164;1.0,0.0,0.0,0.0
0.0;-1.3087391818617184,-0.17080660046414695,-1.0061947205197264,1.005788624910839,-1.8537400869474623,0.09443842951224901,-0.5604140761227756,-0.7200689013560632;-0.30480003356933594,0.0,0.04224953055381775;1.0,0.0,0.0,0.0
0.0;-1.3080210394409055,-0.16851822540299202,-1.0015010261664827,1.00605366342683,-1.8452639920598233,0.09497359556924724,-0.5648664340318256,-0.7162853666780572;-0.30480003356933594,0.0,0.039231691509485245;1.0,0.0,0.0,0.0
0.0;-1.3072754063137664,-0.166246203358794,-0.9968075227957592,1.0062921992440332,-1.8367504688913296,0.09548260181445148,-0.5693382970004723,-0.7125050407522583;-0.30480003356933594,0.0,0.03621387854218483;1.0,0.0,0.0,0.0
0.0;-1.3065020843886685,-0.16399049671207633,-0.9921140166679833,1.0065044569785628,-1.8281995421784305,0.09596564707391197,-0.5738294945610802,-0.7087277441682278;-0.30480003356933594,0.0,0.033196061849594116;1.0,0.0,0.0,0.0
0.0;-1.3057008743816647,-0.16175106519588273,-0.9874203173344899,1.0066906608300343,-1.8196112209387065,0.0964229264599673,-0.5783398656542242,-0.7049533024108198;-0.30480003356933594,0.0,0.030178220942616463;1.0,0.0,0.0,0.0
0.0;-1.304871576297929,-0.1595278787101215,-0.9827262353481901,1.0068510235638557,-1.8109855136645967,0.09685462861224432,-0.5828692629376427,-0.701181546565236;-0.30480003356933594,0.0,0.027160409837961197;1.0,0.0,0.0,0.0
0.0;-1.304013989431932,-0.15732090829148543,-0.9780315849290612,1.0069857543591414,-1.8023224192752099,0.0972609373250794,-0.5874175485169347,-0.6974123135206357;-0.30480003356933594,0.0,0.02414259873330593;1.0,0.0,0.0,0.0
0.0;-1.3031279116283865,-0.15513012489877562,-0.9733361835499649,1.007095060011374,-1.7936219255972636,0.09764203233723738,-0.5919845931125653,-0.6936454451910872;-0.30480003356933594,0.0,0.021124783903360367;1.0,0.0,0.0,0.0
0.0;-1.302213138277703,-0.15295549865668698,-0.9686398505294571,1.0071791455943382,-1.78488400746327,0.09799809019339221,-0.5965702756428906,-0.6898807871211218;-0.30480003356933594,0.0,0.018106942996382713;1.0,0.0,0.0,0.0
0.0;-1.3012694628762678,-0.1507970070099353,-0.963942405199569,1.0072382072460977,-1.7761086361010248,0.0983292821863086,-0.6011744860158199,-0.6861181888348049;-0.30480003356933594,0.0,0.01508910022675991;1.0,0.0,0.0,0.0
0.0;-1.3002966788333752,-0.14865463754527275,-0.9592436686511994,1.0072724295387956,-1.7672957848919195,0.09863577235138388,-0.6057971253045569,-0.6823575060663758;-0.30480003356933594,0.0,0.012071287259459496;1.0,0.0,0.0,0.0
0.0;-1.2992945793095252,-0.14652837615939082,-0.9545434672354252,1.0072819957393295,-1.7584454175444066,0.09891771979143443,-0.6104381004350347,-0.6785986010515062;-0.30480003356933594,0.0,0.009053475223481655;1.0,0.0,0.0,0.0
0.0;-1.2982629557793823,-0.14441820731417873,-0.9498416312343043,1.007267087990677,-1.749557487665492,0.09917527978417796,-0.6150973241641178,-0.6748413411173012;-0.30480003356933594,0.0,0.00603566225618124;1.0,0.0,0.0,0.0
0.0;-1.2972015965386265,-0.14232411374853676,-0.94513799268721,1.007227887617486,-1.7406319365703997,0.09940860493699927,-0.6197747150007713,-0.6710855966641774;-0.30480003356933594,0.0,0.0030178199522197247;1.0,0.0,0.0,0.0
0.0;-1.2961102879469686,-0.14024608970534796,-0.940432383143721,1.0071645636550943,-1.7316687089026799,0.09961784168668349,-0.6244702020521913,-0.6673312422113706;-0.30480003356933594,0.0,0.0;1.0,0.0,0.0,0.0
0.0;-1.294487182640713,-0.13879344184145428,-0.9350090676676414,1.006770467232724,-1.7235201107990612,0.09968187651027793,-0.6291438396999607,-0.663659529359188;-0.3017520308494568,0.0,0.0;1.0,0.0,0.0,0.0
0.0;-1.2922846859704595,-0.13800389598236726,-0.9288612640933404,1.006049077328582,-1.7162624633194725,0.0995473109366453,-0.6334089845067499,-0.6601946499495318;-0.29870402812957764,0.0,0.0;1.0,0.0,0.0,0.0
0.0;-1.2897305406190789,-0.13757412011030926,-0.922390600680532,1.0051916277569868,-1.7095372187488815,0.099253092939729,-0.6368768000514481,-0.6570094622291258;-0.2956560254096985,0.0,0.0;1.0,0.0,0.0,0.0
0.0;-1.2870176634896613,-0.13726393475596238,-0.9159088059199202,1.0043554805035628,-1.7030979494786187,0.09888207448439074,-0.6394171931980405,-0.6540906884368621;-0.29260802268981934,0.0,0.0;1.0,0.0,0.0,0.0
0.0;-1.2842224289372681,-0.13700687962814181,-0.9095072104751081,1.0035940314207696,-1.6969302694621855,0.09850823026852683,-0.6411269000456381,-0.6513750889559139;-0.2895600199699402,0.0,0.0;1.0,0.0,0.0,0.0
0.0;-1.2813658323718673,-0.13682341144086974,-0.9031661188394858,1.0028978860602988,-1.6911101739779377,0.09817216899984751,-0.6421715462061994,-0.6488009875257017;-0.2865120470523834,0.0,0.0;1.0,0.0,0.0,0.0
0.0;-1.2784701846036708,-0.13673066706599424,-0.8968652363848555,1.0022475752323303,-1.6856790438858362,0.09788439081028111,-0.6426787255410318,-0.6463331601639792;-0.2834640443325043,0.0,0.0;1.0,0.0,0.0,0.0
0.0;-1.2755667355816278,-0.1367195549475752,-0.8906120807355727,1.0016345066070103,-1.6806229051271617,0.0976402653332514,-0.6427207023985069,-0.6439593645407381;-0.2804160416126251,0.0,0.0;1.0,0.0,0.0,0.0
0.0;-1.2726809883077828,-0.13677134025653162,-0.8844238416746956,1.0010582154304735,-1.6759055257341067,0.0974326657687746,-0.6423399350462425,-0.6416768398354809;-0.27736803889274597,0.0,0.0;1.0,0.0,0.0,0.0
0.0;-1.2698245150554037,-0.1368735482143916,-0.8783102627346576,1.0005191305881556,-1.6714956942260106,0.09725726753947321,-0.6415717303739578,-0.6394829736326696;-0.2743200361728668,0.0,0.0;1.0,0.0,0.0,0.0
0.0;-1.2669984263041363,-0.13702215104634213,-0.8722718270695999,1.0000157199115303,-1.667372265905994,0.09711240981314072,-0.6404510939951779,-0.6373729878705744;-0.27127203345298767,0.0,0.0;1.0,0.0,0.0,0.0
0.0;-1.2642004271950196,-0.13721657237638438,-0.8663052950693609,0.9995452208265787,-1.663518287630149,0.09699723857782534,-0.6390109653786784,-0.6353412038638738;-0.2682240307331085,0.0,0.0;1.0,0.0,0.0,0.0
0.0;-1.26142891602547,-0.13745568157347804,-0.8604077088097152,0.999104886233744,-1.6599162954364302,0.09691045302219527,-0.6372801823315991,-0.6333824261083386;-0.26517602801322937,0.0,0.0;1.0,0.0,0.0,0.0
0.0;-1.258683424074404,-0.1377370561519754,-0.8545769218695025,0.9986924063413274,-1.6565478124570674,0.09685010775154487,-0.635283644299224,-0.6314922951658576;-0.2621280252933502,0.0,0.0;1.0,0.0,0.0,0.0
0.0;-1.2559636826415286,-0.1380579192121334,-0.8488106795473117,0.9983056786612002,-1.6533946961603356,0.09681394838778443,-0.6330434851225695,-0.6296669550177442;-0.25908002257347107,0.0,0.0;1.0,0.0,0.0,0.0
0.0;-1.2532689123703873,-0.13841586994533345,-0.8431061053330088,0.9979426462428059,-1.6504400454335757,0.09679978230790183,-0.6305799153002584,-0.6279027304982182;-0.2560320496559143,0.0,0.0;1.0,0.0,0.0,0.0
0.0;-1.250597773748147,-0.13880899623372642,-0.8374598348770068,0.9976012759996966,-1.6476682403507572,0.0968056416515081,-0.6279114920409993,-0.626196004025539;-0.25298404693603516,0.0,0.0;1.0,0.0,0.0,0.0
0.0;-1.2479486368907649,-0.1392356650774446,-0.8318683712712852,0.9972796123917791,-1.6450646362884935,0.09682977677857149,-0.6250551694216344,-0.6245432419625749;-0.2499360293149948,0.0,0.0;1.0,0.0,0.0,0.0
0.0;-1.245319814326112,-0.13969434225655625,-0.8263282965333621,0.9969758106496989,-1.6426153571603028,0.09687059183855234,-0.6220263957316083,-0.6229410489022846;-0.24688802659511566,0.0,0.0;1.0,0.0,0.0,0.0
0.0;-1.2427096434337004,-0.14018354931088486,-0.8208362906757242,0.9966881305478006,-1.6403072775043104,0.09692659553047814,-0.6188392989624303,-0.6213861930680493;-0.2438400238752365,0.0,0.0;1.0,0.0,0.0,0.0
0.0;-1.2401100473890359,-0.14071234564915586,-0.8154171852161816,0.9964130275557513,-1.6381130503022736,0.09701983365696897,-0.6155386620135018,-0.6198559077123982;-0.24079203605651855,0.0,0.0;1.0,0.0,0.0,0.0
0.0;-1.2377643524810538,-0.14109163228288116,-0.8089158978030351,0.9959707921075535,-1.6361926526827557,0.09653798393513695,-0.6115825548169328,-0.618541103620529;-0.2377440333366394,0.0,0.0;1.0,0.0,0.0,0.0
0.0;-1.23538752811803,-0.14180782755665114,-0.8049509991734421,0.9955964674866212,-1.6343442958734808,0.0963184306815661,-0.6079297633333497,-0.61793669333408;-0.23469603061676025,0.0,0.0;1.0,0.0,0.0,0.0
0.0;-1.2327929681345715,-0.14284512159754492,-0.8027621916919754,0.9953615188420376,-1.632930795310333,0.09631984840153887,-0.6051091098540641,-0.6178971527050653;-0.2316480278968811,0.0,0.0;1.0,0.0,0.0,0.0
0.0;-1.2305898057000448,-0.14386146758939747,-0.8007987522330601,0.9950542246578615,-1.631474529178975,0.09665256283446039,-0.6023935275537009,-0.6173759880643797;-0.22860002517700195,0.0,0.0;1.0,0.0,0.0,0.0
0.0;-1.2285593698106234,-0.1456031565793796,-0.7972897222160891,0.9940887721979438,-1.6304396479874432,0.09704763252952765,-0.5993231335575859,-0.61650258598418;-0.2255520224571228,0.0,0.0;1.0,0.0,0.0,0.0
0.0;-1.2269425499411397,-0.14764879417501808,-0.7928224047029842,0.9923425154061646,-1.629138901883855,0.09686119344110175,-0.5956806646427796,-0.6156104398218123;-0.22250401973724365,0.0,0.0;1.0,0.0,0.0,0.0
0.0;-1.2256710416799648,-0.14950467587860433,-0.7889875876573682,0.9904462580519322,-1.6274217027139855,0.09623924356944252,-0.5919951432082914,-0.6152132952249014;-0.2194560170173645,0.0,0.0;1.0,0.0,0.0,0.0
0.0;-1.223894095173621,-0.15118162076405875,-0.7851714956435281,0.9889731945280698,-1.6258520533615926,0.09547338448247301,-0.5885049687406663,-0.6154505630946062;-0.21640802919864655,0.0,0.0;1.0,0.0,0.0,0.0
0.0;-1.221789566377477,-0.15303423817236017,-0.7817910626902685,0.9875291460715414,-1.6244134383515652,0.09461356968353167,-0.5851235922607675,-0.6160966780086266;-0.2133600115776062,0.0,0.0;1.0,0.0,0.0,0.0
0.0;-1.2195630691853299,-0.15497233086438197,-0.7788321142298447,0.9861841545030119,-1.623097300837721,0.0938891520526208,-0.5817848205059363,-0.6170222907316928;-0.21031202375888824,0.0,0.0;1.0,0.0,0.0,0.0
0.0;-1.2173164408553272,-0.15689533898217042,-0.7761499912666252,0.9850866069317522,-1.6219506839477937,0.09360058350788178,-0.5783467184332114,-0.6180850890254008;-0.2072640210390091,0.0,0.0;1.0,0.0,0.0,0.0
0.0;-1.2154816311070098,-0.15869113449201827,-0.7733702893351236,0.9837613388095309,-1.6210258425931976,0.09292196718235529,-0.5746598918015831,-0.6184852808319269;-0.20421601831912994,0.0,0.0;1.0,0.0,0.0,0.0
0.0;-1.2133983101482708,-0.16055904216424496,-0.7708618845747307,0.9826595777239198,-1.6203910504849446,0.09244745256894074,-0.571057784505962,-0.6190171743104586;-0.20116804540157318,0.0,0.0;1.0,0.0,0.0,0.0
0.0;-1.2110408956152836,-0.16262067034903535,-0.7688416250390291,0.9816006704663987,-1.6196356670298189,0.09214144618003005,-0.5676840171895285,-0.6198417815005988;-0.19812002778053284,0.0,0.0;1.0,0.0,0.0,0.0
0.0;-1.2083230530372286,-0.164691736617331,-0.7669862096562321,0.9806709339974751,-1.6186597804980418,0.09185618611021962,-0.5646294708058159,-0.6207888957654187;-0.19507203996181488,0.0,0.0;1.0,0.0,0.0,0.0
0.0;-1.205731117120027,-0.16675138420909227,-0.7651347614393356,0.979663276713849,-1.6176989467444856,0.09142287146550103,-0.5616730600726089,-0.6219916482990476;-0.19202403724193573,0.0,0.0;1.0,0.0,0.0,0.0
0.0;-1.2033945828297636,-0.16871212872237498,-0.7631146928852591,0.9786214546016146,-1.6169211014901317,0.09083113607944063,-0.5587042534875163,-0.6234734527225236;-0.18897603452205658,0.0,0.0;1.0,0.0,0.0,0.0
0.0;-1.2012543869078156,-0.17068240742909058,-0.7610677371117,0.9775642853884309,-1.61631025183219,0.09035473416956759,-0.5555987928435476,-0.6250517869299789;-0.18592803180217743,0.0,0.0;1.0,0.0,0.0,0.0
0.0;-1.1991180740093799,-0.17266820977361572,-0.7590734338877955,0.9765552688397113,-1.6157278839120313,0.0900619514614237,-0.5524239022695063,-0.626519022935783;-0.18288002908229828,0.0,0.0;1.0,0.0,0.0,0.0
0.0;-1.1968625404662696,-0.17471772562035365,-0.7571854229682584,0.9755913898571654,-1.6150791309966048,0.08997934800024913,-0.5492031763161034,-0.6277764481421136;-0.17983202636241913,0.0,0.0;1.0,0.0,0.0,0.0
0.0;-1.1945594746812704,-0.1768136903786118,-0.7553825994472998,0.9746488908648848,-1.6144093587032857,0.09004098837628784,-0.5459372626767637,-0.6289345828056417;-0.17678402364253998,0.0,0.0;1.0,0.0,0.0,0.0
0.0;-1.1922887659024377,-0.1788887571425938,-0.7535538904523548,0.9736911081152928,-1.6137551051410122,0.09004534372772259,-0.5426739676905412,-0.6301513858124982;-0.17373602092266083,0.0,0.0;1.0,0.0,0.0,0.0
0.0;-1.1901374089576955,-0.18090059629309047,-0.7516220486151273,0.972668790989524,-1.6131473417137834,0.08983148550043919,-0.5394406982654055,-0.6315611832830748;-0.17068801820278168,0.0,0.0;1.0,0.0,0.0,0.0
0.0;-1.1881207140681784,-0.18286563604328443,-0.7496552120004142,0.9716163297100608,-1.6126244791097455,0.08953108171622838,-0.5362079612885463,-0.6331357642655544;-0.16764003038406372,0.0,0.0;1.0,0.0,0.0,0.0
0.0;-1.1860310264710958,-0.18486570404530933,-0.7477515137129084,0.9705956052932662,-1.612084129650802,0.08933968061336725,-0.5329519735333808,-0.6346134700282406;-0.16459201276302338,0.0,0.0;1.0,0.0,0.0,0.0
0.0;-1.183858456283337,-0.18691290576878986,-0.7459087517583,0.9695941769172612,-1.6115010376602188,0.08926512647355522,-0.5296793945467578,-0.6360108726918787;-0.16154402494430542,0.0,0.0;1.0,0.0,0.0,0.0
0.0;-1.1816228596575202,-0.18897508437348529,-0.7441296980985608,0.9686209468277949,-1.6108600295982554,0.08929266032248592,-0.5264299516539341,-0.6373351944193898;-0.15849602222442627,0.0,0.0;1.0,0.0,0.0,0.0
0.0;-1.1794214593567995,-0.19105525735705664,-0.742374847096431,0.9676086851179672,-1.6102174305017156,0.08931613836358084,-0.5231779603609645,-0.6387045944271723;-0.15544801950454712,0.0,0.0;1.0,0.0,0.0,0.0
0.0;-1.1772835564800117,-0.19309837924083414,-0.7405581618043393,0.966571226564825,-1.6096212190079284,0.08924771557121408,-0.5199340150283002,-0.6402066138918358;-0.15240001678466797,0.0,0.0;1.0,0.0,0.0,0.0
0.0;-1.17555888660712,-0.19433050084881748,-0.7391561373174423,0.9657130622295158,-1.6087762146875808,0.08917093673940907,-0.5168362791204817,-0.6418657957482208;-0.14935201406478882,0.0,0.0;1.0,0.0,0.0,0.0
0.0;-1.1739263197155705,-0.19539181867345606,-0.7379680288031841,0.9648391108651592,-1.6079401522598378,0.0891908410500428,-0.5141205619086571,-0.6432813464136709;-0.14630402624607086,0.0,0.0;1.0,0.0,0.0,0.0
0.0;-1.1720815793509067,-0.1967773663960527,-0.7367721645520214,0.9637781252007197,-1.607279311587927,0.08938574758134166,-0.5116538928034394,-0.6444069224554964;-0.14325600862503052,0.0,0.0;1.0,0.0,0.0,0.0
0.0;-1.1700494625463524,-0.1984296343818604,-0.7354407339569548,0.9625428916676327,-1.6067275086746375,0.08950878948450554,-0.5092394440053933,-0.6455105806476337;-0.14020800590515137,0.0,0.0;1.0,0.0,0.0,0.0
0.0;-1.1661710128009581,-0.2019706034214291,-0.7316866380080969,0.9600462076589369,-1.6071730226531382,0.08927943622149163,-0.5055484346572255,-0.6464138323161845;-0.13716000318527222,0.0,0.0;1.0,0.0,0.0,0.0
0.0;-1.1618950406194408,-0.20547783785088541,-0.7273536207350144,0.9570457610016417,-1.6073574306206768,0.08858953627189915,-0.5002188798882156,-0.6481127134901905;-0.13411201536655426,0.0,0.0;1.0,0.0,0.0,0.0
0.0;-1.1578933982201287,-0.20788651946617973,-0.7236459498547707,0.9544772023179594,-1.6068202485774818,0.08795334307744386,-0.4939033003961286,-0.6503381367415423;-0.1310640126466751,0.0,0.0;1.0,0.0,0.0,0.0
0.0;-1.1541642391221587,-0.2096722865735715,-0.7207967441321338,0.9525064084060992,-1.6058024837047864,0.08775041455658009,-0.48770639746209254,-0.6523118776719644;-0.12801602482795715,0.0,0.0;1.0,0.0,0.0,0.0
0.0;-1.150636963615572,-0.21140347058458034,-0.7184687224692993,0.9507622420795564,-1.6048575165762509,0.08794733504854586,-0.48215981252244183,-0.6538719885561052;-0.12496800720691681,0.0,0.0;1.0,0.0,0.0,0.0
0.0;-1.1473477545307211,-0.21316988786650096,-0.7163078722106626,0.9490405986161247,-1.6042176829204737,0.08826211789457954,-0.47731111271282217,-0.6552143090922636;-0.12192000448703766,0.0,0.0;1.0,0.0,0.0,0.0
0.0;-1.1442840024047527,-0.21487176778470043,-0.7142032692322073,0.947299940872549,-1.6037867735582179,0.08853441156000692,-0.4729393852630292,-0.6565266119413756;-0.11887200176715851,0.0,0.0;1.0,0.0,0.0,0.0
0.0;-1.1413774420670286,-0.2164223478039429,-0.7121252249564335,0.9455257428091137,-1.603414915814535,0.08869056469316182,-0.4688388755181414,-0.657951570155899;-0.11582401394844055,0.0,0.0;1.0,0.0,0.0,0.0
0.0;-1.1385801134221132,-0.21786184732534503,-0.7101043897742847,0.9437162622162151,-1.6030370017766067,0.08880154311384308,-0.46484674150759936,-0.6594311753666497;-0.112776018679142,0.0,0.0;1.0,0.0,0.0,0.0
0.0;-1.135796914628746,-0.21924419618978483,-0.7081519051939171,0.9419327314130375,-1.6026408486431356,0.08897258575970479,-0.46093135904159815,-0.6608547241567749;-0.10972800105810165,0.0,0.0;1.0,0.0,0.0,0.0
0.0;-1.1329620672667966,-0.22061867226595203,-0.7062667364833336,0.9401375029021789,-1.6022115703826831,0.08922406631604934,-0.4571023527184929,-0.6622266957722335;-0.1066799983382225,0.0,0.0;1.0,0.0,0.0,0.0
0.0;-1.130076095873542,-0.2220004522748429,-0.7044514243374277,0.9383132713162007,-1.6017448839108506,0.08955595462491585,-0.45334808838041807,-0.6635461935545838;-0.10363201051950455,0.0,0.0;1.0,0.0,0.0,0.0
0.0;-1.1270983677220159,-0.22341319378086733,-0.7026421401489296,0.9364118322581577,-1.6012225214183304,0.08992009463834688,-0.4496067644052386,-0.6648703116789446;-0.1005840077996254,0.0,0.0;1.0,0.0,0.0,0.0
0.0;-1.1252720211262757,-0.2239473535075325,-0.7006194980858259,0.934576109114865,-1.6011831057328831,0.09052022641178435,-0.44571095632703306,-0.6662960347797143;-0.09753600507974625,0.0,0.0;1.0,0.0,0.0,0.0
0.0;-1.1249462830760715,-0.2237102707229675,-0.6983969793718403,0.9329837221721375,-1.6017349500195295,0.0913707696723837,-0.4420190588895168,-0.6674924234854627;-0.09448801726102829,0.0,0.0;1.0,0.0,0.0,0.0
0.0;-1.1250414003830222,-0.2238679890428829,-0.6959131584030387,0.9313782456497524,-1.602850972127407,0.09218317041612269,-0.4390934580846808,-0.6683040821627722;-0.09143999963998795,0.0,0.0;1.0,0.0,0.0,0.0
0.0;-1.1257001027406166,-0.2239504295558626,-0.6936791292738339,0.9299250207974895,-1.603977516644858,0.09316442429229713,-0.43637955711460485,-0.6688498395652679;-0.08839200437068939,0.0,0.0;1.0,0.0,0.0,0.0
0.0;-1.1257000679049693,-0.2239507083930658,-0.6936791390031978,0.9299247038740643,-1.6039774856283116,0.09316446929252442,-0.43637934595540945,-0.6688498656636531;-0.08534400165081024,0.0,0.0;1.0,0.0,0.0,0.0
0.0;-1.1257000201064495,-0.22395081771711164,-0.6936791561120941,0.9299246152396878,-1.603977465872754,0.09316446868162444,-0.4363793141423024,-0.6688498673641287;-0.08229600638151169,0.0,0.0;1.0,0.0,0.0,0.0
0.0;-1.1257000167813866,-0.2239508237279183,-0.6936791552810723,0.9299246105343297,-1.6039774656805683,0.09316446891200804,-0.4363793118778392,-0.6688498675881785;-0.07924800366163254,0.0,0.0;1.0,0.0,0.0,0.0
0.0;-1.124932082194101,-0.22446544059799833,-0.6929792392229919,0.9297566102875596,-1.6042504735901184,0.09327389458072385,-0.43612448921777364,-0.6688856817756216;-0.07620000094175339,0.0,0.0;1.0,0.0,0.0,0.0
0.0;-1.1259273366501426,-0.22508288815544558,-0.6901564682711742,0.9283026572482407,-1.6055755395159406,0.09375330772097511,-0.43399910197198777,-0.6691599304505309;-0.07315199822187424,0.0,0.0;1.0,0.0,0.0,0.0
0.0;-1.1273906676313243,-0.22579960133156854,-0.6859072497181313,0.9262188380227915,-1.6071288144584723,0.09479257085866288,-0.42991344141261717,-0.6696365389675586;-0.07010399550199509,0.0,0.0;1.0,0.0,0.0,0.0
0.0;-1.128005335825049,-0.2264669842318894,-0.6817526529368262,0.924472674368873,-1.6079801610885536,0.09639996470578578,-0.4246919991244183,-0.6701990762409121;-0.06705599278211594,0.0,0.0;1.0,0.0,0.0,0.0
0.0;-1.1285015068460826,-0.2267793913009062,-0.6783148061475874,0.9231458703371134,-1.608237376831596,0.09850644871872759,-0.4189343462948994,-0.6708368925237521;-0.06400801241397858,0.0,0.0;1.0,0.0,0.0,0.0
0.0;-1.1292992512523417,-0.2270509655657685,-0.6751057160420266,0.9218529290870551,-1.6087320995884289,0.10102598626099943,-0.4131189160406887,-0.671638332077748;-0.060960009694099426,0.0,0.0;1.0,0.0,0.0,0.0
0.0;-1.1299006136976204,-0.22767514047472692,-0.6721295455137735,0.9205886415354458,-1.6098364012055955,0.10335540469092162,-0.40853835024048674,-0.6725539258778491;-0.057912006974220276,0.0,0.0;1.0,0.0,0.0,0.0
0.0;-1.1286420318084536,-0.22823064837835996,-0.6711463771861779,0.920423302891018,-1.6102897652739834,0.105358309967684,-0.4053630773321114,-0.673489087571934;-0.05486398935317993,0.0,0.0;1.0,0.0,0.0,0.0
0.0;-1.1292174550455805,-0.22807958854251115,-0.6710448432501999,0.9202583726081793,-1.6104848612075295,0.10556594927690019,-0.4049786491372722,-0.6736593285840413;-0.05181598290801048,0.0,0.0;1.0,0.0,0.0,0.0
0.0;-1.1290018418339975,-0.22811994353883888,-0.6711560518393922,0.9202450452402682,-1.6110244671363958,0.10625107419341856,-0.4039513068110917,-0.6743152910777407;-0.04876801371574402,0.0,0.0;1.0,0.0,0.0,0.0
0.0;-1.1290018416668117,-0.22811991193443673,-0.6711560101552563,0.9202450777193706,-1.6110244953104798,0.10625108387647322,-0.403951304271075,-0.6743152971153702;-0.04572001099586487,0.0,0.0;1.0,0.0,0.0,0.0
0.0;-1.1290018404274709,-0.22811990078839436,-0.6711559924749251,0.9202450900565801,-1.6110245057446515,0.10625108632727068,-0.40395130512278166,-0.6743152982214881;-0.04267200827598572,0.0,0.0;1.0,0.0,0.0,0.0
0.0;-1.129001839710065,-0.22811989843334804,-0.6711559880344953,0.920245092924004,-1.611024508363354,0.10625108695669182,-0.4039513052295053,-0.6743152985368099;-0.039624009281396866,0.0,0.0;1.0,0.0,0.0,0.0
0.0;-1.1287888557911836,-0.2285725450273383,-0.6703781823082017,0.9199426388971101,-1.6114852767364014,0.10631911026358212,-0.4037508201660591,-0.6744246186141343;-0.036576006561517715,0.0,0.0;1.0,0.0,0.0,0.0
0.0;-1.1275289291856512,-0.22902876031388758,-0.670228604706773,0.9200951707419303,-1.6116287725763843,0.10665822005122867,-0.40315874152556547,-0.6746541092823235;-0.03352800011634827,0.0,0.0;1.0,0.0,0.0,0.0
0.0;-1.127912205066143,-0.22902693908351265,-0.6699880077312775,0.9199102526291186,-1.611832701263529,0.10668019236776438,-0.4029980504510023,-0.6747180697278624;-0.030479999259114265,0.0,0.0;1.0,0.0,0.0,0.0
0.0;-1.1276931352051458,-0.22883699976659463,-0.6703918302135576,0.9201086279348437,-1.6120364610160354,0.10726519922856487,-0.40162136736222126,-0.6751715229109649;-0.027431998401880264,0.0,0.0;1.0,0.0,0.0,0.0
0.0;-1.1280033423568954,-0.22901945101635487,-0.6698282663273685,0.9197962913731985,-1.6124607740368997,0.10731595608298766,-0.4013423296782325,-0.6752867683585699;-0.024383995682001114,0.0,0.0;1.0,0.0,0.0,0.0
0.0;-1.1272649701913735,-0.22948664051346948,-0.6693374384061732,0.9196227949053493,-1.6137652767283441,0.10833902524869851,-0.3988437156804941,-0.6762422291712145;-0.021335992962121964,0.0,0.0;1.0,0.0,0.0,0.0
0.0;-1.1271989537688756,-0.22935265775408123,-0.6695746158500384,0.9195504932734317,-1.6156394990597887,0.11011013062607616,-0.39427647271825655,-0.6779441961331932;-0.01828802190721035,0.0,0.0;1.0,0.0,0.0,0.0
0.0;-1.1276279398547353,-0.23012879753354915,-0.6690608899599626,0.9189652845787123,-1.6173764562179198,0.11101424369881549,-0.39369670552387365,-0.6778941827646626;-0.0152400191873312,0.0,0.0;1.0,0.0,0.0,0.0
0.0;-1.1281365570055133,-0.23035579660006444,-0.6685958000165766,0.9188214884304031,-1.6184496361942458,0.11164408669011389,-0.3934919047640326,-0.677659180693226;-0.012191986665129662,0.0,0.0;1.0,0.0,0.0,0.0
0.0;-1.1278940448908832,-0.23051094580483752,-0.6680424748735435,0.9185630848388074,-1.6193707985183947,0.11235969259204626,-0.3906624941326177,-0.6787761758671802;-0.009143984876573086,0.0,0.0;1.0,0.0,0.0,0.0
0.0;-1.127991258215169,-0.2305111111286204,-0.6673927965815004,0.9181440483271353,-1.6210532809518972,0.11350338909490246,-0.3865368381403229,-0.6806090357414827;-0.006096011959016323,0.0,0.0;1.0,0.0,0.0,0.0
0.0;-1.1284348358358172,-0.23051124962278055,-0.6666804089792634,0.9175809766061661,-1.6229574433236142,0.11464783152155655,-0.3824651712949922,-0.6824464888289294;-0.00304800970479846,0.0,0.0;1.0,0.0,0.0,0.0
0.0;-1.1284680006530339,-0.23093098974138365,-0.6665425267481245,0.9173521780080165,-1.6235321146930288,0.11510845816602092,-0.38224844064103014,-0.6823418608695535;0.0,0.0,0.0;1.0,0.0,0.0,0.0
