0.0;0.0,0.0,0.0;1.0,0.0,0.0,0.0
0.02;0.0,0.0,6.543116796819959e-06;1.0,0.0,0.0,0.0
0.04;0.0,0.0,2.6187868570559658e-05;1.0,0.0,0.0,0.0
0.06;0.0,0.0,5.8956866268999875e-05;1.0,0.0,0.0,0.0
0.08;0.0,0.0,0.00010487202234799042;1.0,0.0,0.0,0.0
0.1;0.0,0.0,0.00016395459533669055;1.0,0.0,0.0,0.0
0.12;0.0,0.0,0.00023622511071152985;1.0,0.0,0.0,0.0
0.14;0.0,0.0,0.0003217034100089222;1.0,0.0,0.0,0.0
0.16;0.0,0.0,0.00042040846892632544;1.0,0.0,0.0,0.0
0.18;0.0,0.0,0.0005323586519807577;1.0,0.0,0.0,0.0
0.2;0.0,0.0,0.0006575714214704931;1.0,0.0,0.0,0.0
0.22;0.0,0.0,0.0007960633956827223;1.0,0.0,0.0,0.0
0.24;0.0,0.0,0.0009478506981395185;1.0,0.0,0.0,0.0
0.26;0.0,0.0,0.0011129481717944145;1.0,0.0,0.0,0.0
0.28;0.0,0.0,0.001291370135731995;1.0,0.0,0.0,0.0
0.3;0.0,0.0,0.0014831298030912876;1.0,0.0,0.0,0.0
0.32;0.0,0.0,0.0016882393974810839;1.0,0.0,0.0,0.0
0.34;0.0,0.0,0.0019067107932642102;1.0,0.0,0.0,0.0
0.36;0.0,0.0,0.0021385541185736656;1.0,0.0,0.0,0.0
0.38;0.0,0.0,0.002383779501542449;1.0,0.0,0.0,0.0
0.4;0.0,0.0,0.0026423949748277664;1.0,0.0,0.0,0.0
0.42;0.0,0.0,0.002914408454671502;1.0,0.0,0.0,0.0
0.44;0.0,0.0,0.0031998264603316784;1.0,0.0,0.0,0.0
0.46;0.0,0.0,0.0034986543469130993;1.0,0.0,0.0,0.0
0.48;0.0,0.0,0.0038108965381979942;1.0,0.0,0.0,0.0
0.5;0.0,0.0,0.004136556293815374;1.0,0.0,0.0,0.0
0.52;0.0,0.0,0.004475636873394251;1.0,0.0,0.0,0.0
0.54;0.0,0.0,0.004828137811273336;1.0,0.0,0.0,0.0
0.56;0.0,0.0,0.005194060504436493;1.0,0.0,0.0,0.0
0.58;0.0,0.0,0.005573402624577284;1.0,0.0,0.0,0.0
0.6;0.0,0.0,0.005966163240373135;1.0,0.0,0.0,0.0
0.62;0.0,0.0,0.00637233629822731;1.0,0.0,0.0,0.0
0.64;0.0,0.0,0.006791918538510799;1.0,0.0,0.0,0.0
0.66;0.0,0.0,0.007224902976304293;1.0,0.0,0.0,0.0
0.68;0.0,0.0,0.007671284023672342;1.0,0.0,0.0,0.0
0.7;0.0,0.0,0.008131050504744053;1.0,0.0,0.0,0.0
0.72;0.0,0.0,0.008604194037616253;1.0,0.0,0.0,0.0
0.74;0.0,0.0,0.009090702049434185;1.0,0.0,0.0,0.0
0.76;0.0,0.0,0.00959056243300438;1.0,0.0,0.0,0.0
0.78;0.0,0.0,0.010103760287165642;1.0,0.0,0.0,0.0
0.8;0.0,0.0,0.010630280710756779;1.0,0.0,0.0,0.0
0.82;0.0,0.0,0.011170104146003723;1.0,0.0,0.0,0.0
0.84;0.0,0.0,0.011723215691745281;1.0,0.0,0.0,0.0
0.86;0.0,0.0,0.012289592064917088;1.0,0.0,0.0,0.0
0.88;0.0,0.0,0.012869213707745075;1.0,0.0,0.0,0.0
0.9;0.0,0.0,0.01346205547451973;1.0,0.0,0.0,0.0
0.92;0.0,0.0,0.014068094082176685;1.0,0.0,0.0,0.0
0.94;0.0,0.0,0.014687302522361279;1.0,0.0,0.0,0.0
0.96;0.0,0.0,0.015319650992751122;1.0,0.0,0.0,0.0
0.98;0.0,0.0,0.015965115278959274;1.0,0.0,0.0,0.0
1.0;0.0,0.0,0.016623657196760178;1.0,0.0,0.0,0.0
1.02;0.0,0.0,0.017295248806476593;1.0,0.0,0.0,0.0
1.04;0.0,0.0,0.017979850992560387;1.0,0.0,0.0,0.0
1.06;0.0,0.0,0.018677430227398872;1.0,0.0,0.0,0.0
1.08;0.0,0.0,0.019387949258089066;1.0,0.0,0.0,0.0
1.1;0.0,0.0,0.020111365243792534;1.0,0.0,0.0,0.0
1.12;0.0,0.0,0.020847640931606293;1.0,0.0,0.0,0.0
1.14;0.0,0.0,0.021596724167466164;1.0,0.0,0.0,0.0
1.16;0.0,0.0,0.02235858142375946;1.0,0.0,0.0,0.0
1.18;0.0,0.0,0.02313315123319626;1.0,0.0,0.0,0.0
1.2;0.0,0.0,0.023920394480228424;1.0,0.0,0.0,0.0
1.22;0.0,0.0,0.02472025528550148;1.0,0.0,0.0,0.0
1.24;0.0,0.0,0.025532687082886696;1.0,0.0,0.0,0.0
1.26;0.0,0.0,0.026357628405094147;1.0,0.0,0.0,0.0
1.28;0.0,0.0,0.027195023372769356;1.0,0.0,0.0,0.0
1.3;0.0,0.0,0.0280448105186224;1.0,0.0,0.0,0.0
1.32;0.0,0.0,0.028906939551234245;1.0,0.0,0.0,0.0
1.34;0.0,0.0,0.029781334102153778;1.0,0.0,0.0,0.0
1.36;0.0,0.0,0.03066793829202652;1.0,0.0,0.0,0.0
1.38;0.0,0.0,0.03156667947769165;1.0,0.0,0.0,0.0
1.4;0.0,0.0,0.032477494329214096;1.0,0.0,0.0,0.0
1.42;0.0,0.0,0.03340030834078789;1.0,0.0,0.0,0.0
1.44;0.0,0.0,0.03433503955602646;1.0,0.0,0.0,0.0
1.46;0.0,0.0,0.035281628370285034;1.0,0.0,0.0,0.0
1.48;0.0,0.0,0.03623998910188675;1.0,0.0,0.0,0.0
1.5;0.0,0.0,0.037210043519735336;1.0,0.0,0.0,0.0
1.52;0.0,0.0,0.03819170594215393;1.0,0.0,0.0,0.0
1.54;0.0,0.0,0.039184898138046265;1.0,0.0,0.0,0.0
1.56;0.0,0.0,0.04018952697515488;1.0,0.0,0.0,0.0
1.58;0.0,0.0,0.0412055104970932;1.0,0.0,0.0,0.0
1.6;0.0,0.0,0.04223275184631348;1.0,0.0,0.0,0.0
1.62;0.0,0.0,0.04327116906642914;1.0,0.0,0.0,0.0
1.64;0.0,0.0,0.04432065412402153;1.0,0.0,0.0,0.0
1.66;0.0,0.0,0.04538112133741379;1.0,0.0,0.0,0.0
1.68;0.0,0.0,0.046452466398477554;1.0,0.0,0.0,0.0
1.7;0.0,0.0,0.047534577548503876;1.0,0.0,0.0,0.0
1.72;0.0,0.0,0.04862736910581589;1.0,0.0,0.0,0.0
1.74;0.0,0.0,0.04973072558641434;1.0,0.0,0.0,0.0
1.76;0.0,0.0,0.05084453523159027;1.0,0.0,0.0,0.0
1.78;0.0,0.0,0.05196869373321533;1.0,0.0,0.0,0.0
1.8;0.0,0.0,0.05310307443141937;1.0,0.0,0.0,0.0
1.82;0.0,0.0,0.054247595369815826;1.0,0.0,0.0,0.0
1.84;0.0,0.0,0.05540209263563156;1.0,0.0,0.0,0.0
1.86;0.0,0.0,0.056566495448350906;1.0,0.0,0.0,0.0
1.88;0.0,0.0,0.05774064362049103;1.0,0.0,0.0,0.0
1.9;0.0,0.0,0.05892442911863327;1.0,0.0,0.0,0.0
1.92;0.0,0.0,0.060117725282907486;1.0,0.0,0.0,0.0
1.94;0.0,0.0,0.06132039427757263;1.0,0.0,0.0,0.0
1.96;0.0,0.0,0.06253232061862946;1.0,0.0,0.0,0.0
1.98;0.0,0.0,0.06375337392091751;1.0,0.0,0.0,0.0
2.0;0.0,0.0,0.06498339027166367;1.0,0.0,0.0,0.0
2.02;0.0,0.0,0.06622226536273956;1.0,0.0,0.0,0.0
2.04;0.0,0.0,0.06746985018253326;1.0,0.0,0.0,0.0
2.06;0.0,0.0,0.06872599571943283;1.0,0.0,0.0,0.0
2.08;0.0,0.0,0.06999056041240692;1.0,0.0,0.0,0.0
2.1;0.0,0.0,0.0712634027004242;1.0,0.0,0.0,0.0
2.12;0.0,0.0,0.07254437357187271;1.0,0.0,0.0,0.0
2.14;0.0,0.0,0.07383332401514053;1.0,0.0,0.0,0.0
2.16;0.0,0.0,0.07513009011745453;1.0,0.0,0.0,0.0
2.18;0.0,0.0,0.07643453031778336;1.0,0.0,0.0,0.0
2.2;0.0,0.0,0.07774650305509567;1.0,0.0,0.0,0.0
2.22;0.0,0.0,0.07906581461429596;1.0,0.0,0.0,0.0
2.24;0.0,0.0,0.08039233833551407;1.0,0.0,0.0,0.0
2.26;0.0,0.0,0.08172589540481567;1.0,0.0,0.0,0.0
2.28;0.0,0.0,0.08306634426116943;1.0,0.0,0.0,0.0
2.3;0.0,0.0,0.08441349118947983;1.0,0.0,0.0,0.0
2.32;0.0,0.0,0.08576716482639313;1.0,0.0,0.0,0.0
2.34;0.0,0.0,0.08712723851203918;1.0,0.0,0.0,0.0
2.36;0.0,0.0,0.08849349617958069;1.0,0.0,0.0,0.0
2.38;0.0,0.0,0.0898657888174057;1.0,0.0,0.0,0.0
2.4;0.0,0.0,0.0912439376115799;1.0,0.0,0.0,0.0
2.42;0.0,0.0,0.09262777864933014;1.0,0.0,0.0,0.0
2.44;0.0,0.0,0.09401711821556091;1.0,0.0,0.0,0.0
2.46;0.0,0.0,0.09541179239749908;1.0,0.0,0.0,0.0
2.48;0.0,0.0,0.09681160002946854;1.0,0.0,0.0,0.0
2.5;0.0,0.0,0.09821637719869614;1.0,0.0,0.0,0.0
2.52;0.0,0.0,0.09962594509124756;1.0,0.0,0.0,0.0
2.54;0.0,0.0,0.10104010254144669;1.0,0.0,0.0,0.0
2.56;0.0,0.0,0.102458655834198;1.0,0.0,0.0,0.0
2.58;0.0,0.0,0.10388143360614777;1.0,0.0,0.0,0.0
2.6;0.0,0.0,0.10530827194452286;1.0,0.0,0.0,0.0
2.62;0.0,0.0,0.10673893988132477;1.0,0.0,0.0,0.0
2.64;0.0,0.0,0.10817327350378036;1.0,0.0,0.0,0.0
2.66;0.0,0.0,0.10961107909679413;1.0,0.0,0.0,0.0
2.68;0.0,0.0,0.11105213314294815;1.0,0.0,0.0,0.0
2.7;0.0,0.0,0.1124962866306305;1.0,0.0,0.0,0.0
2.72;0.0,0.0,0.11394332349300385;1.0,0.0,0.0,0.0
2.74;0.0,0.0,0.11539305746555328;1.0,0.0,0.0,0.0
2.76;0.0,0.0,0.1168452650308609;1.0,0.0,0.0,0.0
2.78;0.0,0.0,0.11829978227615356;1.0,0.0,0.0,0.0
2.8;0.0,0.0,0.11975640058517456;1.0,0.0,0.0,0.0
2.82;0.0,0.0,0.12121491134166718;1.0,0.0,0.0,0.0
2.84;0.0,0.0,0.12267511337995529;1.0,0.0,0.0,0.0
2.86;0.0,0.0,0.12413684278726578;1.0,0.0,0.0,0.0
2.88;0.0,0.0,0.12559986114501953;1.0,0.0,0.0,0.0
2.9;0.0,0.0,0.12706400454044342;1.0,0.0,0.0,0.0
2.92;0.0,0.0,0.12852904200553894;1.0,0.0,0.0,0.0
2.94;0.0,0.0,0.12999477982521057;1.0,0.0,0.0,0.0
2.96;0.0,0.0,0.1314610093832016;1.0,0.0,0.0,0.0
2.98;0.0,0.0,0.1329275518655777;1.0,0.0,0.0,0.0
3.0;0.0,0.0,0.13439418375492096;1.0,0.0,0.0,0.0
3.02;0.0,0.0,0.13586074113845825;1.0,0.0,0.0,0.0
3.04;0.0,0.0,0.13732695579528809;1.0,0.0,0.0,0.0
3.06;0.0,0.0,0.1387927234172821;1.0,0.0,0.0,0.0
3.08;0.0,0.0,0.14025774598121643;1.0,0.0,0.0,0.0
3.1;0.0,0.0,0.14172187447547913;1.0,0.0,0.0,0.0
3.12;0.0,0.0,0.14318490028381348;1.0,0.0,0.0,0.0
3.14;0.0,0.0,0.14464659988880157;1.0,0.0,0.0,0.0
3.16;0.0,0.0,0.14610683917999268;1.0,0.0,0.0,0.0
3.18;0.0,0.0,0.14756536483764648;1.0,0.0,0.0,0.0
3.2;0.0,0.0,0.1490219682455063;1.0,0.0,0.0,0.0
3.22;0.0,0.0,0.15047647058963776;1.0,0.0,0.0,0.0
3.24;0.0,0.0,0.15192869305610657;1.0,0.0,0.0,0.0
3.26;0.0,0.0,0.15337839722633362;1.0,0.0,0.0,0.0
3.28;0.0,0.0,0.15482544898986816;1.0,0.0,0.0,0.0
3.3;0.0,0.0,0.1562695950269699;1.0,0.0,0.0,0.0
3.32;0.0,0.0,0.15771068632602692;1.0,0.0,0.0,0.0
3.34;0.0,0.0,0.1591484546661377;1.0,0.0,0.0,0.0
3.36;0.0,0.0,0.1605827808380127;1.0,0.0,0.0,0.0
3.38;0.0,0.0,0.1620134711265564;1.0,0.0,0.0,0.0
3.4;0.0,0.0,0.1634402871131897;1.0,0.0,0.0,0.0
3.42;0.0,0.0,0.16486307978630066;1.0,0.0,0.0,0.0
3.44;0.0,0.0,0.16628167033195496;1.0,0.0,0.0,0.0
3.46;0.0,0.0,0.1676958203315735;1.0,0.0,0.0,0.0
3.48;0.0,0.0,0.16910536587238312;1.0,0.0,0.0,0.0
3.5;0.0,0.0,0.17051014304161072;1.0,0.0,0.0,0.0
3.52;0.0,0.0,0.17190994322299957;1.0,0.0,0.0,0.0
3.54;0.0,0.0,0.17330464720726013;1.0,0.0,0.0,0.0
3.56;0.0,0.0,0.1746939718723297;1.0,0.0,0.0,0.0
3.58;0.0,0.0,0.17607781291007996;1.0,0.0,0.0,0.0
3.6;0.0,0.0,0.17745594680309296;1.0,0.0,0.0,0.0
3.62;0.0,0.0,0.17882823944091797;1.0,0.0,0.0,0.0
3.64;0.0,0.0,0.18019451200962067;1.0,0.0,0.0,0.0
3.66;0.0,0.0,0.18155457079410553;1.0,0.0,0.0,0.0
3.68;0.0,0.0,0.18290826678276062;1.0,0.0,0.0,0.0
3.7;0.0,0.0,0.1842554360628128;1.0,0.0,0.0,0.0
3.72;0.0,0.0,0.1855958253145218;1.0,0.0,0.0,0.0
3.74;0.0,0.0,0.18692940473556519;1.0,0.0,0.0,0.0
3.76;0.0,0.0,0.1882559359073639;1.0,0.0,0.0,0.0
3.78;0.0,0.0,0.18957526981830597;1.0,0.0,0.0,0.0
3.8;0.0,0.0,0.1908872127532959;1.0,0.0,0.0,0.0
3.82;0.0,0.0,0.19219166040420532;1.0,0.0,0.0,0.0
3.84;0.0,0.0,0.19348843395709991;1.0,0.0,0.0,0.0
3.86;0.0,0.0,0.19477735459804535;1.0,0.0,0.0,0.0
3.88;0.0,0.0,0.19605833292007446;1.0,0.0,0.0,0.0
3.9;0.0,0.0,0.19733119010925293;1.0,0.0,0.0,0.0
3.92;0.0,0.0,0.19859573245048523;1.0,0.0,0.0,0.0
3.94;0.0,0.0,0.1998519003391266;1.0,0.0,0.0,0.0
3.96;0.0,0.0,0.2010994702577591;1.0,0.0,0.0,0.0
3.98;0.0,0.0,0.2023383527994156;1.0,0.0,0.0,0.0
4.0;0.0,0.0,0.20356838405132294;1.0,0.0,0.0,0.0
4.02;0.0,0.0,0.2047894150018692;1.0,0.0,0.0,0.0
4.04;0.0,0.0,0.20600135624408722;1.0,0.0,0.0,0.0
4.06;0.0,0.0,0.20720402896404266;1.0,0.0,0.0,0.0
4.08;0.0,0.0,0.20839734375476837;1.0,0.0,0.0,0.0
4.1;0.0,0.0,0.20958110690116882;1.0,0.0,0.0,0.0
4.12;0.0,0.0,0.21075524389743805;1.0,0.0,0.0,0.0
4.14;0.0,0.0,0.2119196504354477;1.0,0.0,0.0,0.0
4.16;0.0,0.0,0.21307413280010223;1.0,0.0,0.0,0.0
4.18;0.0,0.0,0.21421867609024048;1.0,0.0,0.0,0.0
4.2;0.0,0.0,0.21535305678844452;1.0,0.0,0.0,0.0
4.22;0.0,0.0,0.21647721529006958;1.0,0.0,0.0,0.0
4.24;0.0,0.0,0.21759101748466492;1.0,0.0,0.0,0.0
4.26;0.0,0.0,0.21869440376758575;1.0,0.0,0.0,0.0
4.28;0.0,0.0,0.21978715062141418;1.0,0.0,0.0,0.0
4.3;0.0,0.0,0.2208693027496338;1.0,0.0,0.0,0.0
4.32;0.0,0.0,0.22194060683250427;1.0,0.0,0.0,0.0
4.34;0.0,0.0,0.22300110757350922;1.0,0.0,0.0,0.0
4.36;0.0,0.0,0.22405056655406952;1.0,0.0,0.0,0.0
4.38;0.0,0.0,0.22508901357650757;1.0,0.0,0.0,0.0
4.4;0.0,0.0,0.22611624002456665;1.0,0.0,0.0,0.0
4.42;0.0,0.0,0.22713221609592438;1.0,0.0,0.0,0.0
4.44;0.0,0.0,0.22813686728477478;1.0,0.0,0.0,0.0
4.46;0.0,0.0,0.22913002967834473;1.0,0.0,0.0,0.0
4.48;0.0,0.0,0.23011170327663422;1.0,0.0,0.0,0.0
4.5;0.0,0.0,0.2310817688703537;1.0,0.0,0.0,0.0
4.52;0.0,0.0,0.23204012215137482;1.0,0.0,0.0,0.0
4.54;0.0,0.0,0.2329867035150528;1.0,0.0,0.0,0.0
4.56;0.0,0.0,0.23392143845558167;1.0,0.0,0.0,0.0
4.58;0.0,0.0,0.23484423756599426;1.0,0.0,0.0,0.0
4.6;0.0,0.0,0.2357550859451294;1.0,0.0,0.0,0.0
4.62;0.0,0.0,0.23665380477905273;1.0,0.0,0.0,0.0
4.64;0.0,0.0,0.23754042387008667;1.0,0.0,0.0,0.0
4.66;0.0,0.0,0.23841479420661926;1.0,0.0,0.0,0.0
4.68;0.0,0.0,0.2392769455909729;1.0,0.0,0.0,0.0
4.7;0.0,0.0,0.24012675881385803;1.0,0.0,0.0,0.0
4.72;0.0,0.0,0.2409641444683075;1.0,0.0,0.0,0.0
4.74;0.0,0.0,0.2417890429496765;1.0,0.0,0.0,0.0
4.76;0.0,0.0,0.24260151386260986;1.0,0.0,0.0,0.0
4.78;0.0,0.0,0.24340137839317322;1.0,0.0,0.0,0.0
4.8;0.0,0.0,0.2441886067390442;1.0,0.0,0.0,0.0
4.82;0.0,0.0,0.24496319890022278;1.0,0.0,0.0,0.0
4.84;0.0,0.0,0.24572500586509705;1.0,0.0,0.0,0.0
4.86;0.0,0.0,0.24647408723831177;1.0,0.0,0.0,0.0
4.88;0.0,0.0,0.24721041321754456;1.0,0.0,0.0,0.0
4.9;0.0,0.0,0.24793380498886108;1.0,0.0,0.0,0.0
4.92;0.0,0.0,0.24864432215690613;1.0,0.0,0.0,0.0
4.94;0.0,0.0,0.2493419051170349;1.0,0.0,0.0,0.0
4.96;0.0,0.0,0.25002649426460266;1.0,0.0,0.0,0.0
4.98;0.0,0.0,0.250698059797287;1.0,0.0,0.0,0.0
5.0;0.0,0.0,0.2513566315174103;1.0,0.0,0.0,0.0
5.02;0.0,0.0,0.25200212001800537;1.0,0.0,0.0,0.0
5.04;0.0,0.0,0.2526344358921051;1.0,0.0,0.0,0.0
5.06;0.0,0.0,0.253253698348999;1.0,0.0,0.0,0.0
5.08;0.0,0.0,0.2538596987724304;1.0,0.0,0.0,0.0
5.1;0.0,0.0,0.25445255637168884;1.0,0.0,0.0,0.0
5.12;0.0,0.0,0.25503215193748474;1.0,0.0,0.0,0.0
5.14;0.0,0.0,0.2555985152721405;1.0,0.0,0.0,0.0
5.16;0.0,0.0,0.2561516761779785;1.0,0.0,0.0,0.0
5.18;0.0,0.0,0.25669148564338684;1.0,0.0,0.0,0.0
5.2;0.0,0.0,0.25721800327301025;1.0,0.0,0.0,0.0
5.22;0.0,0.0,0.257731169462204;1.0,0.0,0.0,0.0
5.24;0.0,0.0,0.2582310736179352;1.0,0.0,0.0,0.0
5.26;0.0,0.0,0.2587175667285919;1.0,0.0,0.0,0.0
5.28;0.0,0.0,0.25919070839881897;1.0,0.0,0.0,0.0
5.3;0.0,0.0,0.25965049862861633;1.0,0.0,0.0,0.0
5.32;0.0,0.0,0.26009684801101685;1.0,0.0,0.0,0.0
5.34;0.0,0.0,0.2605298161506653;1.0,0.0,0.0,0.0
5.36;0.0,0.0,0.2609494626522064;1.0,0.0,0.0,0.0
5.38;0.0,0.0,0.26135560870170593;1.0,0.0,0.0,0.0
5.4;0.0,0.0,0.26174840331077576;1.0,0.0,0.0,0.0
5.42;0.0,0.0,0.26212772727012634;1.0,0.0,0.0,0.0
5.44;0.0,0.0,0.2624936103820801;1.0,0.0,0.0,0.0
5.46;0.0,0.0,0.26284611225128174;1.0,0.0,0.0,0.0
5.48;0.0,0.0,0.2631852328777313;1.0,0.0,0.0,0.0
5.5;0.0,0.0,0.2635108530521393;1.0,0.0,0.0,0.0
5.52;0.0,0.0,0.26382309198379517;1.0,0.0,0.0,0.0
5.54;0.0,0.0,0.26412197947502136;1.0,0.0,0.0,0.0
5.56;0.0,0.0,0.26440736651420593;1.0,0.0,0.0,0.0
5.58;0.0,0.0,0.2646793723106384;1.0,0.0,0.0,0.0
5.6;0.0,0.0,0.26493796706199646;1.0,0.0,0.0,0.0
5.62;0.0,0.0,0.2651832103729248;1.0,0.0,0.0,0.0
5.64;0.0,0.0,0.2654150426387787;1.0,0.0,0.0,0.0
5.66;0.0,0.0,0.2656334936618805;1.0,0.0,0.0,0.0
5.68;0.0,0.0,0.265838623046875;1.0,0.0,0.0,0.0
5.7;0.0,0.0,0.2660304009914398;1.0,0.0,0.0,0.0
5.72;0.0,0.0,0.26620879769325256;1.0,0.0,0.0,0.0
5.74;0.0,0.0,0.2663739025592804;1.0,0.0,0.0,0.0
5.76;0.0,0.0,0.2665257155895233;1.0,0.0,0.0,0.0
5.78;0.0,0.0,0.26666420698165894;1.0,0.0,0.0,0.0
5.8;0.0,0.0,0.26678937673568726;1.0,0.0,0.0,0.0
5.82;0.0,0.0,0.2669013440608978;1.0,0.0,0.0,0.0
5.84;0.0,0.0,0.26700007915496826;1.0,0.0,0.0,0.0
5.86;0.0,0.0,0.2670854926109314;1.0,0.0,0.0,0.0
5.88;0.0,0.0,0.26715779304504395;1.0,0.0,0.0,0.0
5.9;0.0,0.0,0.26721692085266113;1.0,0.0,0.0,0.0
5.92;0.0,0.0,0.2672628164291382;1.0,0.0,0.0,0.0
5.94;0.0,0.0,0.26729559898376465;1.0,0.0,0.0,0.0
5.96;0.0,0.0,0.2673152685165405;1.0,0.0,0.0,0.0
5.98;0.0,0.0,0.26732176542282104;1.0,0.0,0.0,0.0
6.0;2.03795070774504e-06,9.801129635889083e-06,0.26732176542282104;0.9999918341636658,1.5367140804301016e-07,2.3921066372167843e-07,1.7853455574368127e-05
6.02;8.15652310848236e-06,3.922721589333378e-05,0.26732176542282104;0.9999674558639526,6.150415288175282e-07,9.573966508469312e-07,7.145517156459391e-05
6.04;1.8362647097092122e-05,8.831158629618585e-05,0.26732176542282104;0.999926745891571,1.3846330375599791e-06,2.15537170333846e-06,0.00016086587856989354
6.06;3.2663043384673074e-05,0.00015708657156210393,0.26732176542282104;0.9998697638511658,2.462952807036345e-06,3.833924438367831e-06,0.00028614443726837635
6.08;5.106424941914156e-05,0.0002455836220178753,0.26732176542282104;0.9997963309288025,3.850493158097379e-06,5.993822014715988e-06,0.00044734810944646597
6.1;7.357254798989743e-05,0.0003538329037837684,0.26732176542282104;0.9997065663337708,5.547728051169543e-06,8.635801350465044e-06,0.0006445319158956409
6.12;0.0001001940545393154,0.00048186382628045976,0.26732176542282104;0.9996004104614258,7.555119282187661e-06,1.176058140117675e-05,0.0008777494076639414
6.14;0.0001309345825575292,0.0006297045038081706,0.26732176542282104;0.9994778633117676,9.873105227597989e-06,1.536884519737214e-05,0.0011470516910776496
6.16;0.00016579980729147792,0.000797382032033056,0.26732176542282104;0.9993387460708618,1.2502112440415658e-05,1.9461256670183502e-05,0.001452488242648542
6.18;0.00020479512750171125,0.000984922400675714,0.26732176542282104;0.9991832971572876,1.5442550648003817e-05,2.403845064691268e-05,0.0017941065598279238
6.2;0.0002479257236700505,0.0011923506390303373,0.26732176542282104;0.9990112781524658,1.8694805476116017e-05,2.9101036489009857e-05,0.002171951811760664
6.22;0.00029519639792852104,0.0014196898555383086,0.26732176542282104;0.9988227486610413,2.2259246179601178e-05,3.464957626420073e-05,0.0025860664900392294
6.24;0.00034661192330531776,0.001666962867602706,0.26732176542282104;0.9986176490783691,2.6136225642403588e-05,4.068462658324279e-05,0.0030364918056875467
6.26;0.0004021766362711787,0.0019341903971508145,0.26732176542282104;0.998396098613739,3.0326076739584096e-05,4.720670767710544e-05,0.0035232659429311752
6.28;0.00046189469867385924,0.002221392933279276,0.26732176542282104;0.9981579184532166,3.482911051833071e-05,5.4216299758991227e-05,0.0040464261546730995
6.3;0.0005257699522189796,0.002528588753193617,0.26732176542282104;0.9979032278060913,3.964561255997978e-05,6.17138430243358e-05,0.0046060043387115
6.32;0.000593805976677686,0.0028557947371155024,0.26732176542282104;0.997631847858429,4.4775864807888865e-05,6.969978858251125e-05,0.005202034022659063
6.34;0.0006660061771981418,0.003203027416020632,0.26732176542282104;0.997343897819519,5.022010736865923e-05,7.817450386937708e-05,0.0058345431461930275
6.36;0.0007423735223710537,0.0035703014582395554,0.26732176542282104;0.9970393776893616,5.597857671091333e-05,8.7138352682814e-05,0.006503559183329344
6.38;0.0008229105733335018,0.003957629203796387,0.26732176542282104;0.996718168258667,6.205146200954914e-05,9.65916333370842e-05,0.007209104020148516
6.4;0.0009076200076378882,0.0043650222942233086,0.26732176542282104;0.9963803291320801,6.843896699137986e-05,0.0001065346659743227,0.007951200939714909
6.42;0.0009965039789676666,0.004792492371052504,0.26732176542282104;0.9960258603096008,7.514125172747299e-05,0.00011696767614921555,0.008729866705834866
6.44;0.00108956394251436,0.005240046419203281,0.26732176542282104;0.9956547617912292,8.215842535719275e-05,0.00012789087486453354,0.009545119479298592
6.46;0.0011868017027154565,0.005707691889256239,0.26732176542282104;0.9952669143676758,8.949062612373382e-05,0.00013930445129517466,0.010396969504654408
6.48;0.001288218074478209,0.0061954353004693985,0.26732176542282104;0.9948624968528748,9.713791951071471e-05,0.00015120852913241833,0.011285427026450634
6.5;0.0013938143383711576,0.006703279912471771,0.26732176542282104;0.9944413304328918,0.0001051003928296268,0.00016360319568775594,0.012210503220558167
6.52;0.0015035904943943024,0.007231227122247219,0.26732176542282104;0.9940035939216614,0.0001133780533564277,0.0001764885091688484,0.013172196224331856
6.54;0.0016175471246242523,0.007779279258102179,0.26732176542282104;0.993549108505249,0.00012197093747090548,0.0001898645277833566,0.014170512557029724
6.56;0.001735683879815042,0.008347434923052788,0.26732176542282104;0.9930779933929443,0.00013087900879327208,0.00020373117877170444,0.015205448493361473
6.58;0.0018580001778900623,0.00893569178879261,0.26732176542282104;0.9925901889801025,0.00014010226004756987,0.00021808843303006142,0.016277000308036804
6.6;0.001984494738280773,0.009544042870402336,0.26732176542282104;0.9920856952667236,0.00014964057481847703,0.00023293613048736006,0.017385156825184822
6.62;0.002115167211741209,0.010172486305236816,0.26732176542282104;0.9915645122528076,0.00015949389489833266,0.000248274183832109,0.01852991059422493
6.64;0.0022500150371342897,0.010821009986102581,0.26732176542282104;0.991026759147644,0.00016966207476798445,0.0002641023602336645,0.019711242988705635
6.66;0.0023890358861535788,0.011489604599773884,0.26732176542282104;0.9904723167419434,0.00018014493980444968,0.0002804203541018069,0.020929135382175446
6.68;0.0025322281289845705,0.012178260833024979,0.26732176542282104;0.9899013042449951,0.00019094232993666083,0.00029722799081355333,0.022183571010828018
6.7;0.0026795887388288975,0.012886962853372097,0.26732176542282104;0.9893136024475098,0.0002020540414378047,0.00031452489201910794,0.023474521934986115
6.72;0.002831113524734974,0.013615692034363747,0.26732176542282104;0.9887092709541321,0.00021347975416574627,0.00033231056295335293,0.02480195462703705
6.74;0.0029868001583963633,0.014364436268806458,0.26732176542282104;0.9880884289741516,0.00022521927894558758,0.00035058477078564465,0.02616584673523903
6.76;0.0031466439832001925,0.015133175067603588,0.26732176542282104;0.987450897693634,0.00023727228108327836,0.0003693469043355435,0.027566157281398773
6.78;0.0033106401097029448,0.015921881422400475,0.26732176542282104;0.9867969155311584,0.0002496383967809379,0.00038859646883793175,0.029002845287322998
6.8;0.0034787836484611034,0.01673053577542305,0.26732176542282104;0.9861263632774353,0.00026231721858493984,0.00040833279490470886,0.030475866049528122
6.82;0.003651069477200508,0.01755911111831665,0.26732176542282104;0.9854393005371094,0.0002753084118012339,0.00042855541687458754,0.03198517858982086
6.84;0.0038274924736469984,0.018407583236694336,0.26732176542282104;0.9847356677055359,0.00028861156897619367,0.0004492635780479759,0.03353072702884674
6.86;0.004008044023066759,0.019275911152362823,0.26732176542282104;0.9840156435966492,0.0003022260498255491,0.0004704563762061298,0.035112448036670685
6.88;0.0041927192360162735,0.020164070650935173,0.26732176542282104;0.9832791686058044,0.00031615144689567387,0.0004921332001686096,0.03673029690980911
6.9;0.004381511360406876,0.021072030067443848,0.26732176542282104;0.9825262427330017,0.0003303872945252806,0.0005142932641319931,0.03838420659303665
6.92;0.004574411083012819,0.021999744698405266,0.26732176542282104;0.981756865978241,0.0003449328651186079,0.0005369354039430618,0.04007410258054733
6.94;0.00477141048759222,0.022947173565626144,0.26732176542282104;0.9809712767601013,0.0003597875765990466,0.0005600588629022241,0.041799917817115784
6.96;0.004972502123564482,0.023914285004138947,0.26732176542282104;0.9801692962646484,0.00037495087599381804,0.0005836625350639224,0.04356157407164574
6.98;0.005177674349397421,0.024901021271944046,0.26732176542282104;0.9793510437011719,0.0003904218610841781,0.0006077453144825995,0.04535898566246033
7.0;0.005386921111494303,0.025907350704073906,0.26732176542282104;0.9785165786743164,0.0004062000662088394,0.0006323062116280198,0.04719208925962448
7.02;0.005600228905677795,0.02693321369588375,0.26732176542282104;0.977665901184082,0.0004222845018375665,0.0006573438877239823,0.049060773104429245
7.04;0.005817587953060865,0.02797855995595455,0.26732176542282104;0.9767990112304688,0.0004386744403745979,0.000682857062201947,0.050964947789907455
7.06;0.006038987077772617,0.02904333919286728,0.26732176542282104;0.9759160876274109,0.0004553690378088504,0.0007088445127010345,0.052904512733221054
7.08;0.006264415569603443,0.03012748993933201,0.26732176542282104;0.9750170707702637,0.0004723674210254103,0.0007353047840297222,0.05487937852740288
7.1;0.006493860390037298,0.03123096376657486,0.26732176542282104;0.9741020202636719,0.0004896686878055334,0.0007622366538271308,0.056889425963163376
7.12;0.006727307569235563,0.032353684306144714,0.26732176542282104;0.9731709957122803,0.0005072717322036624,0.0007896382594481111,0.058934543281793594
7.14;0.006964745000004768,0.033495593816041946,0.26732176542282104;0.9722241163253784,0.0005251757684163749,0.0008175082039088011,0.06101461499929428
7.16;0.0072061591781675816,0.034656625241041183,0.26732176542282104;0.9712613224983215,0.00054337945766747,0.0008458448573946953,0.06312951445579529
7.18;0.00745153333991766,0.035836707800626755,0.26732176542282104;0.9702827334403992,0.0005618819268420339,0.0008746464154683053,0.06527911871671677
7.2;0.007700854912400246,0.03703576698899269,0.26732176542282104;0.9692884087562561,0.0005806820117868483,0.0009039113065227866,0.06746330112218857
7.22;0.007954105734825134,0.03825373202562332,0.26732176542282104;0.9682784676551819,0.0005997783737257123,0.0009336373768746853,0.06968190521001816
7.24;0.008211272768676281,0.03949052840471268,0.26732176542282104;0.9672528505325317,0.0006191699649207294,0.0009638231131248176,0.07193481177091599
7.26;0.008472335524857044,0.040746059268713,0.26732176542282104;0.9662116765975952,0.0006388553883880377,0.000994466245174408,0.07422185689210892
7.28;0.00873727910220623,0.04202025383710861,0.26732176542282104;0.9651551246643066,0.000658833421766758,0.0010255647357553244,0.07654289156198502
7.3;0.009006085805594921,0.04331302270293236,0.26732176542282104;0.9640830755233765,0.0006791027262806892,0.0010571167804300785,0.07889776676893234
7.32;0.009278734214603901,0.04462427645921707,0.26732176542282104;0.962995707988739,0.0006996617885306478,0.0010891197016462684,0.08128630369901657
7.34;0.009555208496749401,0.04595392197370529,0.26732176542282104;0.9618930816650391,0.0007205092115327716,0.0011215717531740665,0.08370835334062576
7.36;0.009835486300289631,0.04730186238884926,0.26732176542282104;0.9607753753662109,0.0007416435400955379,0.0011544700246304274,0.0861637219786644
7.38;0.010119548067450523,0.04866800457239151,0.26732176542282104;0.9596425294876099,0.000763063202612102,0.0011878127697855234,0.08865224570035934
7.4;0.010407373309135437,0.05005224049091339,0.26732176542282104;0.9584946036338806,0.0007847665692679584,0.001221597078256309,0.09117373079061508
7.42;0.010698937810957432,0.05145446956157684,0.26732176542282104;0.9573318362236023,0.0008067520684562624,0.001255820388905704,0.09372799098491669
7.44;0.01099422201514244,0.05287458375096321,0.26732176542282104;0.9561542868614197,0.0008290178957395256,0.00129048025701195,0.09631482511758804
7.46;0.011293202638626099,0.05431247130036354,0.26732176542282104;0.954961895942688,0.0008515624213032424,0.001325574005022645,0.09893403947353363
7.48;0.01159585453569889,0.05576801300048828,0.26732176542282104;0.9537549018859863,0.0008743838407099247,0.0013610988389700651,0.10158541798591614
7.5;0.011902155354619026,0.057241104543209076,0.26732176542282104;0.9525333046913147,0.0008974804077297449,0.001397051615640521,0.10426875948905945
7.52;0.012212077155709267,0.05873161554336548,0.26732176542282104;0.9512973427772522,0.0009208500268869102,0.0014334297738969326,0.10698382556438446
7.54;0.012525597587227821,0.060239434242248535,0.26732176542282104;0.9500470161437988,0.000944491068366915,0.0014702300541102886,0.10973042249679565
7.56;0.012842687778174877,0.061764419078826904,0.26732176542282104;0.9487824440002441,0.0009684012038633227,0.0015074496623128653,0.11250829696655273
7.58;0.013163323514163494,0.06330645084381104,0.26732176542282104;0.9475037455558777,0.000992578687146306,0.0015450852224603295,0.11531722545623779
7.6;0.013487474992871284,0.06486540287733078,0.26732176542282104;0.9462109804153442,0.001017021364532411,0.0015831335913389921,0.11815696954727173
7.62;0.01381511427462101,0.066441111266613,0.26732176542282104;0.9449043273925781,0.0010417267912998796,0.0016215909272432327,0.12102722376585007
7.64;0.014146214351058006,0.06803347170352936,0.26732176542282104;0.9435838460922241,0.0010666934540495276,0.0016604550182819366,0.12392784655094147
7.66;0.014480747282505035,0.06964234262704849,0.26732176542282104;0.9422497749328613,0.001091918908059597,0.00169972178991884,0.12685850262641907
7.68;0.014818677678704262,0.07126755267381668,0.26732176542282104;0.9409019947052002,0.0011174003593623638,0.0017393874004483223,0.12981894612312317
7.7;0.015159973874688148,0.07290895283222198,0.26732176542282104;0.9395409226417542,0.001143135828897357,0.0017794481245800853,0.1328088641166687
7.72;0.015504608862102032,0.07456641644239426,0.26732176542282104;0.9381664991378784,0.00116912298835814,0.0018199008191004395,0.13582804799079895
7.74;0.01585255190730095,0.07623977959156036,0.26732176542282104;0.9367789030075073,0.0011953596258535981,0.0018607416423037648,0.13887619972229004
7.76;0.01620376482605934,0.07792886346578598,0.26732176542282104;0.9353782534599304,0.0012218428310006857,0.0019019662868231535,0.1419529914855957
7.78;0.016558215022087097,0.07963351905345917,0.26732176542282104;0.9339646697044373,0.0012485699262470007,0.0019435705617070198,0.14505814015865326
7.8;0.01691587269306183,0.08135360479354858,0.26732176542282104;0.9325382709503174,0.0012755391653627157,0.0019855517894029617,0.1481914073228836
7.82;0.017276696860790253,0.0830889344215393,0.26732176542282104;0.9310992360115051,0.0013027471723034978,0.0020279050804674625,0.1513524055480957
7.84;0.01764065958559513,0.08483932912349701,0.26732176542282104;0.9296478033065796,0.0013301915023475885,0.002070625778287649,0.15454089641571045
7.86;0.018007714301347733,0.08660461008548737,0.26732176542282104;0.9281839728355408,0.0013578693615272641,0.002113710157573223,0.1577564775943756
7.88;0.01837782934308052,0.08838460594415665,0.26732176542282104;0.9267078638076782,0.0013857778394594789,0.0021571535617113113,0.1609988808631897
7.9;0.01875096932053566,0.09017916023731232,0.26732176542282104;0.9252197742462158,0.0014139143750071526,0.0022009522654116154,0.16426776349544525
7.92;0.019127096980810165,0.09198805689811707,0.26732176542282104;0.9237197637557983,0.0014422760577872396,0.002245100913569331,0.1675628125667572
7.94;0.019506167620420456,0.09381112456321716,0.26732176542282104;0.9222080111503601,0.0014708599774166942,0.0022895955480635166,0.1708836704492569
7.96;0.019888143986463547,0.09564816951751709,0.26732176542282104;0.9206846356391907,0.0014996628742665052,0.0023344315122812986,0.17422997951507568
7.98;0.020272988826036453,0.09749901294708252,0.26732176542282104;0.9191498756408691,0.0015286820707842708,0.002379603683948517,0.1776013970375061
8.0;0.020660655573010445,0.09936341643333435,0.26732176542282104;0.9176037907600403,0.001557914074510336,0.002425107406452298,0.1809975653886795
8.02;0.021051106974482536,0.10124120861291885,0.26732176542282104;0.916046679019928,0.001587355975061655,0.002470937557518482,0.18441809713840485
8.04;0.021444298326969147,0.10313219577074051,0.26732176542282104;0.914478600025177,0.0016170043963938951,0.002517089946195483,0.18786266446113586
8.06;0.021840190514922142,0.105036161839962,0.26732176542282104;0.9128997325897217,0.0016468566609546542,0.0025635589845478535,0.19133087992668152
8.08;0.02223873883485794,0.10695290565490723,0.26732176542282104;0.9113103151321411,0.0016769091598689556,0.002610339317470789,0.19482234120368958
8.1;0.022639891132712364,0.10888217389583588,0.26732176542282104;0.9097104668617249,0.0017071581678465009,0.0026574262883514166,0.1983366459608078
8.12;0.023043613880872726,0.11082379519939423,0.26732176542282104;0.9081003665924072,0.0017376006580889225,0.002704814076423645,0.20187345147132874
8.14;0.023449856787919998,0.11277754604816437,0.26732176542282104;0.9064802527427673,0.0017682333709672093,0.002752498257905245,0.20543234050273895
8.16;0.023858575150370598,0.1147432029247284,0.26732176542282104;0.9048503041267395,0.0017990528140217066,0.0028004730120301247,0.2090129256248474
8.18;0.024269722402095795,0.1167205274105072,0.26732176542282104;0.9032105803489685,0.001830055145546794,0.0028487322852015495,0.2126147598028183
8.2;0.024683242663741112,0.1187092736363411,0.26732176542282104;0.901561439037323,0.0018612367566674948,0.0028972707223147154,0.21623742580413818
8.22;0.025099102407693863,0.12070927768945694,0.26732176542282104;0.8999029397964478,0.0018925946205854416,0.0029460834339261055,0.21988055109977722
8.24;0.02551724761724472,0.12272025644779205,0.26732176542282104;0.8982353806495667,0.0019241247791796923,0.002995164366438985,0.2235437035560608
8.26;0.025937624275684357,0.12474196404218674,0.26732176542282104;0.8965588808059692,0.001955823041498661,0.003044507233425975,0.2272264063358307
8.28;0.02636018954217434,0.12677422165870667,0.26732176542282104;0.8948736786842346,0.001987686613574624,0.0030941073782742023,0.23092828691005707
8.3;0.02678488940000534,0.12881672382354736,0.26732176542282104;0.8931799530982971,0.0020197113044559956,0.003143958281725645,0.23464888334274292
8.32;0.02721167355775833,0.13086926937103271,0.26732176542282104;0.8914778232574463,0.002051892690360546,0.003194053191691637,0.23838770389556885
8.34;0.02764049544930458,0.13293159008026123,0.26732176542282104;0.8897677063941956,0.002084227977320552,0.0032443872187286615,0.2421444058418274
8.36;0.028071295469999313,0.1350034475326538,0.26732176542282104;0.8880496025085449,0.002116712275892496,0.003294953377917409,0.245918408036232
8.38;0.02850402519106865,0.13708457350730896,0.26732176542282104;0.8863239288330078,0.002149342093616724,0.003345746546983719,0.2497093379497528
8.4;0.02893863245844841,0.13917472958564758,0.26732176542282104;0.8845906257629395,0.002182113705202937,0.003396760206669569,0.2535167336463928
8.42;0.029375065118074417,0.14127367734909058,0.26732176542282104;0.8828501105308533,0.0022150229196995497,0.0034479876048862934,0.25734007358551025
8.44;0.029813263565301895,0.14338110387325287,0.26732176542282104;0.8811025619506836,0.0022480653133243322,0.0034994224552065134,0.2611789107322693
8.46;0.030253179371356964,0.14549681544303894,0.26732176542282104;0.87934809923172,0.0022812369279563427,0.0035510589368641376,0.2650328278541565
8.48;0.030694760382175446,0.14762049913406372,0.26732176542282104;0.877587080001831,0.0023145342711359262,0.0036028907634317875,0.2689012885093689
8.5;0.031137943267822266,0.1497519165277481,0.26732176542282104;0.8758196234703064,0.00234795268625021,0.003654911182820797,0.2727837860584259
8.52;0.031582675874233246,0.15189076960086823,0.26732176542282104;0.8740459680557251,0.002381487749516964,0.003707112744450569,0.2766798734664917
8.54;0.03202890604734421,0.15403683483600616,0.26732176542282104;0.8722663521766663,0.0024151355028152466,0.0037594905588775873,0.2805890440940857
8.56;0.032476574182510376,0.15618979930877686,0.26732176542282104;0.8704810738563538,0.002448892220854759,0.003812036942690611,0.28451085090637207
8.58;0.032925620675086975,0.15834940969944,0.26732176542282104;0.8686902523040771,0.002482752315700054,0.0038647453766316175,0.28844472765922546
8.6;0.033375997096300125,0.16051539778709412,0.26732176542282104;0.8668941259384155,0.0025167125277221203,0.003917609341442585,0.29239022731781006
8.62;0.033827632665634155,0.16268745064735413,0.26732176542282104;0.8650929927825928,0.0025507682003080845,0.00397062161937356,0.2963467836380005
8.64;0.034280482679605484,0.16486534476280212,0.26732176542282104;0.8632869124412537,0.0025849153753370047,0.004023775923997164,0.3003139793872833
8.66;0.03473447635769844,0.16704873740673065,0.26732176542282104;0.8614764213562012,0.0026191486977040768,0.0040770648047327995,0.3042911887168884
8.68;0.03518956899642944,0.1692374050617218,0.26732176542282104;0.8596614599227905,0.002653464674949646,0.0041304826736450195,0.30827802419662476
8.7;0.03564568608999252,0.17143100500106812,0.26732176542282104;0.8578423857688904,0.002687858184799552,0.004184020683169365,0.3122738003730774
8.72;0.0361027792096138,0.17362931370735168,0.26732176542282104;0.8560194969177246,0.002722325501963496,0.004237674176692963,0.31627821922302246
8.74;0.0365607887506485,0.17583203315734863,0.26732176542282104;0.8541929125785828,0.0027568615041673183,0.0042914338409900665,0.32029056549072266
8.76;0.037019651383161545,0.1780388504266739,0.26732176542282104;0.8523629307746887,0.0027914620004594326,0.004345294553786516,0.32431045174598694
8.78;0.03747931122779846,0.18024946749210358,0.26732176542282104;0.8505297899246216,0.0028261221013963223,0.004399248398840427,0.32833731174468994
8.8;0.03793969750404358,0.1824636161327362,0.26732176542282104;0.8486936688423157,0.002860838081687689,0.004453287459909916,0.3323705196380615
8.82;0.038400761783123016,0.1846810132265091,0.26732176542282104;0.8468549847602844,0.0028956043533980846,0.004507406614720821,0.33640968799591064
8.84;0.0388624407351017,0.18690137565135956,0.26732176542282104;0.8450137972831726,0.0029304171912372112,0.004561597481369972,0.34045419096946716
8.86;0.039324671030044556,0.18912439048290253,0.26732176542282104;0.8431703448295593,0.0029652719385921955,0.0046158526092767715,0.34450358152389526
8.88;0.03978739306330681,0.19134977459907532,0.26732176542282104;0.8413249850273132,0.003000163473188877,0.004670166410505772,0.3485572338104248
8.9;0.040250543504953384,0.19357720017433167,0.26732176542282104;0.8394778966903687,0.003035087138414383,0.004724530037492514,0.3526146709918976
8.92;0.04071406275033951,0.19580639898777008,0.26732176542282104;0.8376293778419495,0.0030700387433171272,0.004778936970978975,0.35667532682418823
8.94;0.041177891194820404,0.19803708791732788,0.26732176542282104;0.83577960729599,0.003105013631284237,0.00483337976038456,0.3607386350631714
8.96;0.041641965508461,0.20026895403862,0.26732176542282104;0.8339288234710693,0.003140007145702839,0.004887852352112532,0.364804208278656
8.98;0.042106226086616516,0.20250171422958374,0.26732176542282104;0.8320773243904114,0.0031750143971294165,0.0049423458985984325,0.3688713312149048
9.0;0.04257059842348099,0.20473505556583405,0.26732176542282104;0.8302253484725952,0.003210030496120453,0.00499685388058424,0.3729395270347595
9.02;0.04303504526615143,0.20696870982646942,0.26732176542282104;0.8283731341362,0.0032450519502162933,0.005051369313150644,0.37700825929641724
9.04;0.04349948465824127,0.20920231938362122,0.26732176542282104;0.8265209197998047,0.0032800729386508465,0.005105883814394474,0.38107699155807495
9.06;0.04396386444568634,0.2114357054233551,0.26732176542282104;0.8246688842773438,0.003315089736133814,0.005160392727702856,0.3851451873779297
9.08;0.044428128749132156,0.21366848051548004,0.26732176542282104;0.8228173851966858,0.003350097220391035,0.005214886739850044,0.38921231031417847
9.1;0.04489219933748245,0.21590034663677216,0.26732176542282104;0.8209666013717651,0.003385090734809637,0.005269358400255442,0.3932778835296631
9.12;0.045356035232543945,0.21813102066516876,0.26732176542282104;0.8191168308258057,0.0034200656227767467,0.005323802120983601,0.397341251373291
9.14;0.04581955075263977,0.22036021947860718,0.26732176542282104;0.8172682523727417,0.0034550167620182037,0.005378209054470062,0.4014018774032593
9.16;0.046282704919576645,0.2225876897573471,0.26732176542282104;0.8154212236404419,0.003489941358566284,0.005432573147118092,0.40545937418937683
9.18;0.0467454195022583,0.22481302917003632,0.26732176542282104;0.8135759234428406,0.003524831961840391,0.005486886017024517,0.409512996673584
9.2;0.04720764607191086,0.2270360291004181,0.26732176542282104;0.8117325305938721,0.003559686243534088,0.005541141144931316,0.4135623276233673
9.22;0.04766933247447014,0.22925639152526855,0.26732176542282104;0.8098912835121155,0.003594499547034502,0.005595332011580467,0.4176068902015686
9.24;0.04813038930296898,0.23147380352020264,0.26732176542282104;0.8080525398254395,0.0036292660515755415,0.005649451166391373,0.42164602875709534
9.26;0.048590779304504395,0.23368793725967407,0.26732176542282104;0.8062164783477783,0.0036639817990362644,0.005703491158783436,0.4256792664527893
9.28;0.04905043914914131,0.23589858412742615,0.26732176542282104;0.8043833374977112,0.003698641899973154,0.00575744453817606,0.4297061264514923
9.3;0.04950929433107376,0.23810537159442902,0.26732176542282104;0.8025532960891724,0.0037332421634346247,0.005811304785311222,0.4337259531021118
9.32;0.04996730759739876,0.24030807614326477,0.26732176542282104;0.8007267713546753,0.003767778165638447,0.005865064449608326,0.437738299369812
9.34;0.050424400717020035,0.24250638484954834,0.26732176542282104;0.79890376329422,0.003802245482802391,0.005918717943131924,0.4417426884174347
9.36;0.05088052526116371,0.24470001459121704,0.26732176542282104;0.7970848083496094,0.0038366392254829407,0.005972256883978844,0.4457385540008545
9.38;0.05133561044931412,0.246888667345047,0.26732176542282104;0.7952698469161987,0.0038709549698978662,0.0060256728902459145,0.44972532987594604
9.4;0.051789604127407074,0.24907207489013672,0.26732176542282104;0.7934592962265015,0.003905188525095582,0.0060789622366428375,0.45370253920555115
9.42;0.0522424578666687,0.2512499690055847,0.26732176542282104;0.7916532754898071,0.003939335700124502,0.006132117472589016,0.45766976475715637
9.44;0.05269410088658333,0.2534220814704895,0.26732176542282104;0.7898521423339844,0.003973391838371754,0.006185130216181278,0.4616263210773468
9.46;0.05314446613192558,0.25558799505233765,0.26732176542282104;0.7880560159683228,0.0040073515847325325,0.006237993016839027,0.4655717611312866
9.48;0.05359351634979248,0.257747620344162,0.26732176542282104;0.7862651348114014,0.0040412116795778275,0.006290702149271965,0.4695056676864624
9.5;0.05404118448495865,0.25990062952041626,0.26732176542282104;0.7844798564910889,0.00407496839761734,0.006343248300254345,0.47342750430107117
9.52;0.054487407207489014,0.2620466351509094,0.26732176542282104;0.78270024061203,0.004108615219593048,0.0063956244848668575,0.4773366153240204
9.54;0.05493214353919029,0.26418551802635193,0.26732176542282104;0.7809265851974487,0.004142151214182377,0.006447827443480492,0.48123279213905334
9.56;0.05537533387541771,0.26631689071655273,0.26732176542282104;0.7791591882705688,0.004175569396466017,0.006499848328530788,0.4851152300834656
9.58;0.055816899985075,0.2684406042098999,0.26732176542282104;0.7773981094360352,0.004208866041153669,0.006551679223775864,0.4889836609363556
9.6;0.05625682696700096,0.2705562710762024,0.26732176542282104;0.7756437063217163,0.004242038354277611,0.006603315472602844,0.4928375780582428
9.62;0.056695032864809036,0.27266374230384827,0.26732176542282104;0.7738960981369019,0.004275081213563681,0.0066547514870762825,0.4966764748096466
9.64;0.057131461799144745,0.27476269006729126,0.26732176542282104;0.7721555829048157,0.004307989962399006,0.006705978885293007,0.5004998445510864
9.66;0.057566069066524506,0.2768528461456299,0.26732176542282104;0.7704223394393921,0.004340761806815863,0.00675699207931757,0.504307210445404
9.68;0.05799880623817444,0.2789340019226074,0.26732176542282104;0.7686965465545654,0.004373392090201378,0.006807785481214523,0.5080981254577637
9.7;0.058429598808288574,0.281005859375,0.26732176542282104;0.7669785022735596,0.0044058761559426785,0.006858351640403271,0.5118721723556519
9.72;0.058858416974544525,0.28306812047958374,0.26732176542282104;0.7652683258056641,0.0044382112100720406,0.006908685900270939,0.5156288146972656
9.74;0.059285204857587814,0.28512072563171387,0.26732176542282104;0.7635663151741028,0.004470393061637878,0.006958781275898218,0.5193677544593811
9.76;0.05970989912748337,0.2871631979942322,0.26732176542282104;0.7618725895881653,0.004502417519688606,0.007008631248027086,0.523088276386261
9.78;0.0601324588060379,0.2891954183578491,0.26732176542282104;0.7601873874664307,0.004534280858933926,0.007058229763060808,0.5267900824546814
9.8;0.060552842915058136,0.2912171483039856,0.26732176542282104;0.7585108280181885,0.004565979354083538,0.007107573561370373,0.5304728746414185
9.82;0.060970984399318695,0.2932281494140625,0.26732176542282104;0.7568433284759521,0.004597509279847145,0.007156654726713896,0.5341359376907349
9.84;0.061386849731206894,0.29522812366485596,0.26732176542282104;0.7551848292350769,0.004628867842257023,0.0072054676711559296,0.5377791523933411
9.86;0.06180036440491676,0.29721689224243164,0.26732176542282104;0.7535355687141418,0.004660048522055149,0.007254005875438452,0.541401743888855
9.88;0.062211520969867706,0.29919424653053284,0.26732176542282104;0.7518959641456604,0.004691051319241524,0.007302266079932451,0.5450036525726318
9.9;0.06262023746967316,0.30115991830825806,0.26732176542282104;0.7502659559249878,0.004721870645880699,0.007350240368396044,0.5485841631889343
9.92;0.06302647292613983,0.3031136393547058,0.26732176542282104;0.7486458420753479,0.004752502776682377,0.007397924084216356,0.5521430969238281
9.94;0.06343019753694534,0.3050552010536194,0.26732176542282104;0.7470357418060303,0.004782945849001408,0.007445312570780516,0.5556799173355103
9.96;0.06383135169744492,0.3069845139980316,0.26732176542282104;0.745435893535614,0.004813194274902344,0.0074923993088305,0.5591942667961121
9.98;0.06422990560531616,0.30890125036239624,0.26732176542282104;0.7438464760780334,0.004843247123062611,0.007539179176092148,0.5626857280731201
10.0;0.06462579220533371,0.31080523133277893,0.26732176542282104;0.7422676682472229,0.004873099271208048,0.0075856479816138744,0.566153883934021
10.02;0.06501898169517517,0.3126962184906006,0.26732176542282104;0.7406995296478271,0.004902747459709644,0.007631800603121519,0.5695984363555908
10.04;0.06540943682193756,0.3145740032196045,0.26732176542282104;0.7391424179077148,0.004932189825922251,0.007677630987018347,0.5730190277099609
10.06;0.0657970979809761,0.3164384365081787,0.26732176542282104;0.7375963926315308,0.004961421713232994,0.0077231344766914845,0.5764151811599731
10.08;0.06618194282054901,0.31828927993774414,0.26732176542282104;0.7360615730285645,0.004990440793335438,0.007768306881189346,0.5797865390777588
10.1;0.0665639191865921,0.3201262652873993,0.26732176542282104;0.734538197517395,0.005019243806600571,0.007813142612576485,0.5831328630447388
10.12;0.06694299727678299,0.32194939255714417,0.26732176542282104;0.7330264449119568,0.005047827959060669,0.007857637479901314,0.5864536762237549
10.14;0.0673191174864769,0.32375824451446533,0.26732176542282104;0.7315264940261841,0.005076189525425434,0.007901785895228386,0.589748740196228
10.16;0.06769226491451263,0.3255528211593628,0.26732176542282104;0.7300383448600769,0.00510432617738843,0.007945585064589977,0.593017578125
10.18;0.06806237995624542,0.3273327946662903,0.26732176542282104;0.7285622358322144,0.005132235120981932,0.007989028468728065,0.596260130405426
10.2;0.06842943280935287,0.3290981352329254,0.26732176542282104;0.7270984649658203,0.0051599121652543545,0.008032111451029778,0.599475622177124
10.22;0.068793386220932,0.33084845542907715,0.26732176542282104;0.72564697265625,0.005187356378883123,0.008074833080172539,0.602664053440094
10.24;0.06915421783924103,0.33258381485939026,0.26732176542282104;0.7242079973220825,0.005214564967900515,0.008117185905575752,0.6058250665664673
10.26;0.06951187551021576,0.33430391550064087,0.26732176542282104;0.7227815389633179,0.00524153420701623,0.00815916620194912,0.6089584231376648
10.28;0.06986632943153381,0.33600857853889465,0.26732176542282104;0.7213679552078247,0.005268261767923832,0.008200772106647491,0.6120635867118835
10.3;0.07021752744913101,0.3376976251602173,0.26732176542282104;0.7199673652648926,0.005294743459671736,0.008241997100412846,0.6151403188705444
10.32;0.07056547701358795,0.3393710255622864,0.26732176542282104;0.7185797095298767,0.005320980679243803,0.008282836526632309,0.6181885004043579
10.34;0.07091011852025986,0.34102851152420044,0.26732176542282104;0.717205286026001,0.005346968304365873,0.008323290385305882,0.6212077140808105
10.36;0.07125140726566315,0.34266987442970276,0.26732176542282104;0.7158441543579102,0.005372703541070223,0.008363351225852966,0.6241976022720337
10.38;0.07158934324979782,0.34429508447647095,0.26732176542282104;0.7144964933395386,0.005398185923695564,0.00840301625430584,0.6271581053733826
10.4;0.0719238668680191,0.3459039032459259,0.26732176542282104;0.7131623029708862,0.005423410329967737,0.008442283608019352,0.6300886273384094
10.42;0.0722549706697464,0.34749630093574524,0.26732176542282104;0.7118419408798218,0.005448376759886742,0.008481145836412907,0.6329893469810486
10.44;0.07258262485265732,0.34907203912734985,0.26732176542282104;0.7105352878570557,0.005473083350807428,0.008519604802131653,0.6358596682548523
10.46;0.07290676981210709,0.3506309390068054,0.26732176542282104;0.7092424631118774,0.005497524980455637,0.008557652123272419,0.6386992931365967
10.48;0.0732273980975151,0.35217300057411194,0.26732176542282104;0.707963764667511,0.005521702580153942,0.008595289662480354,0.6415082216262817
10.5;0.07354450225830078,0.3536980152130127,0.26732176542282104;0.7066992521286011,0.00554561335593462,0.008632509037852287,0.6442861557006836
10.52;0.07385801523923874,0.35520580410957336,0.26732176542282104;0.7054488658905029,0.005569253116846085,0.008669309318065643,0.6470326781272888
10.54;0.07416793704032898,0.35669630765914917,0.26732176542282104;0.7042129039764404,0.005592623259872198,0.008705686777830124,0.6497477889060974
10.56;0.07447423785924911,0.35816940665245056,0.26732176542282104;0.7029913067817688,0.005615719594061375,0.008741640485823154,0.6524311900138855
10.58;0.07477688044309616,0.3596249520778656,0.26732176542282104;0.7017843723297119,0.00563854118809104,0.008777163922786713,0.6550825238227844
10.6;0.07507585734128952,0.36106282472610474,0.26732176542282104;0.7005919814109802,0.005661086179316044,0.008812257088720798,0.6577017307281494
10.62;0.075371153652668,0.3624829351902008,0.26732176542282104;0.6994143724441528,0.005683352239429951,0.008846918120980263,0.6602885127067566
10.64;0.07566271722316742,0.36388522386550903,0.26732176542282104;0.6982516050338745,0.005705337505787611,0.008881141431629658,0.6628428101539612
10.66;0.07595053315162659,0.36526942253112793,0.26732176542282104;0.69710373878479,0.0057270401157438755,0.008914925158023834,0.6653642654418945
10.68;0.0762345939874649,0.3666355609893799,0.26732176542282104;0.6959708333015442,0.0057484605349600315,0.008948268368840218,0.6678527593612671
10.7;0.07651488482952118,0.36798352003097534,0.26732176542282104;0.6948530673980713,0.0057695950381457806,0.008981166407465935,0.6703081727027893
10.72;0.07679136097431183,0.36931318044662476,0.26732176542282104;0.6937504410743713,0.005790442228317261,0.009013618342578411,0.6727302670478821
10.74;0.07706400007009506,0.3706243634223938,0.26732176542282104;0.6926631927490234,0.00581100070849061,0.009045620448887348,0.6751187443733215
10.76;0.07733280956745148,0.37191715836524963,0.26732176542282104;0.6915911436080933,0.005831270013004541,0.00907717365771532,0.6774736642837524
10.78;0.07759775966405869,0.37319135665893555,0.26732176542282104;0.6905344724655151,0.00585124921053648,0.009108273312449455,0.6797947287559509
10.8;0.0778588131070137,0.37444689869880676,0.26732176542282104;0.6894933581352234,0.00587093411013484,0.009138914756476879,0.6820816993713379
10.82;0.07811598479747772,0.37568366527557373,0.26732176542282104;0.688467800617218,0.005890325643122196,0.009169099852442741,0.6843346357345581
10.84;0.07836923003196716,0.37690165638923645,0.26732176542282104;0.687457799911499,0.005909421015530825,0.009198826737701893,0.6865531206130981
10.86;0.07861855626106262,0.37810075283050537,0.26732176542282104;0.686463475227356,0.005928222555667162,0.00922809261828661,0.6887375116348267
10.88;0.07886392623186111,0.37928080558776855,0.26732176542282104;0.6854848861694336,0.005946723744273186,0.009256893768906593,0.6908870339393616
10.9;0.07910534739494324,0.3804418444633484,0.26732176542282104;0.6845220923423767,0.0059649283066391945,0.009285230189561844,0.6930019855499268
10.92;0.079342782497406,0.3815837502479553,0.26732176542282104;0.6835751533508301,0.0059828320518136024,0.009313100017607212,0.6950820088386536
10.94;0.07957623153924942,0.38270652294158936,0.26732176542282104;0.6826441287994385,0.006000435445457697,0.009340502321720123,0.6971271634101868
10.96;0.07980567216873169,0.3838099539279938,0.26732176542282104;0.6817291975021362,0.006017736624926329,0.009367433376610279,0.6991371512413025
10.98;0.08003109693527222,0.3848940432071686,0.26732176542282104;0.6808301210403442,0.006034734658896923,0.009393892250955105,0.7011119723320007
11.0;0.0802525132894516,0.38595888018608093,0.26732176542282104;0.6799471974372864,0.00605142954736948,0.00941988080739975,0.7030516266822815
11.02;0.08046986162662506,0.38700419664382935,0.26732176542282104;0.6790803670883179,0.006067819893360138,0.00944539438933134,0.7049558162689209
11.04;0.0806831642985344,0.3880300521850586,0.26732176542282104;0.6782296895980835,0.006083902902901173,0.009470432065427303,0.7068244814872742
11.06;0.080892413854599,0.3890364170074463,0.26732176542282104;0.6773951649665833,0.006099682301282883,0.009494993835687637,0.7086575031280518
11.08;0.08109758049249649,0.3900231719017029,0.26732176542282104;0.6765769720077515,0.006115153431892395,0.009519075974822044,0.7104549407958984
11.1;0.08129867911338806,0.39099031686782837,0.26732176542282104;0.6757749319076538,0.00613031629472971,0.009542678482830524,0.7122166156768799
11.12;0.08149567991495132,0.3919377326965332,0.26732176542282104;0.6749892234802246,0.0061451708897948265,0.009565803222358227,0.7139424681663513
11.14;0.08168858289718628,0.3928654193878174,0.26732176542282104;0.6742199659347534,0.006159716285765171,0.009588444605469704,0.7156323790550232
11.16;0.08187736570835114,0.3937733769416809,0.26732176542282104;0.6734670400619507,0.006173952482640743,0.009610604494810104,0.717286229133606
11.18;0.08206205070018768,0.394661545753479,0.26732176542282104;0.672730565071106,0.0061878785490989685,0.00963228102773428,0.7189041376113892
11.2;0.08224259316921234,0.3955298662185669,0.26732176542282104;0.6720105409622192,0.006201492622494698,0.00965347420424223,0.7204858064651489
11.22;0.0824190229177475,0.3963783383369446,0.26732176542282104;0.6713069677352905,0.006214795634150505,0.009674182161688805,0.7220312356948853
11.24;0.08259130269289017,0.3972069025039673,0.26732176542282104;0.6706198453903198,0.006227786652743816,0.00969440396875143,0.7235406637191772
11.26;0.08275946229696274,0.398015558719635,0.26732176542282104;0.6699492931365967,0.0062404656782746315,0.009714143350720406,0.7250137329101562
11.28;0.08292344212532043,0.398804247379303,0.26732176542282104;0.6692953109741211,0.006252831779420376,0.009733390994369984,0.7264503240585327
11.3;0.08308329433202744,0.39957302808761597,0.26732176542282104;0.6686577796936035,0.006264884956181049,0.009752154350280762,0.7278506755828857
11.32;0.08323898166418076,0.4003217816352844,0.26732176542282104;0.6680368781089783,0.0062766242772340775,0.009770427830517292,0.7292145490646362
11.34;0.0833905041217804,0.40105050802230835,0.26732176542282104;0.6674326062202454,0.006288050673902035,0.009788214229047298,0.7305420637130737
11.36;0.08353786915540695,0.40175914764404297,0.26732176542282104;0.66684490442276,0.006299161352217197,0.009805509820580482,0.7318331003189087
11.38;0.08368106186389923,0.4024478793144226,0.26732176542282104;0.6662738919258118,0.006309959106147289,0.009822317399084568,0.733087420463562
11.4;0.08382007479667664,0.40311646461486816,0.26732176542282104;0.6657194495201111,0.0063204411417245865,0.009838635101914406,0.7343052625656128
11.42;0.08395493030548096,0.4037649631500244,0.26732176542282104;0.6651816368103027,0.0063306111842393875,0.00985446386039257,0.7354867458343506
11.44;0.08408558368682861,0.4043933153152466,0.26732176542282104;0.6646605730056763,0.00634046271443367,0.009869801811873913,0.7366313934326172
11.46;0.08421207964420319,0.40500175952911377,0.26732176542282104;0.6641560196876526,0.006350002251565456,0.009884649887681007,0.7377395629882812
11.48;0.08433440327644348,0.4055899977684021,0.26732176542282104;0.6636682748794556,0.0063592251390218735,0.00989900715649128,0.7388110160827637
11.5;0.0844525396823883,0.4061581492424011,0.26732176542282104;0.6631971001625061,0.0063681332394480705,0.009912874549627304,0.7398461103439331
11.52;0.08456650376319885,0.40670621395111084,0.26732176542282104;0.6627426147460938,0.006376724690198898,0.009926250204443932,0.7408443689346313
11.54;0.08467629551887512,0.40723419189453125,0.26732176542282104;0.6623048186302185,0.006385003216564655,0.009939135983586311,0.741806149482727
11.56;0.08478188514709473,0.40774208307266235,0.26732176542282104;0.6618837118148804,0.006392966955900192,0.009951530024409294,0.7427310943603516
11.58;0.08488328754901886,0.40822964906692505,0.26732176542282104;0.6614792346954346,0.006400613114237785,0.00996343232691288,0.7436195611953735
11.6;0.08498053252696991,0.4086974263191223,0.26732176542282104;0.6610914468765259,0.006407945416867733,0.009974846616387367,0.7444714307785034
11.62;0.08507359027862549,0.40914493799209595,0.26732176542282104;0.6607202887535095,0.006414962001144886,0.009985769167542458,0.7452867031097412
11.64;0.08516247570514679,0.40957242250442505,0.26732176542282104;0.660365879535675,0.006421664729714394,0.00999620370566845,0.7460653781890869
11.66;0.08524717390537262,0.40997982025146484,0.26732176542282104;0.6600280404090881,0.006428052671253681,0.010006146505475044,0.7468075752258301
11.68;0.08532771468162537,0.41036713123321533,0.26732176542282104;0.6597068905830383,0.006434125825762749,0.010015599429607391,0.7475130558013916
11.7;0.08540408313274384,0.4107343554496765,0.26732176542282104;0.6594023108482361,0.006439883261919022,0.01002456247806549,0.748181939125061
11.72;0.08547627925872803,0.4110816717147827,0.26732176542282104;0.6591143608093262,0.006445327773690224,0.01003303937613964,0.7488144636154175
11.74;0.08554431796073914,0.4114089012145996,0.26732176542282104;0.6588429808616638,0.006450459361076355,0.010041024535894394,0.7494105100631714
11.76;0.08560819923877716,0.411716103553772,0.26732176542282104;0.6585882306098938,0.006455275230109692,0.010048521682620049,0.7499701976776123
11.78;0.08566790819168091,0.41200321912765503,0.26732176542282104;0.6583501696586609,0.006459777243435383,0.010055530816316605,0.7504932880401611
11.8;0.08572347462177277,0.4122704863548279,0.26732176542282104;0.658128559589386,0.006463966332376003,0.010062053799629211,0.7509799003601074
11.82;0.08577488362789154,0.4125176668167114,0.26732176542282104;0.6579235196113586,0.006467844359576702,0.01006808876991272,0.7514302730560303
11.84;0.08582216501235962,0.41274499893188477,0.26732176542282104;0.6577349305152893,0.0064714085310697556,0.01007363572716713,0.7518446445465088
11.86;0.08586528897285461,0.4129525423049927,0.26732176542282104;0.6575629711151123,0.006474660709500313,0.01007869839668274,0.7522222995758057
11.88;0.08590428531169891,0.41314011812210083,0.26732176542282104;0.6574074029922485,0.006477600894868374,0.010083276778459549,0.7525639533996582
11.9;0.08593915402889252,0.41330772638320923,0.26732176542282104;0.6572684049606323,0.006480230018496513,0.01008736900985241,0.7528694868087769
11.92;0.08596989512443542,0.413455605506897,0.26732176542282104;0.6571457982063293,0.006482549011707306,0.01009097695350647,0.7531387805938721
11.94;0.08599652349948883,0.41358357667922974,0.26732176542282104;0.6570396423339844,0.006484555080533028,0.01009410247206688,0.7533719539642334
11.96;0.08601900935173035,0.4136918783187866,0.26732176542282104;0.6569499373435974,0.006486253812909126,0.01009674184024334,0.7535691261291504
11.98;0.08603742718696594,0.4137803316116333,0.26732176542282104;0.6568764448165894,0.006487639620900154,0.010098902508616447,0.7537304162979126
12.0;0.08605171740055084,0.4138491153717041,0.26732176542282104;0.6568194627761841,0.006488719955086708,0.010100582614541054,0.7538557052612305
12.02;0.08606192469596863,0.413898229598999,0.26732176542282104;0.6567787528038025,0.0064894892275333405,0.01010178029537201,0.7539451122283936
12.04;0.0860680490732193,0.4139276146888733,0.26732176542282104;0.6567543745040894,0.0064899493008852005,0.010102499276399612,0.7539987564086914
12.06;0.08607009053230286,0.41393741965293884,0.26732176542282104;0.6567462086677551,0.006490103900432587,0.010102738626301289,0.7540165185928345
12.08;0.08607009053230286,0.41393741965293884,0.26731353998184204;0.6567462086677551,0.006490103900432587,0.010102738626301289,0.7540165185928345
12.1;0.08607009053230286,0.41393741965293884,0.26728877425193787;0.6567462086677551,0.006490103900432587,0.010102738626301289,0.7540165185928345
12.12;0.08607009053230286,0.41393741965293884,0.26724743843078613;0.6567462086677551,0.006490103900432587,0.010102738626301289,0.7540165185928345
12.14;0.08607009053230286,0.41393741965293884,0.26718956232070923;0.6567462086677551,0.006490103900432587,0.010102738626301289,0.7540165185928345
12.16;0.08607009053230286,0.41393741965293884,0.2671150863170624;0.6567462086677551,0.006490103900432587,0.010102738626301289,0.7540165185928345
12.18;0.08607009053230286,0.41393741965293884,0.2670239210128784;0.6567462086677551,0.006490103900432587,0.010102738626301289,0.7540165185928345
12.2;0.08607009053230286,0.41393741965293884,0.2669161260128021;0.6567462086677551,0.006490103900432587,0.010102738626301289,0.7540165185928345
12.22;0.08607009053230286,0.41393741965293884,0.2667916417121887;0.6567462086677551,0.006490103900432587,0.010102738626301289,0.7540165185928345
12.24;0.08607009053230286,0.41393741965293884,0.2666504681110382;0.6567462086677551,0.006490103900432587,0.010102738626301289,0.7540165185928345
12.26;0.08607009053230286,0.41393741965293884,0.2664925158023834;0.6567462086677551,0.006490103900432587,0.010102738626301289,0.7540165185928345
12.28;0.08607009053230286,0.41393741965293884,0.26631781458854675;0.6567462086677551,0.006490103900432587,0.010102738626301289,0.7540165185928345
12.3;0.08607009053230286,0.41393741965293884,0.2661263644695282;0.6567462086677551,0.006490103900432587,0.010102738626301289,0.7540165185928345
12.32;0.08607009053230286,0.41393741965293884,0.2659180760383606;0.6567462086677551,0.006490103900432587,0.010102738626301289,0.7540165185928345
12.34;0.08607009053230286,0.41393741965293884,0.26569294929504395;0.6567462086677551,0.006490103900432587,0.010102738626301289,0.7540165185928345
12.36;0.08607009053230286,0.41393741965293884,0.265451043844223;0.6567462086677551,0.006490103900432587,0.010102738626301289,0.7540165185928345
12.38;0.08607009053230286,0.41393741965293884,0.26519227027893066;0.6567462086677551,0.006490103900432587,0.010102738626301289,0.7540165185928345
12.4;0.08607009053230286,0.41393741965293884,0.2649165987968445;0.6567462086677551,0.006490103900432587,0.010102738626301289,0.7540165185928345
12.42;0.08607009053230286,0.41393741965293884,0.26462408900260925;0.6567462086677551,0.006490103900432587,0.010102738626301289,0.7540165185928345
12.44;0.08607009053230286,0.41393741965293884,0.2643146812915802;0.6567462086677551,0.006490103900432587,0.010102738626301289,0.7540165185928345
12.46;0.08607009053230286,0.41393741965293884,0.2639883756637573;0.6567462086677551,0.006490103900432587,0.010102738626301289,0.7540165185928345
12.48;0.08607009053230286,0.41393741965293884,0.2636451721191406;0.6567462086677551,0.006490103900432587,0.010102738626301289,0.7540165185928345
12.5;0.08607009053230286,0.41393741965293884,0.2632850408554077;0.6567462086677551,0.006490103900432587,0.010102738626301289,0.7540165185928345
12.52;0.08607009053230286,0.41393741965293884,0.262908011674881;0.6567462086677551,0.006490103900432587,0.010102738626301289,0.7540165185928345
12.54;0.08607009053230286,0.41393741965293884,0.26251405477523804;0.6567462086677551,0.006490103900432587,0.010102738626301289,0.7540165185928345
12.56;0.08607009053230286,0.41393741965293884,0.26210322976112366;0.6567462086677551,0.006490103900432587,0.010102738626301289,0.7540165185928345
12.58;0.08607009053230286,0.41393741965293884,0.2616754174232483;0.6567462086677551,0.006490103900432587,0.010102738626301289,0.7540165185928345
12.6;0.08607009053230286,0.41393741965293884,0.2612307369709015;0.6567462086677551,0.006490103900432587,0.010102738626301289,0.7540165185928345
12.62;0.08607009053230286,0.41393741965293884,0.26076918840408325;0.6567462086677551,0.006490103900432587,0.010102738626301289,0.7540165185928345
12.64;0.08607009053230286,0.41393741965293884,0.2602906823158264;0.6567462086677551,0.006490103900432587,0.010102738626301289,0.7540165185928345
12.66;0.08607009053230286,0.41393741965293884,0.25979530811309814;0.6567462086677551,0.006490103900432587,0.010102738626301289,0.7540165185928345
12.68;0.08607009053230286,0.41393741965293884,0.25928306579589844;0.6567462086677551,0.006490103900432587,0.010102738626301289,0.7540165185928345
12.7;0.08607009053230286,0.41393741965293884,0.2587539851665497;0.6567462086677551,0.006490103900432587,0.010102738626301289,0.7540165185928345
12.72;0.08607009053230286,0.41393741965293884,0.2582080364227295;0.6567462086677551,0.006490103900432587,0.010102738626301289,0.7540165185928345
12.74;0.08607009053230286,0.41393741965293884,0.25764527916908264;0.6567462086677551,0.006490103900432587,0.010102738626301289,0.7540165185928345
12.76;0.08607009053230286,0.41393741965293884,0.25706568360328674;0.6567462086677551,0.006490103900432587,0.010102738626301289,0.7540165185928345
12.78;0.08607009053230286,0.41393741965293884,0.25646933913230896;0.6567462086677551,0.006490103900432587,0.010102738626301289,0.7540165185928345
12.8;0.08607009053230286,0.41393741965293884,0.2558562159538269;0.6567462086677551,0.006490103900432587,0.010102738626301289,0.7540165185928345
12.82;0.08607009053230286,0.41393741965293884,0.25522637367248535;0.6567462086677551,0.006490103900432587,0.010102738626301289,0.7540165185928345
12.84;0.08607009053230286,0.41393741965293884,0.2545798420906067;0.6567462086677551,0.006490103900432587,0.010102738626301289,0.7540165185928345
12.86;0.08607009053230286,0.41393741965293884,0.2539166212081909;0.6567462086677551,0.006490103900432587,0.010102738626301289,0.7540165185928345
12.88;0.08607009053230286,0.41393741965293884,0.2532367706298828;0.6567462086677551,0.006490103900432587,0.010102738626301289,0.7540165185928345
12.9;0.08607009053230286,0.41393741965293884,0.25254034996032715;0.6567462086677551,0.006490103900432587,0.010102738626301289,0.7540165185928345
12.92;0.08607009053230286,0.41393741965293884,0.2518273591995239;0.6567462086677551,0.006490103900432587,0.010102738626301289,0.7540165185928345
12.94;0.08607009053230286,0.41393741965293884,0.2510978579521179;0.6567462086677551,0.006490103900432587,0.010102738626301289,0.7540165185928345
12.96;0.08607009053230286,0.41393741965293884,0.2503519058227539;0.6567462086677551,0.006490103900432587,0.010102738626301289,0.7540165185928345
12.98;0.08607009053230286,0.41393741965293884,0.24958951771259308;0.6567462086677551,0.006490103900432587,0.010102738626301289,0.7540165185928345
13.0;0.08607009053230286,0.41393741965293884,0.2488107532262802;0.6567462086677551,0.006490103900432587,0.010102738626301289,0.7540165185928345
13.02;0.08607009053230286,0.41393741965293884,0.24801568686962128;0.6567462086677551,0.006490103900432587,0.010102738626301289,0.7540165185928345
13.04;0.08607009053230286,0.41393741965293884,0.24720436334609985;0.6567462086677551,0.006490103900432587,0.010102738626301289,0.7540165185928345
13.06;0.08607009053230286,0.41393741965293884,0.24637682735919952;0.6567462086677551,0.006490103900432587,0.010102738626301289,0.7540165185928345
13.08;0.08607009053230286,0.41393741965293884,0.24553316831588745;0.6567462086677551,0.006490103900432587,0.010102738626301289,0.7540165185928345
13.1;0.08607009053230286,0.41393741965293884,0.2446734458208084;0.6567462086677551,0.006490103900432587,0.010102738626301289,0.7540165185928345
13.12;0.08607009053230286,0.41393741965293884,0.24379770457744598;0.6567462086677551,0.006490103900432587,0.010102738626301289,0.7540165185928345
13.14;0.08607009053230286,0.41393741965293884,0.24290603399276733;0.6567462086677551,0.006490103900432587,0.010102738626301289,0.7540165185928345
13.16;0.08607009053230286,0.41393741965293884,0.24199852347373962;0.6567462086677551,0.006490103900432587,0.010102738626301289,0.7540165185928345
13.18;0.08607009053230286,0.41393741965293884,0.24107521772384644;0.6567462086677551,0.006490103900432587,0.010102738626301289,0.7540165185928345
13.2;0.08607009053230286,0.41393741965293884,0.24013620615005493;0.6567462086677551,0.006490103900432587,0.010102738626301289,0.7540165185928345
13.22;0.08607009053230286,0.41393741965293884,0.23918159306049347;0.6567462086677551,0.006490103900432587,0.010102738626301289,0.7540165185928345
13.24;0.08607009053230286,0.41393741965293884,0.23821143805980682;0.6567462086677551,0.006490103900432587,0.010102738626301289,0.7540165185928345
13.26;0.08607009053230286,0.41393741965293884,0.23722584545612335;0.6567462086677551,0.006490103900432587,0.010102738626301289,0.7540165185928345
13.28;0.08607009053230286,0.41393741965293884,0.2362249195575714;0.6567462086677551,0.006490103900432587,0.010102738626301289,0.7540165185928345
13.3;0.08607009053230286,0.41393741965293884,0.23520873486995697;0.6567462086677551,0.006490103900432587,0.010102738626301289,0.7540165185928345
13.32;0.08607009053230286,0.41393741965293884,0.2341773957014084;0.6567462086677551,0.006490103900432587,0.010102738626301289,0.7540165185928345
13.34;0.08607009053230286,0.41393741965293884,0.2331310212612152;0.6567462086677551,0.006490103900432587,0.010102738626301289,0.7540165185928345
13.36;0.08607009053230286,0.41393741965293884,0.2320696860551834;0.6567462086677551,0.006490103900432587,0.010102738626301289,0.7540165185928345
13.38;0.08607009053230286,0.41393741965293884,0.23099353909492493;0.6567462086677551,0.006490103900432587,0.010102738626301289,0.7540165185928345
13.4;0.08607009053230286,0.41393741965293884,0.22990266978740692;0.6567462086677551,0.006490103900432587,0.010102738626301289,0.7540165185928345
13.42;0.08607009053230286,0.41393741965293884,0.22879719734191895;0.6567462086677551,0.006490103900432587,0.010102738626301289,0.7540165185928345
13.44;0.08607009053230286,0.41393741965293884,0.22767725586891174;0.6567462086677551,0.006490103900432587,0.010102738626301289,0.7540165185928345
13.46;0.08607009053230286,0.41393741965293884,0.22654293477535248;0.6567462086677551,0.006490103900432587,0.010102738626301289,0.7540165185928345
13.48;0.08607009053230286,0.41393741965293884,0.22539441287517548;0.6567462086677551,0.006490103900432587,0.010102738626301289,0.7540165185928345
13.5;0.08607009053230286,0.41393741965293884,0.2242317795753479;0.6567462086677551,0.006490103900432587,0.010102738626301289,0.7540165185928345
13.52;0.08607009053230286,0.41393741965293884,0.2230551689863205;0.6567462086677551,0.006490103900432587,0.010102738626301289,0.7540165185928345
13.54;0.08607009053230286,0.41393741965293884,0.2218647450208664;0.6567462086677551,0.006490103900432587,0.010102738626301289,0.7540165185928345
13.56;0.08607009053230286,0.41393741965293884,0.22066065669059753;0.6567462086677551,0.006490103900432587,0.010102738626301289,0.7540165185928345
13.58;0.08607009053230286,0.41393741965293884,0.21944299340248108;0.6567462086677551,0.006490103900432587,0.010102738626301289,0.7540165185928345
13.6;0.08607009053230286,0.41393741965293884,0.21821194887161255;0.6567462086677551,0.006490103900432587,0.010102738626301289,0.7540165185928345
13.62;0.08607009053230286,0.41393741965293884,0.21696767210960388;0.6567462086677551,0.006490103900432587,0.010102738626301289,0.7540165185928345
13.64;0.08607009053230286,0.41393741965293884,0.21571029722690582;0.6567462086677551,0.006490103900432587,0.010102738626301289,0.7540165185928345
13.66;0.08607009053230286,0.41393741965293884,0.2144400179386139;0.6567462086677551,0.006490103900432587,0.010102738626301289,0.7540165185928345
13.68;0.08607009053230286,0.41393741965293884,0.21315695345401764;0.6567462086677551,0.006490103900432587,0.010102738626301289,0.7540165185928345
13.7;0.08607009053230286,0.41393741965293884,0.21186129748821259;0.6567462086677551,0.006490103900432587,0.010102738626301289,0.7540165185928345
13.72;0.08607009053230286,0.41393741965293884,0.21055322885513306;0.6567462086677551,0.006490103900432587,0.010102738626301289,0.7540165185928345
13.74;0.08607009053230286,0.41393741965293884,0.20923291146755219;0.6567462086677551,0.006490103900432587,0.010102738626301289,0.7540165185928345
13.76;0.08607009053230286,0.41393741965293884,0.2079004943370819;0.6567462086677551,0.006490103900432587,0.010102738626301289,0.7540165185928345
13.78;0.08607009053230286,0.41393741965293884,0.20655618607997894;0.6567462086677551,0.006490103900432587,0.010102738626301289,0.7540165185928345
13.8;0.08607009053230286,0.41393741965293884,0.2052001655101776;0.6567462086677551,0.006490103900432587,0.010102738626301289,0.7540165185928345
13.82;0.08607009053230286,0.41393741965293884,0.20383262634277344;0.6567462086677551,0.006490103900432587,0.010102738626301289,0.7540165185928345
13.84;0.08607009053230286,0.41393741965293884,0.20245374739170074;0.6567462086677551,0.006490103900432587,0.010102738626301289,0.7540165185928345
13.86;0.08607009053230286,0.41393741965293884,0.20106373727321625;0.6567462086677551,0.006490103900432587,0.010102738626301289,0.7540165185928345
13.88;0.08607009053230286,0.41393741965293884,0.19966277480125427;0.6567462086677551,0.006490103900432587,0.010102738626301289,0.7540165185928345
13.9;0.08607009053230286,0.41393741965293884,0.19825106859207153;0.6567462086677551,0.006490103900432587,0.010102738626301289,0.7540165185928345
13.92;0.08607009053230286,0.41393741965293884,0.19682881236076355;0.6567462086677551,0.006490103900432587,0.010102738626301289,0.7540165185928345
13.94;0.08607009053230286,0.41393741965293884,0.19539625942707062;0.6567462086677551,0.006490103900432587,0.010102738626301289,0.7540165185928345
13.96;0.08607009053230286,0.41393741965293884,0.19395355880260468;0.6567462086677551,0.006490103900432587,0.010102738626301289,0.7540165185928345
13.98;0.08607009053230286,0.41393741965293884,0.19250096380710602;0.6567462086677551,0.006490103900432587,0.010102738626301289,0.7540165185928345
14.0;0.08607009053230286,0.41393741965293884,0.19103866815567017;0.6567462086677551,0.006490103900432587,0.010102738626301289,0.7540165185928345
14.02;0.08607009053230286,0.41393741965293884,0.1895669549703598;0.6567462086677551,0.006490103900432587,0.010102738626301289,0.7540165185928345
14.04;0.08607009053230286,0.41393741965293884,0.18808594346046448;0.6567462086677551,0.006490103900432587,0.010102738626301289,0.7540165185928345
14.06;0.08607009053230286,0.41393741965293884,0.18659593164920807;0.6567462086677551,0.006490103900432587,0.010102738626301289,0.7540165185928345
14.08;0.08607009053230286,0.41393741965293884,0.18509715795516968;0.6567462086677551,0.006490103900432587,0.010102738626301289,0.7540165185928345
14.1;0.08607009053230286,0.41393741965293884,0.18358977138996124;0.6567462086677551,0.006490103900432587,0.010102738626301289,0.7540165185928345
14.12;0.08607009053230286,0.41393741965293884,0.18207412958145142;0.6567462086677551,0.006490103900432587,0.010102738626301289,0.7540165185928345
14.14;0.08607009053230286,0.41393741965293884,0.18055038154125214;0.6567462086677551,0.006490103900432587,0.010102738626301289,0.7540165185928345
14.16;0.08607009053230286,0.41393741965293884,0.1790187805891037;0.6567462086677551,0.006490103900432587,0.010102738626301289,0.7540165185928345
14.18;0.08607009053230286,0.41393741965293884,0.1774796098470688;0.6567462086677551,0.006490103900432587,0.010102738626301289,0.7540165185928345
14.2;0.08607009053230286,0.41393741965293884,0.17593306303024292;0.6567462086677551,0.006490103900432587,0.010102738626301289,0.7540165185928345
14.22;0.08607009053230286,0.41393741965293884,0.17437943816184998;0.6567462086677551,0.006490103900432587,0.010102738626301289,0.7540165185928345
14.24;0.08607009053230286,0.41393741965293884,0.17281897366046906;0.6567462086677551,0.006490103900432587,0.010102738626301289,0.7540165185928345
14.26;0.08607009053230286,0.41393741965293884,0.17125190794467926;0.6567462086677551,0.006490103900432587,0.010102738626301289,0.7540165185928345
14.28;0.08607009053230286,0.41393741965293884,0.1696784943342209;0.6567462086677551,0.006490103900432587,0.010102738626301289,0.7540165185928345
14.3;0.08607009053230286,0.41393741965293884,0.16809900104999542;0.6567462086677551,0.006490103900432587,0.010102738626301289,0.7540165185928345
14.32;0.08607009053230286,0.41393741965293884,0.16651368141174316;0.6567462086677551,0.006490103900432587,0.010102738626301289,0.7540165185928345
14.34;0.08607009053230286,0.41393741965293884,0.1649228185415268;0.6567462086677551,0.006490103900432587,0.010102738626301289,0.7540165185928345
14.36;0.08607009053230286,0.41393741965293884,0.1633266806602478;0.6567462086677551,0.006490103900432587,0.010102738626301289,0.7540165185928345
14.38;0.08607009053230286,0.41393741965293884,0.16172552108764648;0.6567462086677551,0.006490103900432587,0.010102738626301289,0.7540165185928345
14.4;0.08607009053230286,0.41393741965293884,0.16011956334114075;0.6567462086677551,0.006490103900432587,0.010102738626301289,0.7540165185928345
14.42;0.08607009053230286,0.41393741965293884,0.15850916504859924;0.6567462086677551,0.006490103900432587,0.010102738626301289,0.7540165185928345
14.44;0.08607009053230286,0.41393741965293884,0.1568945348262787;0.6567462086677551,0.006490103900432587,0.010102738626301289,0.7540165185928345
14.46;0.08607009053230286,0.41393741965293884,0.15527595579624176;0.6567462086677551,0.006490103900432587,0.010102738626301289,0.7540165185928345
14.48;0.08607009053230286,0.41393741965293884,0.15365374088287354;0.6567462086677551,0.006490103900432587,0.010102738626301289,0.7540165185928345
14.5;0.08607009053230286,0.41393741965293884,0.15202811360359192;0.6567462086677551,0.006490103900432587,0.010102738626301289,0.7540165185928345
14.52;0.08607009053230286,0.41393741965293884,0.15039938688278198;0.6567462086677551,0.006490103900432587,0.010102738626301289,0.7540165185928345
14.54;0.08607009053230286,0.41393741965293884,0.14876782894134521;0.6567462086677551,0.006490103900432587,0.010102738626301289,0.7540165185928345
14.56;0.08607009053230286,0.41393741965293884,0.1471337378025055;0.6567462086677551,0.006490103900432587,0.010102738626301289,0.7540165185928345
14.58;0.08607009053230286,0.41393741965293884,0.14549735188484192;0.6567462086677551,0.006490103900432587,0.010102738626301289,0.7540165185928345
14.6;0.08607009053230286,0.41393741965293884,0.14385899901390076;0.6567462086677551,0.006490103900432587,0.010102738626301289,0.7540165185928345
14.62;0.08607009053230286,0.41393741965293884,0.1422189176082611;0.6567462086677551,0.006490103900432587,0.010102738626301289,0.7540165185928345
14.64;0.08607009053230286,0.41393741965293884,0.14057743549346924;0.6567462086677551,0.006490103900432587,0.010102738626301289,0.7540165185928345
14.66;0.08607009053230286,0.41393741965293884,0.13893482089042664;0.6567462086677551,0.006490103900432587,0.010102738626301289,0.7540165185928345
14.68;0.08607009053230286,0.41393741965293884,0.1372913420200348;0.6567462086677551,0.006490103900432587,0.010102738626301289,0.7540165185928345
14.7;0.08607009053230286,0.41393741965293884,0.1356472671031952;0.6567462086677551,0.006490103900432587,0.010102738626301289,0.7540165185928345
14.72;0.08607009053230286,0.41393741965293884,0.1340029388666153;0.6567462086677551,0.006490103900432587,0.010102738626301289,0.7540165185928345
14.74;0.08607009053230286,0.41393741965293884,0.132358580827713;0.6567462086677551,0.006490103900432587,0.010102738626301289,0.7540165185928345
14.76;0.08607009053230286,0.41393741965293884,0.1307145655155182;0.6567462086677551,0.006490103900432587,0.010102738626301289,0.7540165185928345
14.78;0.08607009053230286,0.41393741965293884,0.12907107174396515;0.6567462086677551,0.006490103900432587,0.010102738626301289,0.7540165185928345
14.8;0.08607009053230286,0.41393741965293884,0.12742844223976135;0.6567462086677551,0.006490103900432587,0.010102738626301289,0.7540165185928345
14.82;0.08607009053230286,0.41393741965293884,0.12578696012496948;0.6567462086677551,0.006490103900432587,0.010102738626301289,0.7540165185928345
14.84;0.08607009053230286,0.41393741965293884,0.12414688616991043;0.6567462086677551,0.006490103900432587,0.010102738626301289,0.7540165185928345
14.86;0.08607009053230286,0.41393741965293884,0.12250853329896927;0.6567462086677551,0.006490103900432587,0.010102738626301289,0.7540165185928345
14.88;0.08607009053230286,0.41393741965293884,0.12087215483188629;0.6567462086677551,0.006490103900432587,0.010102738626301289,0.7540165185928345
14.9;0.08607009053230286,0.41393741965293884,0.11923803389072418;0.6567462086677551,0.006490103900432587,0.010102738626301289,0.7540165185928345
14.92;0.08607009053230286,0.41393741965293884,0.11760646104812622;0.6567462086677551,0.006490103900432587,0.010102738626301289,0.7540165185928345
14.94;0.08607009053230286,0.41393741965293884,0.11597774922847748;0.6567462086677551,0.006490103900432587,0.010102738626301289,0.7540165185928345
14.96;0.08607009053230286,0.41393741965293884,0.11435213685035706;0.6567462086677551,0.006490103900432587,0.010102738626301289,0.7540165185928345
14.98;0.08607009053230286,0.41393741965293884,0.11272992193698883;0.6567462086677551,0.006490103900432587,0.010102738626301289,0.7540165185928345
15.0;0.08607009053230286,0.41393741965293884,0.1111113578081131;0.6567462086677551,0.006490103900432587,0.010102738626301289,0.7540165185928345
15.02;0.08607009053230286,0.41393741965293884,0.10949669778347015;0.6567462086677551,0.006490103900432587,0.010102738626301289,0.7540165185928345
15.04;0.08607009053230286,0.41393741965293884,0.10788632184267044;0.6567462086677551,0.006490103900432587,0.010102738626301289,0.7540165185928345
15.06;0.08607009053230286,0.41393741965293884,0.1062803715467453;0.6567462086677551,0.006490103900432587,0.010102738626301289,0.7540165185928345
15.08;0.08607009053230286,0.41393741965293884,0.10467919707298279;0.6567462086677551,0.006490103900432587,0.010102738626301289,0.7540165185928345
15.1;0.08607009053230286,0.41393741965293884,0.1030830442905426;0.6567462086677551,0.006490103900432587,0.010102738626301289,0.7540165185928345
15.12;0.08607009053230286,0.41393741965293884,0.10149218887090683;0.6567462086677551,0.006490103900432587,0.010102738626301289,0.7540165185928345
15.14;0.08607009053230286,0.41393741965293884,0.09990686178207397;0.6567462086677551,0.006490103900432587,0.010102738626301289,0.7540165185928345
15.16;0.08607009053230286,0.41393741965293884,0.09832737594842911;0.6567462086677551,0.006490103900432587,0.010102738626301289,0.7540165185928345
15.18;0.08607009053230286,0.41393741965293884,0.09675399959087372;0.6567462086677551,0.006490103900432587,0.010102738626301289,0.7540165185928345
15.2;0.08607009053230286,0.41393741965293884,0.09518690407276154;0.6567462086677551,0.006490103900432587,0.010102738626301289,0.7540165185928345
15.22;0.08607009053230286,0.41393741965293884,0.09362643212080002;0.6567462086677551,0.006490103900432587,0.010102738626301289,0.7540165185928345
15.24;0.08607009053230286,0.41393741965293884,0.09207279235124588;0.6567462086677551,0.006490103900432587,0.010102738626301289,0.7540165185928345
15.26;0.08607009053230286,0.41393741965293884,0.09052626043558121;0.6567462086677551,0.006490103900432587,0.010102738626301289,0.7540165185928345
15.28;0.08607009053230286,0.41393741965293884,0.0889870747923851;0.6567462086677551,0.006490103900432587,0.010102738626301289,0.7540165185928345
15.3;0.08607009053230286,0.41393741965293884,0.08745549619197845;0.6567462086677551,0.006490103900432587,0.010102738626301289,0.7540165185928345
15.32;0.08607009053230286,0.41393741965293884,0.08593173325061798;0.6567462086677551,0.006490103900432587,0.010102738626301289,0.7540165185928345
15.34;0.08607009053230286,0.41393741965293884,0.08441606163978577;0.6567462086677551,0.006490103900432587,0.010102738626301289,0.7540165185928345
15.36;0.08607009053230286,0.41393741965293884,0.08290870487689972;0.6567462086677551,0.006490103900432587,0.010102738626301289,0.7540165185928345
15.38;0.08607009053230286,0.41393741965293884,0.08140993118286133;0.6567462086677551,0.006490103900432587,0.010102738626301289,0.7540165185928345
15.4;0.08607009053230286,0.41393741965293884,0.07991994917392731;0.6567462086677551,0.006490103900432587,0.010102738626301289,0.7540165185928345
15.42;0.08607009053230286,0.41393741965293884,0.07843893766403198;0.6567462086677551,0.006490103900432587,0.010102738626301289,0.7540165185928345
15.44;0.08607009053230286,0.41393741965293884,0.07696720957756042;0.6567462086677551,0.006490103900432587,0.010102738626301289,0.7540165185928345
15.46;0.08607009053230286,0.41393741965293884,0.07550488412380219;0.6567462086677551,0.006490103900432587,0.010102738626301289,0.7540165185928345
15.48;0.08607009053230286,0.41393741965293884,0.07405230402946472;0.6567462086677551,0.006490103900432587,0.010102738626301289,0.7540165185928345
15.5;0.08607009053230286,0.41393741965293884,0.07260964810848236;0.6567462086677551,0.006490103900432587,0.010102738626301289,0.7540165185928345
15.52;0.08607009053230286,0.41393741965293884,0.07117705047130585;0.6567462086677551,0.006490103900432587,0.010102738626301289,0.7540165185928345
15.54;0.08607009053230286,0.41393741965293884,0.06975482404232025;0.6567462086677551,0.006490103900432587,0.010102738626301289,0.7540165185928345
15.56;0.08607009053230286,0.41393741965293884,0.06834307312965393;0.6567462086677551,0.006490103900432587,0.010102738626301289,0.7540165185928345
15.58;0.08607009053230286,0.41393741965293884,0.06694215536117554;0.6567462086677551,0.006490103900432587,0.010102738626301289,0.7540165185928345
15.6;0.08607009053230286,0.41393741965293884,0.06555214524269104;0.6567462086677551,0.006490103900432587,0.010102738626301289,0.7540165185928345
15.62;0.08607009053230286,0.41393741965293884,0.06417323648929596;0.6567462086677551,0.006490103900432587,0.010102738626301289,0.7540165185928345
15.64;0.08607009053230286,0.41393741965293884,0.06280571222305298;0.6567462086677551,0.006490103900432587,0.010102738626301289,0.7540165185928345
15.66;0.08607009053230286,0.41393741965293884,0.061449676752090454;0.6567462086677551,0.006490103900432587,0.010102738626301289,0.7540165185928345
15.68;0.08607009053230286,0.41393741965293884,0.06010536849498749;0.6567462086677551,0.006490103900432587,0.010102738626301289,0.7540165185928345
15.7;0.08607009053230286,0.41393741965293884,0.058772966265678406;0.6567462086677551,0.006490103900432587,0.010102738626301289,0.7540165185928345
15.72;0.08607009053230286,0.41393741965293884,0.057452648878097534;0.6567462086677551,0.006490103900432587,0.010102738626301289,0.7540165185928345
15.74;0.08607009053230286,0.41393741965293884,0.05614455044269562;0.6567462086677551,0.006490103900432587,0.010102738626301289,0.7540165185928345
15.76;0.08607009053230286,0.41393741965293884,0.054848894476890564;0.6567462086677551,0.006490103900432587,0.010102738626301289,0.7540165185928345
15.78;0.08607009053230286,0.41393741965293884,0.0535658597946167;0.6567462086677551,0.006490103900432587,0.010102738626301289,0.7540165185928345
15.8;0.08607009053230286,0.41393741965293884,0.05229555070400238;0.6567462086677551,0.006490103900432587,0.010102738626301289,0.7540165185928345
15.82;0.08607009053230286,0.41393741965293884,0.051038190722465515;0.6567462086677551,0.006490103900432587,0.010102738626301289,0.7540165185928345
15.84;0.08607009053230286,0.41393741965293884,0.04979392886161804;0.6567462086677551,0.006490103900432587,0.010102738626301289,0.7540165185928345
15.86;0.08607009053230286,0.41393741965293884,0.04856286942958832;0.6567462086677551,0.006490103900432587,0.010102738626301289,0.7540165185928345
15.88;0.08607009053230286,0.41393741965293884,0.04734522104263306;0.6567462086677551,0.006490103900432587,0.010102738626301289,0.7540165185928345
15.9;0.08607009053230286,0.41393741965293884,0.04614110291004181;0.6567462086677551,0.006490103900432587,0.010102738626301289,0.7540165185928345
15.92;0.08607009053230286,0.41393741965293884,0.04495067894458771;0.6567462086677551,0.006490103900432587,0.010102738626301289,0.7540165185928345
15.94;0.08607009053230286,0.41393741965293884,0.043774113059043884;0.6567462086677551,0.006490103900432587,0.010102738626301289,0.7540165185928345
15.96;0.08607009053230286,0.41393741965293884,0.042611464858055115;0.6567462086677551,0.006490103900432587,0.010102738626301289,0.7540165185928345
15.98;0.08607009053230286,0.41393741965293884,0.041462913155555725;0.6567462086677551,0.006490103900432587,0.010102738626301289,0.7540165185928345
16.0;0.08607009053230286,0.41393741965293884,0.04032862186431885;0.6567462086677551,0.006490103900432587,0.010102738626301289,0.7540165185928345
16.02;0.08607009053230286,0.41393741965293884,0.03920866549015045;0.6567462086677551,0.006490103900432587,0.010102738626301289,0.7540165185928345
16.04;0.08607009053230286,0.41393741965293884,0.03810322284698486;0.6567462086677551,0.006490103900432587,0.010102738626301289,0.7540165185928345
16.06;0.08607009053230286,0.41393741965293884,0.03701232373714447;0.6567462086677551,0.006490103900432587,0.010102738626301289,0.7540165185928345
16.08;0.08607009053230286,0.41393741965293884,0.035936176776885986;0.6567462086677551,0.006490103900432587,0.010102738626301289,0.7540165185928345
16.1;0.08607009053230286,0.41393741965293884,0.03487484157085419;0.6567462086677551,0.006490103900432587,0.010102738626301289,0.7540165185928345
16.12;0.08607009053230286,0.41393741965293884,0.03382846713066101;0.6567462086677551,0.006490103900432587,0.010102738626301289,0.7540165185928345
16.14;0.08607009053230286,0.41393741965293884,0.032797157764434814;0.6567462086677551,0.006490103900432587,0.010102738626301289,0.7540165185928345
16.16;0.08607009053230286,0.41393741965293884,0.03178095817565918;0.6567462086677551,0.006490103900432587,0.010102738626301289,0.7540165185928345
16.18;0.08607009053230286,0.41393741965293884,0.030780017375946045;0.6567462086677551,0.006490103900432587,0.010102738626301289,0.7540165185928345
16.2;0.08607009053230286,0.41393741965293884,0.029794424772262573;0.6567462086677551,0.006490103900432587,0.010102738626301289,0.7540165185928345
16.22;0.08607009053230286,0.41393741965293884,0.028824299573898315;0.6567462086677551,0.006490103900432587,0.010102738626301289,0.7540165185928345
16.24;0.08607009053230286,0.41393741965293884,0.02786964178085327;0.6567462086677551,0.006490103900432587,0.010102738626301289,0.7540165185928345
16.26;0.08607009053230286,0.41393741965293884,0.026930660009384155;0.6567462086677551,0.006490103900432587,0.010102738626301289,0.7540165185928345
16.28;0.08607009053230286,0.41393741965293884,0.02600732445716858;0.6567462086677551,0.006490103900432587,0.010102738626301289,0.7540165185928345
16.3;0.08607009053230286,0.41393741965293884,0.02509978413581848;0.6567462086677551,0.006490103900432587,0.010102738626301289,0.7540165185928345
16.32;0.08607009053230286,0.41393741965293884,0.024208158254623413;0.6567462086677551,0.006490103900432587,0.010102738626301289,0.7540165185928345
16.34;0.08607009053230286,0.41393741965293884,0.0233323872089386;0.6567462086677551,0.006490103900432587,0.010102738626301289,0.7540165185928345
16.36;0.08607009053230286,0.41393741965293884,0.02247270941734314;0.6567462086677551,0.006490103900432587,0.010102738626301289,0.7540165185928345
16.38;0.08607009053230286,0.41393741965293884,0.02162906527519226;0.6567462086677551,0.006490103900432587,0.010102738626301289,0.7540165185928345
16.4;0.08607009053230286,0.41393741965293884,0.02080148458480835;0.6567462086677551,0.006490103900432587,0.010102738626301289,0.7540165185928345
16.42;0.08607009053230286,0.41393741965293884,0.01999017596244812;0.6567462086677551,0.006490103900432587,0.010102738626301289,0.7540165185928345
16.44;0.08607009053230286,0.41393741965293884,0.019195109605789185;0.6567462086677551,0.006490103900432587,0.010102738626301289,0.7540165185928345
16.46;0.08607009053230286,0.41393741965293884,0.018416374921798706;0.6567462086677551,0.006490103900432587,0.010102738626301289,0.7540165185928345
16.48;0.08607009053230286,0.41393741965293884,0.017653971910476685;0.6567462086677551,0.006490103900432587,0.010102738626301289,0.7540165185928345
16.5;0.08607009053230286,0.41393741965293884,0.016907989978790283;0.6567462086677551,0.006490103900432587,0.010102738626301289,0.7540165185928345
16.52;0.08607009053230286,0.41393741965293884,0.016178488731384277;0.6567462086677551,0.006490103900432587,0.010102738626301289,0.7540165185928345
16.54;0.08607009053230286,0.41393741965293884,0.015465497970581055;0.6567462086677551,0.006490103900432587,0.010102738626301289,0.7540165185928345
16.56;0.08607009053230286,0.41393741965293884,0.01476907730102539;0.6567462086677551,0.006490103900432587,0.010102738626301289,0.7540165185928345
16.58;0.08607009053230286,0.41393741965293884,0.014089196920394897;0.6567462086677551,0.006490103900432587,0.010102738626301289,0.7540165185928345
16.6;0.08607009053230286,0.41393741965293884,0.013426065444946289;0.6567462086677551,0.006490103900432587,0.010102738626301289,0.7540165185928345
16.62;0.08607009053230286,0.41393741965293884,0.012779474258422852;0.6567462086677551,0.006490103900432587,0.010102738626301289,0.7540165185928345
16.64;0.08607009053230286,0.41393741965293884,0.012149602174758911;0.6567462086677551,0.006490103900432587,0.010102738626301289,0.7540165185928345
16.66;0.08607009053230286,0.41393741965293884,0.011536508798599243;0.6567462086677551,0.006490103900432587,0.010102738626301289,0.7540165185928345
16.68;0.08607009053230286,0.41393741965293884,0.01094016432762146;0.6567462086677551,0.006490103900432587,0.010102738626301289,0.7540165185928345
16.7;0.08607009053230286,0.41393741965293884,0.010360568761825562;0.6567462086677551,0.006490103900432587,0.010102738626301289,0.7540165185928345
16.72;0.08607009053230286,0.41393741965293884,0.009797811508178711;0.6567462086677551,0.006490103900432587,0.010102738626301289,0.7540165185928345
16.74;0.08607009053230286,0.41393741965293884,0.009251892566680908;0.6567462086677551,0.006490103900432587,0.010102738626301289,0.7540165185928345
16.76;0.08607009053230286,0.41393741965293884,0.008722811937332153;0.6567462086677551,0.006490103900432587,0.010102738626301289,0.7540165185928345
16.78;0.08607009053230286,0.41393741965293884,0.008210569620132446;0.6567462086677551,0.006490103900432587,0.010102738626301289,0.7540165185928345
16.8;0.08607009053230286,0.41393741965293884,0.007715195417404175;0.6567462086677551,0.006490103900432587,0.010102738626301289,0.7540165185928345
16.82;0.08607009053230286,0.41393741965293884,0.007236689329147339;0.6567462086677551,0.006490103900432587,0.010102738626301289,0.7540165185928345
16.84;0.08607009053230286,0.41393741965293884,0.006775110960006714;0.6567462086677551,0.006490103900432587,0.010102738626301289,0.7540165185928345
16.86;0.08607009053230286,0.41393741965293884,0.006330430507659912;0.6567462086677551,0.006490103900432587,0.010102738626301289,0.7540165185928345
16.88;0.08607009053230286,0.41393741965293884,0.005902677774429321;0.6567462086677551,0.006490103900432587,0.010102738626301289,0.7540165185928345
16.9;0.08607009053230286,0.41393741965293884,0.005491793155670166;0.6567462086677551,0.006490103900432587,0.010102738626301289,0.7540165185928345
16.92;0.08607009053230286,0.41393741965293884,0.005097836256027222;0.6567462086677551,0.006490103900432587,0.010102738626301289,0.7540165185928345
16.94;0.08607009053230286,0.41393741965293884,0.004720807075500488;0.6567462086677551,0.006490103900432587,0.010102738626301289,0.7540165185928345
16.96;0.08607009053230286,0.41393741965293884,0.004360675811767578;0.6567462086677551,0.006490103900432587,0.010102738626301289,0.7540165185928345
16.98;0.08607009053230286,0.41393741965293884,0.004017531871795654;0.6567462086677551,0.006490103900432587,0.010102738626301289,0.7540165185928345
17.0;0.08607009053230286,0.41393741965293884,0.003691166639328003;0.6567462086677551,0.006490103900432587,0.010102738626301289,0.7540165185928345
17.02;0.08607009053230286,0.41393741965293884,0.00338175892829895;0.6567462086677551,0.006490103900432587,0.010102738626301289,0.7540165185928345
17.04;0.08607009053230286,0.41393741965293884,0.0030891895294189453;0.6567462086677551,0.006490103900432587,0.010102738626301289,0.7540165185928345
17.06;0.08607009053230286,0.41393741965293884,0.0028136074542999268;0.6567462086677551,0.006490103900432587,0.010102738626301289,0.7540165185928345
17.08;0.08607009053230286,0.41393741965293884,0.0025548040866851807;0.6567462086677551,0.006490103900432587,0.010102738626301289,0.7540165185928345
17.1;0.08607009053230286,0.41393741965293884,0.00231286883354187;0.6567462086677551,0.006490103900432587,0.010102738626301289,0.7540165185928345
17.12;0.08607009053230286,0.41393741965293884,0.0020877718925476074;0.6567462086677551,0.006490103900432587,0.010102738626301289,0.7540165185928345
17.14;0.08607009053230286,0.41393741965293884,0.0018795132637023926;0.6567462086677551,0.006490103900432587,0.010102738626301289,0.7540165185928345
17.16;0.08607009053230286,0.41393741965293884,0.0016880631446838379;0.6567462086677551,0.006490103900432587,0.010102738626301289,0.7540165185928345
17.18;0.08607009053230286,0.41393741965293884,0.0015133023262023926;0.6567462086677551,0.006490103900432587,0.010102738626301289,0.7540165185928345
17.2;0.08607009053230286,0.41393741965293884,0.0013554096221923828;0.6567462086677551,0.006490103900432587,0.010102738626301289,0.7540165185928345
17.22;0.08607009053230286,0.41393741965293884,0.0012142062187194824;0.6567462086677551,0.006490103900432587,0.010102738626301289,0.7540165185928345
17.24;0.08607009053230286,0.41393741965293884,0.0010896623134613037;0.6567462086677551,0.006490103900432587,0.010102738626301289,0.7540165185928345
17.26;0.08607009053230286,0.41393741965293884,0.0009818673133850098;0.6567462086677551,0.006490103900432587,0.010102738626301289,0.7540165185928345
17.28;0.08607009053230286,0.41393741965293884,0.0008907914161682129;0.6567462086677551,0.006490103900432587,0.010102738626301289,0.7540165185928345
17.3;0.08607009053230286,0.41393741965293884,0.0008162856101989746;0.6567462086677551,0.006490103900432587,0.010102738626301289,0.7540165185928345
17.32;0.08607009053230286,0.41393741965293884,0.0007584095001220703;0.6567462086677551,0.006490103900432587,0.010102738626301289,0.7540165185928345
17.34;0.08607009053230286,0.41393741965293884,0.0007171034812927246;0.6567462086677551,0.006490103900432587,0.010102738626301289,0.7540165185928345
17.36;0.08607009053230286,0.41393741965293884,0.0006923079490661621;0.6567462086677551,0.006490103900432587,0.010102738626301289,0.7540165185928345
17.38;0.08607009053230286,0.41393741965293884,0.0006841123104095459;0.6567462086677551,0.006490103900432587,0.010102738626301289,0.7540165185928345
