0.0;0.0,0.0,0.0;1.0,0.0,0.0,0.0
0.02;0.0,0.0,0.003078788286074996;1.0,0.0,0.0,0.0
0.04;0.0,0.0,0.006157576572149992;1.0,0.0,0.0,0.0
0.06;0.0,0.0,0.009236364625394344;1.0,0.0,0.0,0.0
0.08;0.0,0.0,0.012315153144299984;1.0,0.0,0.0,0.0
0.1;0.0,0.0,0.015393940731883049;1.0,0.0,0.0,0.0
0.12;0.0,0.0,0.01847272925078869;1.0,0.0,0.0,0.0
0.14;0.0,0.0,0.02155151590704918;1.0,0.0,0.0,0.0
0.16;0.0,0.0,0.024630306288599968;1.0,0.0,0.0,0.0
0.18;0.0,0.0,0.027709094807505608;1.0,0.0,0.0,0.0
0.2;0.0,0.0,0.030787881463766098;1.0,0.0,0.0,0.0
0.22;0.0,0.0,0.03386666998267174;1.0,0.0,0.0,0.0
0.24;0.0,0.0,0.03694545850157738;1.0,0.0,0.0,0.0
0.26;0.0,0.0,0.04002424702048302;1.0,0.0,0.0,0.0
0.28;0.0,0.0,0.04310303181409836;1.0,0.0,0.0,0.0
0.3;0.0,0.0,0.046181824058294296;1.0,0.0,0.0,0.0
0.32;0.0,0.0,0.049260612577199936;1.0,0.0,0.0,0.0
0.34;0.0,0.0,0.05233939737081528;1.0,0.0,0.0,0.0
0.36;0.0,0.0,0.055418189615011215;1.0,0.0,0.0,0.0
0.38;0.0,0.0,0.058496978133916855;1.0,0.0,0.0,0.0
0.4;0.0,0.0,0.061575762927532196;1.0,0.0,0.0,0.0
0.42;0.0,0.0,0.06465455144643784;1.0,0.0,0.0,0.0
0.44;0.0,0.0,0.06773333996534348;1.0,0.0,0.0,0.0
0.46;0.0,0.0,0.07081212848424911;1.0,0.0,0.0,0.0
0.48;0.0,0.0,0.07389091700315475;1.0,0.0,0.0,0.0
0.5;0.0,0.0,0.0769696980714798;1.0,0.0,0.0,0.0
0.52;0.0,0.0,0.08004849404096603;1.0,0.0,0.0,0.0
0.54;0.0,0.0,0.08312728255987167;1.0,0.0,0.0,0.0
0.56;0.0,0.0,0.08620606362819672;1.0,0.0,0.0,0.0
0.58;0.0,0.0,0.08928485214710236;1.0,0.0,0.0,0.0
0.6;0.0,0.0,0.092363640666008;1.0,0.0,0.0,0.0
0.62;0.0,0.0,0.09544242173433304;1.0,0.0,0.0,0.0
0.64;0.0,0.0,0.09852121770381927;1.0,0.0,0.0,0.0
0.66;0.0,0.0,0.10160000622272491;1.0,0.0,0.0,0.0
0.68;0.0,0.0,0.10467878729104996;1.0,0.0,0.0,0.0
0.7;0.0,0.0,0.1077575832605362;1.0,0.0,0.0,0.0
0.72;0.0,0.0,0.11083637177944183;1.0,0.0,0.0,0.0
0.74;0.0,0.0,0.11391515284776688;1.0,0.0,0.0,0.0
0.76;0.0,0.0,0.11699394881725311;1.0,0.0,0.0,0.0
0.78;0.0,0.0,0.12007273733615875;1.0,0.0,0.0,0.0
0.8;0.0,0.0,0.1231515184044838;1.0,0.0,0.0,0.0
0.82;0.0,0.0,0.12623029947280884;1.0,0.0,0.0,0.0
0.84;0.0,0.0,0.12930908799171448;1.0,0.0,0.0,0.0
0.86;0.0,0.0,0.13238787651062012;1.0,0.0,0.0,0.0
0.88;0.0,0.0,0.13546666502952576;1.0,0.0,0.0,0.0
0.9;0.0,0.0,0.1385454535484314;1.0,0.0,0.0,0.0
0.92;0.0,0.0,0.14162424206733704;1.0,0.0,0.0,0.0
0.94;0.0,0.0,0.14470303058624268;1.0,0.0,0.0,0.0
0.96;0.0,0.0,0.14778181910514832;1.0,0.0,0.0,0.0
0.98;0.0,0.0,0.15086060762405396;1.0,0.0,0.0,0.0
1.0;0.0,0.0,0.1539393812417984;1.0,0.0,0.0,0.0
1.02;0.0,0.0,0.15701818466186523;1.0,0.0,0.0,0.0
1.04;0.0,0.0,0.16009697318077087;1.0,0.0,0.0,0.0
1.06;0.0,0.0,0.1631757616996765;1.0,0.0,0.0,0.0
1.08;0.0,0.0,0.16625455021858215;1.0,0.0,0.0,0.0
1.1;0.0,0.0,0.1693333387374878;1.0,0.0,0.0,0.0
1.12;0.0,0.0,0.17241211235523224;1.0,0.0,0.0,0.0
1.14;0.0,0.0,0.17549091577529907;1.0,0.0,0.0,0.0
1.16;0.0,0.0,0.1785697042942047;1.0,0.0,0.0,0.0
1.18;0.0,0.0,0.18164849281311035;1.0,0.0,0.0,0.0
1.2;0.0,0.0,0.184727281332016;1.0,0.0,0.0,0.0
1.22;0.0,0.0,0.18780606985092163;1.0,0.0,0.0,0.0
1.24;0.0,0.0,0.19088484346866608;1.0,0.0,0.0,0.0
1.26;0.0,0.0,0.1939636617898941;1.0,0.0,0.0,0.0
1.28;0.0,0.0,0.19704245030879974;1.0,0.0,0.0,0.0
1.3;0.0,0.0,0.20012123882770538;1.0,0.0,0.0,0.0
1.32;0.0,0.0,0.20320002734661102;1.0,0.0,0.0,0.0
1.34;0.0,0.0,0.20627880096435547;1.0,0.0,0.0,0.0
1.36;0.0,0.0,0.2093575894832611;1.0,0.0,0.0,0.0
1.38;0.0,0.0,0.21243637800216675;1.0,0.0,0.0,0.0
1.4;0.0,0.0,0.21551518142223358;1.0,0.0,0.0,0.0
1.42;0.0,0.0,0.21859395503997803;1.0,0.0,0.0,0.0
1.44;0.0,0.0,0.22167274355888367;1.0,0.0,0.0,0.0
1.46;0.0,0.0,0.2247515171766281;1.0,0.0,0.0,0.0
1.48;0.0,0.0,0.22783030569553375;1.0,0.0,0.0,0.0
1.5;0.0,0.0,0.2309090942144394;1.0,0.0,0.0,0.0
1.52;0.0,0.0,0.23398789763450623;1.0,0.0,0.0,0.0
1.54;0.0,0.0,0.23706668615341187;1.0,0.0,0.0,0.0
1.56;0.0,0.0,0.2401454746723175;1.0,0.0,0.0,0.0
1.58;0.0,0.0,0.24322424829006195;1.0,0.0,0.0,0.0
1.6;0.0,0.0,0.2463030368089676;1.0,0.0,0.0,0.0
1.62;0.0,0.0,0.24938182532787323;1.0,0.0,0.0,0.0
1.64;0.0,0.0,0.25246062874794006;1.0,0.0,0.0,0.0
1.66;0.0,0.0,0.2555394172668457;1.0,0.0,0.0,0.0
1.68;0.0,0.0,0.25861820578575134;1.0,0.0,0.0,0.0
1.7;0.0,0.0,0.261696994304657;1.0,0.0,0.0,0.0
1.72;0.0,0.0,0.2647757828235626;1.0,0.0,0.0,0.0
1.74;0.0,0.0,0.26785457134246826;1.0,0.0,0.0,0.0
1.76;0.0,0.0,0.2709333598613739;1.0,0.0,0.0,0.0
1.78;0.0,0.0,0.27401214838027954;1.0,0.0,0.0,0.0
1.8;0.0,0.0,0.2770909368991852;1.0,0.0,0.0,0.0
1.82;0.0,0.0,0.2801697254180908;1.0,0.0,0.0,0.0
1.84;0.0,0.0,0.28324851393699646;1.0,0.0,0.0,0.0
1.86;0.0,0.0,0.2863273024559021;1.0,0.0,0.0,0.0
1.88;0.0,0.0,0.28940609097480774;1.0,0.0,0.0,0.0
1.9;0.0,0.0,0.2924848794937134;1.0,0.0,0.0,0.0
1.92;0.0,0.0,0.295563668012619;1.0,0.0,0.0,0.0
1.94;0.0,0.0,0.29864245653152466;1.0,0.0,0.0,0.0
1.96;0.0,0.0,0.3017212450504303;1.0,0.0,0.0,0.0
1.98;0.0,0.0,0.30480003356933594;1.0,0.0,0.0,0.0
2.0;-0.003078788286074996,0.0,0.30480003356933594;1.0,0.0,0.0,0.0
2.02;-0.006157576572149992,0.0,0.30480003356933594;1.0,0.0,0.0,0.0
2.04;-0.009236364625394344,0.0,0.30480003356933594;1.0,0.0,0.0,0.0
2.06;-0.012315153144299984,0.0,0.30480003356933594;1.0,0.0,0.0,0.0
2.08;-0.015393940731883049,0.0,0.30480003356933594;1.0,0.0,0.0,0.0
2.1;-0.01847272925078869,0.0,0.30480003356933594;1.0,0.0,0.0,0.0
2.12;-0.02155151590704918,0.0,0.30480003356933594;1.0,0.0,0.0,0.0
2.14;-0.024630306288599968,0.0,0.30480003356933594;1.0,0.0,0.0,0.0
2.16;-0.027709094807505608,0.0,0.30480003356933594;1.0,0.0,0.0,0.0
2.18;-0.030787881463766098,0.0,0.30480003356933594;1.0,0.0,0.0,0.0
2.2;-0.03386666998267174,0.0,0.30480003356933594;1.0,0.0,0.0,0.0
2.22;-0.03694545850157738,0.0,0.30480003356933594;1.0,0.0,0.0,0.0
2.24;-0.04002424702048302,0.0,0.30480003356933594;1.0,0.0,0.0,0.0
2.26;-0.04310303181409836,0.0,0.30480003356933594;1.0,0.0,0.0,0.0
2.28;-0.046181824058294296,0.0,0.30480003356933594;1.0,0.0,0.0,0.0
2.3;-0.049260612577199936,0.0,0.30480003356933594;1.0,0.0,0.0,0.0
2.32;-0.05233939737081528,0.0,0.30480003356933594;1.0,0.0,0.0,0.0
2.34;-0.055418189615011215,0.0,0.30480003356933594;1.0,0.0,0.0,0.0
2.36;-0.058496978133916855,0.0,0.30480003356933594;1.0,0.0,0.0,0.0
2.38;-0.061575762927532196,0.0,0.30480003356933594;1.0,0.0,0.0,0.0
2.4;-0.06465455144643784,0.0,0.30480003356933594;1.0,0.0,0.0,0.0
2.42;-0.06773333996534348,0.0,0.30480003356933594;1.0,0.0,0.0,0.0
2.44;-0.07081212848424911,0.0,0.30480003356933594;1.0,0.0,0.0,0.0
2.46;-0.07389091700315475,0.0,0.30480003356933594;1.0,0.0,0.0,0.0
2.48;-0.0769696980714798,0.0,0.30480003356933594;1.0,0.0,0.0,0.0
2.5;-0.08004849404096603,0.0,0.30480003356933594;1.0,0.0,0.0,0.0
2.52;-0.08312728255987167,0.0,0.30480003356933594;1.0,0.0,0.0,0.0
2.54;-0.08620606362819672,0.0,0.30480003356933594;1.0,0.0,0.0,0.0
2.56;-0.08928485214710236,0.0,0.30480003356933594;1.0,0.0,0.0,0.0
2.58;-0.092363640666008,0.0,0.30480003356933594;1.0,0.0,0.0,0.0
2.6;-0.09544242173433304,0.0,0.30480003356933594;1.0,0.0,0.0,0.0
2.62;-0.09852121770381927,0.0,0.30480003356933594;1.0,0.0,0.0,0.0
2.64;-0.10160000622272491,0.0,0.30480003356933594;1.0,0.0,0.0,0.0
2.66;-0.10467878729104996,0.0,0.30480003356933594;1.0,0.0,0.0,0.0
2.68;-0.1077575832605362,0.0,0.30480003356933594;1.0,0.0,0.0,0.0
2.7;-0.11083637177944183,0.0,0.30480003356933594;1.0,0.0,0.0,0.0
2.72;-0.11391515284776688,0.0,0.30480003356933594;1.0,0.0,0.0,0.0
2.74;-0.11699394881725311,0.0,0.30480003356933594;1.0,0.0,0.0,0.0
2.76;-0.12007273733615875,0.0,0.30480003356933594;1.0,0.0,0.0,0.0
2.78;-0.1231515184044838,0.0,0.30480003356933594;1.0,0.0,0.0,0.0
2.8;-0.12623029947280884,0.0,0.30480003356933594;1.0,0.0,0.0,0.0
2.82;-0.12930908799171448,0.0,0.30480003356933594;1.0,0.0,0.0,0.0
2.84;-0.13238787651062012,0.0,0.30480003356933594;1.0,0.0,0.0,0.0
2.86;-0.13546666502952576,0.0,0.30480003356933594;1.0,0.0,0.0,0.0
2.88;-0.1385454535484314,0.0,0.30480003356933594;1.0,0.0,0.0,0.0
2.9;-0.14162424206733704,0.0,0.30480003356933594;1.0,0.0,0.0,0.0
2.92;-0.14470303058624268,0.0,0.30480003356933594;1.0,0.0,0.0,0.0
2.94;-0.14778181910514832,0.0,0.30480003356933594;1.0,0.0,0.0,0.0
2.96;-0.15086060762405396,0.0,0.30480003356933594;1.0,0.0,0.0,0.0
2.98;-0.1539393812417984,0.0,0.30480003356933594;1.0,0.0,0.0,0.0
3.0;-0.15701818466186523,0.0,0.30480003356933594;1.0,0.0,0.0,0.0
3.02;-0.16009697318077087,0.0,0.30480003356933594;1.0,0.0,0.0,0.0
3.04;-0.1631757616996765,0.0,0.30480003356933594;1.0,0.0,0.0,0.0
3.06;-0.16625455021858215,0.0,0.30480003356933594;1.0,0.0,0.0,0.0
3.08;-0.1693333387374878,0.0,0.30480003356933594;1.0,0.0,0.0,0.0
3.1;-0.17241211235523224,0.0,0.30480003356933594;1.0,0.0,0.0,0.0
3.12;-0.17549091577529907,0.0,0.30480003356933594;1.0,0.0,0.0,0.0
3.14;-0.1785697042942047,0.0,0.30480003356933594;1.0,0.0,0.0,0.0
3.16;-0.18164849281311035,0.0,0.30480003356933594;1.0,0.0,0.0,0.0
3.18;-0.184727281332016,0.0,0.30480003356933594;1.0,0.0,0.0,0.0
3.2;-0.18780606985092163,0.0,0.30480003356933594;1.0,0.0,0.0,0.0
3.22;-0.19088484346866608,0.0,0.30480003356933594;1.0,0.0,0.0,0.0
3.24;-0.1939636617898941,0.0,0.30480003356933594;1.0,0.0,0.0,0.0
3.26;-0.19704245030879974,0.0,0.30480003356933594;1.0,0.0,0.0,0.0
3.28;-0.20012123882770538,0.0,0.30480003356933594;1.0,0.0,0.0,0.0
3.3;-0.20320002734661102,0.0,0.30480003356933594;1.0,0.0,0.0,0.0
3.32;-0.20627880096435547,0.0,0.30480003356933594;1.0,0.0,0.0,0.0
3.34;-0.2093575894832611,0.0,0.30480003356933594;1.0,0.0,0.0,0.0
3.36;-0.21243637800216675,0.0,0.30480003356933594;1.0,0.0,0.0,0.0
3.38;-0.21551518142223358,0.0,0.30480003356933594;1.0,0.0,0.0,0.0
3.4;-0.21859395503997803,0.0,0.30480003356933594;1.0,0.0,0.0,0.0
3.42;-0.22167274355888367,0.0,0.30480003356933594;1.0,0.0,0.0,0.0
3.44;-0.2247515171766281,0.0,0.30480003356933594;1.0,0.0,0.0,0.0
3.46;-0.22783030569553375,0.0,0.30480003356933594;1.0,0.0,0.0,0.0
3.48;-0.2309090942144394,0.0,0.30480003356933594;1.0,0.0,0.0,0.0
3.5;-0.23398789763450623,0.0,0.30480003356933594;1.0,0.0,0.0,0.0
3.52;-0.23706668615341187,0.0,0.30480003356933594;1.0,0.0,0.0,0.0
3.54;-0.2401454746723175,0.0,0.30480003356933594;1.0,0.0,0.0,0.0
3.56;-0.24322424829006195,0.0,0.30480003356933594;1.0,0.0,0.0,0.0
3.58;-0.2463030368089676,0.0,0.30480003356933594;1.0,0.0,0.0,0.0
3.6;-0.24938182532787323,0.0,0.30480003356933594;1.0,0.0,0.0,0.0
3.62;-0.25246062874794006,0.0,0.30480003356933594;1.0,0.0,0.0,0.0
3.64;-0.2555394172668457,0.0,0.30480003356933594;1.0,0.0,0.0,0.0
3.66;-0.25861820578575134,0.0,0.30480003356933594;1.0,0.0,0.0,0.0
3.68;-0.261696994304657,0.0,0.30480003356933594;1.0,0.0,0.0,0.0
3.7;-0.2647757828235626,0.0,0.30480003356933594;1.0,0.0,0.0,0.0
3.72;-0.26785457134246826,0.0,0.30480003356933594;1.0,0.0,0.0,0.0
3.74;-0.2709333598613739,0.0,0.30480003356933594;1.0,0.0,0.0,0.0
3.76;-0.27401214838027954,0.0,0.30480003356933594;1.0,0.0,0.0,0.0
3.78;-0.2770909368991852,0.0,0.30480003356933594;1.0,0.0,0.0,0.0
3.8;-0.2801697254180908,0.0,0.30480003356933594;1.0,0.0,0.0,0.0
3.82;-0.28324851393699646,0.0,0.30480003356933594;1.0,0.0,0.0,0.0
3.84;-0.2863273024559021,0.0,0.30480003356933594;1.0,0.0,0.0,0.0
3.86;-0.28940609097480774,0.0,0.30480003356933594;1.0,0.0,0.0,0.0
3.88;-0.2924848794937134,0.0,0.30480003356933594;1.0,0.0,0.0,0.0
3.9;-0.295563668012619,0.0,0.30480003356933594;1.0,0.0,0.0,0.0
3.92;-0.29864245653152466,0.0,0.30480003356933594;1.0,0.0,0.0,0.0
3.94;-0.3017212450504303,0.0,0.30480003356933594;1.0,0.0,0.0,0.0
3.96;-0.30480003356933594,0.0,0.30480003356933594;1.0,0.0,0.0,0.0
3.98;-0.30480003356933594,0.0,0.3017822206020355;1.0,0.0,0.0,0.0
4.0;-0.30480003356933594,0.0,0.2987643778324127;1.0,0.0,0.0,0.0
4.02;-0.30480003356933594,0.0,0.2957465648651123;1.0,0.0,0.0,0.0
4.04;-0.30480003356933594,0.0,0.2927287518978119;1.0,0.0,0.0,0.0
4.06;-0.30480003356933594,0.0,0.2897109389305115;1.0,0.0,0.0,0.0
4.08;-0.30480003356933594,0.0,0.28669309616088867;1.0,0.0,0.0,0.0
4.1;-0.30480003356933594,0.0,0.28367528319358826;1.0,0.0,0.0,0.0
4.12;-0.30480003356933594,0.0,0.28065747022628784;1.0,0.0,0.0,0.0
4.14;-0.30480003356933594,0.0,0.27763962745666504;1.0,0.0,0.0,0.0
4.16;-0.30480003356933594,0.0,0.2746218144893646;1.0,0.0,0.0,0.0
4.18;-0.30480003356933594,0.0,0.2716040015220642;1.0,0.0,0.0,0.0
4.2;-0.30480003356933594,0.0,0.2685861587524414;1.0,0.0,0.0,0.0
4.22;-0.30480003356933594,0.0,0.265568345785141;1.0,0.0,0.0,0.0
4.24;-0.30480003356933594,0.0,0.2625505328178406;1.0,0.0,0.0,0.0
4.26;-0.30480003356933594,0.0,0.2595326900482178;1.0,0.0,0.0,0.0
4.28;-0.30480003356933594,0.0,0.25651487708091736;1.0,0.0,0.0,0.0
4.3;-0.30480003356933594,0.0,0.25349706411361694;1.0,0.0,0.0,0.0
4.32;-0.30480003356933594,0.0,0.25047922134399414;1.0,0.0,0.0,0.0
4.34;-0.30480003356933594,0.0,0.24746140837669373;1.0,0.0,0.0,0.0
4.36;-0.30480003356933594,0.0,0.2444435954093933;1.0,0.0,0.0,0.0
4.38;-0.30480003356933594,0.0,0.2414257824420929;1.0,0.0,0.0,0.0
4.4;-0.30480003356933594,0.0,0.2384079545736313;1.0,0.0,0.0,0.0
4.42;-0.30480003356933594,0.0,0.23539012670516968;1.0,0.0,0.0,0.0
4.44;-0.30480003356933594,0.0,0.23237231373786926;1.0,0.0,0.0,0.0
4.46;-0.30480003356933594,0.0,0.22935448586940765;1.0,0.0,0.0,0.0
4.48;-0.30480003356933594,0.0,0.22633665800094604;1.0,0.0,0.0,0.0
4.5;-0.30480003356933594,0.0,0.22331884503364563;1.0,0.0,0.0,0.0
4.52;-0.30480003356933594,0.0,0.22030103206634521;1.0,0.0,0.0,0.0
4.54;-0.30480003356933594,0.0,0.2172831892967224;1.0,0.0,0.0,0.0
4.56;-0.30480003356933594,0.0,0.214265376329422;1.0,0.0,0.0,0.0
4.58;-0.30480003356933594,0.0,0.2112475484609604;1.0,0.0,0.0,0.0
4.6;-0.30480003356933594,0.0,0.20822972059249878;1.0,0.0,0.0,0.0
4.62;-0.30480003356933594,0.0,0.20521190762519836;1.0,0.0,0.0,0.0
4.64;-0.30480003356933594,0.0,0.20219410955905914;1.0,0.0,0.0,0.0
4.66;-0.30480003356933594,0.0,0.19917626678943634;1.0,0.0,0.0,0.0
4.68;-0.30480003356933594,0.0,0.19615845382213593;1.0,0.0,0.0,0.0
4.7;-0.30480003356933594,0.0,0.1931406408548355;1.0,0.0,0.0,0.0
4.72;-0.30480003356933594,0.0,0.1901228129863739;1.0,0.0,0.0,0.0
4.74;-0.30480003356933594,0.0,0.1871049851179123;1.0,0.0,0.0,0.0
4.76;-0.30480003356933594,0.0,0.18408717215061188;1.0,0.0,0.0,0.0
4.78;-0.30480003356933594,0.0,0.18106935918331146;1.0,0.0,0.0,0.0
4.8;-0.30480003356933594,0.0,0.17805153131484985;1.0,0.0,0.0,0.0
4.82;-0.30480003356933594,0.0,0.17503370344638824;1.0,0.0,0.0,0.0
4.84;-0.30480003356933594,0.0,0.17201587557792664;1.0,0.0,0.0,0.0
4.86;-0.30480003356933594,0.0,0.16899804770946503;1.0,0.0,0.0,0.0
4.88;-0.30480003356933594,0.0,0.1659802347421646;1.0,0.0,0.0,0.0
4.9;-0.30480003356933594,0.0,0.162962406873703;1.0,0.0,0.0,0.0
4.92;-0.30480003356933594,0.0,0.1599445939064026;1.0,0.0,0.0,0.0
4.94;-0.30480003356933594,0.0,0.15692676603794098;1.0,0.0,0.0,0.0
4.96;-0.30480003356933594,0.0,0.15390895307064056;1.0,0.0,0.0,0.0
4.98;-0.30480003356933594,0.0,0.15089111030101776;1.0,0.0,0.0,0.0
5.0;-0.30480003356933594,0.0,0.14787329733371735;1.0,0.0,0.0,0.0
5.02;-0.30480003356933594,0.0,0.14485546946525574;1.0,0.0,0.0,0.0
5.04;-0.30480003356933594,0.0,0.14183765649795532;1.0,0.0,0.0,0.0
5.06;-0.30480003356933594,0.0,0.1388198286294937;1.0,0.0,0.0,0.0
5.08;-0.30480003356933594,0.0,0.1358020007610321;1.0,0.0,0.0,0.0
5.1;-0.30480003356933594,0.0,0.1327841877937317;1.0,0.0,0.0,0.0
5.12;-0.30480003356933594,0.0,0.12976635992527008;1.0,0.0,0.0,0.0
5.14;-0.30480003356933594,0.0,0.12674856185913086;1.0,0.0,0.0,0.0
5.16;-0.30480003356933594,0.0,0.12373071908950806;1.0,0.0,0.0,0.0
5.18;-0.30480003356933594,0.0,0.12071290612220764;1.0,0.0,0.0,0.0
5.2;-0.30480003356933594,0.0,0.11769507825374603;1.0,0.0,0.0,0.0
5.22;-0.30480003356933594,0.0,0.11467725783586502;1.0,0.0,0.0,0.0
5.24;-0.30480003356933594,0.0,0.1116594448685646;1.0,0.0,0.0,0.0
5.26;-0.30480003356933594,0.0,0.108641617000103;1.0,0.0,0.0,0.0
5.28;-0.30480003356933594,0.0,0.10562380403280258;1.0,0.0,0.0,0.0
5.3;-0.30480003356933594,0.0,0.10260597616434097;1.0,0.0,0.0,0.0
5.32;-0.30480003356933594,0.0,0.09958816319704056;1.0,0.0,0.0,0.0
5.34;-0.30480003356933594,0.0,0.09657033532857895;1.0,0.0,0.0,0.0
5.36;-0.30480003356933594,0.0,0.09355249255895615;1.0,0.0,0.0,0.0
5.38;-0.30480003356933594,0.0,0.09053467959165573;1.0,0.0,0.0,0.0
5.4;-0.30480003356933594,0.0,0.08751685917377472;1.0,0.0,0.0,0.0
5.42;-0.30480003356933594,0.0,0.08449902385473251;1.0,0.0,0.0,0.0
5.44;-0.30480003356933594,0.0,0.0814812108874321;1.0,0.0,0.0,0.0
5.46;-0.30480003356933594,0.0,0.07846338301897049;1.0,0.0,0.0,0.0
5.48;-0.30480003356933594,0.0,0.07544557005167007;1.0,0.0,0.0,0.0
5.5;-0.30480003356933594,0.0,0.07242774218320847;1.0,0.0,0.0,0.0
5.52;-0.30480003356933594,0.0,0.06940992921590805;1.0,0.0,0.0,0.0
5.54;-0.30480003356933594,0.0,0.06639210879802704;1.0,0.0,0.0,0.0
5.56;-0.30480003356933594,0.0,0.06337428092956543;1.0,0.0,0.0,0.0
5.58;-0.30480003356933594,0.0,0.060356467962265015;1.0,0.0,0.0,0.0
5.6;-0.30480003356933594,0.0,0.057338640093803406;1.0,0.0,0.0,0.0
5.62;-0.30480003356933594,0.0,0.0543208122253418;1.0,0.0,0.0,0.0
5.64;-0.30480003356933594,0.0,0.051302965730428696;1.0,0.0,0.0,0.0
5.66;-0.30480003356933594,0.0,0.04828515648841858;1.0,0.0,0.0,0.0
5.68;-0.30480003356933594,0.0,0.045267343521118164;1.0,0.0,0.0,0.0
5.7;-0.30480003356933594,0.0,0.04224953055381775;1.0,0.0,0.0,0.0
5.72;-0.30480003356933594,0.0,0.039231691509485245;1.0,0.0,0.0,0.0
5.74;-0.30480003356933594,0.0,0.03621387854218483;1.0,0.0,0.0,0.0
5.76;-0.30480003356933594,0.0,0.033196061849594116;1.0,0.0,0.0,0.0
5.78;-0.30480003356933594,0.0,0.030178220942616463;1.0,0.0,0.0,0.0
5.8;-0.30480003356933594,0.0,0.027160409837961197;1.0,0.0,0.0,0.0
5.82;-0.30480003356933594,0.0,0.02414259873330593;1.0,0.0,0.0,0.0
5.84;-0.30480003356933594,0.0,0.021124783903360367;1.0,0.0,0.0,0.0
5.86;-0.30480003356933594,0.0,0.018106942996382713;1.0,0.0,0.0,0.0
5.88;-0.30480003356933594,0.0,0.01508910022675991;1.0,0.0,0.0,0.0
5.9;-0.30480003356933594,0.0,0.012071287259459496;1.0,0.0,0.0,0.0
5.92;-0.30480003356933594,0.0,0.009053475223481655;1.0,0.0,0.0,0.0
5.94;-0.30480003356933594,0.0,0.00603566225618124;1.0,0.0,0.0,0.0
5.96;-0.30480003356933594,0.0,0.0030178199522197247;1.0,0.0,0.0,0.0
5.98;-0.30480003356933594,0.0,0.0;1.0,0.0,0.0,0.0
6.0;-0.3017520308494568,0.0,0.0;1.0,0.0,0.0,0.0
6.02;-0.29870402812957764,0.0,0.0;1.0,0.0,0.0,0.0
6.04;-0.2956560254096985,0.0,0.0;1.0,0.0,0.0,0.0
6.06;-0.29260802268981934,0.0,0.0;1.0,0.0,0.0,0.0
6.08;-0.2895600199699402,0.0,0.0;1.0,0.0,0.0,0.0
6.1;-0.2865120470523834,0.0,0.0;1.0,0.0,0.0,0.0
6.12;-0.2834640443325043,0.0,0.0;1.0,0.0,0.0,0.0
6.14;-0.2804160416126251,0.0,0.0;1.0,0.0,0.0,0.0
6.16;-0.27736803889274597,0.0,0.0;1.0,0.0,0.0,0.0
6.18;-0.2743200361728668,0.0,0.0;1.0,0.0,0.0,0.0
6.2;-0.27127203345298767,0.0,0.0;1.0,0.0,0.0,0.0
6.22;-0.2682240307331085,0.0,0.0;1.0,0.0,0.0,0.0
6.24;-0.26517602801322937,0.0,0.0;1.0,0.0,0.0,0.0
6.26;-0.2621280252933502,0.0,0.0;1.0,0.0,0.0,0.0
6.28;-0.25908002257347107,0.0,0.0;1.0,0.0,0.0,0.0
6.3;-0.2560320496559143,0.0,0.0;1.0,0.0,0.0,0.0
6.32;-0.25298404693603516,0.0,0.0;1.0,0.0,0.0,0.0
6.34;-0.2499360293149948,0.0,0.0;1.0,0.0,0.0,0.0
6.36;-0.24688802659511566,0.0,0.0;1.0,0.0,0.0,0.0
6.38;-0.2438400238752365,0.0,0.0;1.0,0.0,0.0,0.0
6.4;-0.24079203605651855,0.0,0.0;1.0,0.0,0.0,0.0
6.42;-0.2377440333366394,0.0,0.0;1.0,0.0,0.0,0.0
6.44;-0.23469603061676025,0.0,0.0;1.0,0.0,0.0,0.0
6.46;-0.2316480278968811,0.0,0.0;1.0,0.0,0.0,0.0
6.48;-0.22860002517700195,0.0,0.0;1.0,0.0,0.0,0.0
6.5;-0.2255520224571228,0.0,0.0;1.0,0.0,0.0,0.0
6.52;-0.22250401973724365,0.0,0.0;1.0,0.0,0.0,0.0
6.54;-0.2194560170173645,0.0,0.0;1.0,0.0,0.0,0.0
6.56;-0.21640802919864655,0.0,0.0;1.0,0.0,0.0,0.0
6.58;-0.2133600115776062,0.0,0.0;1.0,0.0,0.0,0.0
6.6;-0.21031202375888824,0.0,0.0;1.0,0.0,0.0,0.0
6.62;-0.2072640210390091,0.0,0.0;1.0,0.0,0.0,0.0
6.64;-0.20421601831912994,0.0,0.0;1.0,0.0,0.0,0.0
6.66;-0.20116804540157318,0.0,0.0;1.0,0.0,0.0,0.0
6.68;-0.19812002778053284,0.0,0.0;1.0,0.0,0.0,0.0
6.7;-0.19507203996181488,0.0,0.0;1.0,0.0,0.0,0.0
6.72;-0.19202403724193573,0.0,0.0;1.0,0.0,0.0,0.0
6.74;-0.18897603452205658,0.0,0.0;1.0,0.0,0.0,0.0
6.76;-0.18592803180217743,0.0,0.0;1.0,0.0,0.0,0.0
6.78;-0.18288002908229828,0.0,0.0;1.0,0.0,0.0,0.0
6.8;-0.17983202636241913,0.0,0.0;1.0,0.0,0.0,0.0
6.82;-0.17678402364253998,0.0,0.0;1.0,0.0,0.0,0.0
6.84;-0.17373602092266083,0.0,0.0;1.0,0.0,0.0,0.0
6.86;-0.17068801820278168,0.0,0.0;1.0,0.0,0.0,0.0
6.88;-0.16764003038406372,0.0,0.0;1.0,0.0,0.0,0.0
6.9;-0.16459201276302338,0.0,0.0;1.0,0.0,0.0,0.0
6.92;-0.16154402494430542,0.0,0.0;1.0,0.0,0.0,0.0
6.94;-0.15849602222442627,0.0,0.0;1.0,0.0,0.0,0.0
6.96;-0.15544801950454712,0.0,0.0;1.0,0.0,0.0,0.0
6.98;-0.15240001678466797,0.0,0.0;1.0,0.0,0.0,0.0
7.0;-0.14935201406478882,0.0,0.0;1.0,0.0,0.0,0.0
7.02;-0.14630402624607086,0.0,0.0;1.0,0.0,0.0,0.0
7.04;-0.14325600862503052,0.0,0.0;1.0,0.0,0.0,0.0
7.06;-0.14020800590515137,0.0,0.0;1.0,0.0,0.0,0.0
7.08;-0.13716000318527222,0.0,0.0;1.0,0.0,0.0,0.0
7.1;-0.13411201536655426,0.0,0.0;1.0,0.0,0.0,0.0
7.12;-0.1310640126466751,0.0,0.0;1.0,0.0,0.0,0.0
7.14;-0.12801602482795715,0.0,0.0;1.0,0.0,0.0,0.0
7.16;-0.12496800720691681,0.0,0.0;1.0,0.0,0.0,0.0
7.18;-0.12192000448703766,0.0,0.0;1.0,0.0,0.0,0.0
7.2;-0.11887200176715851,0.0,0.0;1.0,0.0,0.0,0.0
7.22;-0.11582401394844055,0.0,0.0;1.0,0.0,0.0,0.0
7.24;-0.112776018679142,0.0,0.0;1.0,0.0,0.0,0.0
7.26;-0.10972800105810165,0.0,0.0;1.0,0.0,0.0,0.0
7.28;-0.1066799983382225,0.0,0.0;1.0,0.0,0.0,0.0
7.3;-0.10363201051950455,0.0,0.0;1.0,0.0,0.0,0.0
7.32;-0.1005840077996254,0.0,0.0;1.0,0.0,0.0,0.0
7.34;-0.09753600507974625,0.0,0.0;1.0,0.0,0.0,0.0
7.36;-0.09448801726102829,0.0,0.0;1.0,0.0,0.0,0.0
7.38;-0.09143999963998795,0.0,0.0;1.0,0.0,0.0,0.0
7.4;-0.08839200437068939,0.0,0.0;1.0,0.0,0.0,0.0
7.42;-0.08534400165081024,0.0,0.0;1.0,0.0,0.0,0.0
7.44;-0.08229600638151169,0.0,0.0;1.0,0.0,0.0,0.0
7.46;-0.07924800366163254,0.0,0.0;1.0,0.0,0.0,0.0
7.48;-0.07620000094175339,0.0,0.0;1.0,0.0,0.0,0.0
7.5;-0.07315199822187424,0.0,0.0;1.0,0.0,0.0,0.0
7.52;-0.07010399550199509,0.0,0.0;1.0,0.0,0.0,0.0
7.54;-0.06705599278211594,0.0,0.0;1.0,0.0,0.0,0.0
7.56;-0.06400801241397858,0.0,0.0;1.0,0.0,0.0,0.0
7.58;-0.060960009694099426,0.0,0.0;1.0,0.0,0.0,0.0
7.6;-0.057912006974220276,0.0,0.0;1.0,0.0,0.0,0.0
7.62;-0.05486398935317993,0.0,0.0;1.0,0.0,0.0,0.0
7.64;-0.05181598290801048,0.0,0.0;1.0,0.0,0.0,0.0
7.66;-0.04876801371574402,0.0,0.0;1.0,0.0,0.0,0.0
7.68;-0.04572001099586487,0.0,0.0;1.0,0.0,0.0,0.0
7.7;-0.04267200827598572,0.0,0.0;1.0,0.0,0.0,0.0
7.72;-0.039624009281396866,0.0,0.0;1.0,0.0,0.0,0.0
7.74;-0.036576006561517715,0.0,0.0;1.0,0.0,0.0,0.0
7.76;-0.03352800011634827,0.0,0.0;1.0,0.0,0.0,0.0
7.78;-0.030479999259114265,0.0,0.0;1.0,0.0,0.0,0.0
7.8;-0.027431998401880264,0.0,0.0;1.0,0.0,0.0,0.0
7.82;-0.024383995682001114,0.0,0.0;1.0,0.0,0.0,0.0
7.84;-0.021335992962121964,0.0,0.0;1.0,0.0,0.0,0.0
7.86;-0.01828802190721035,0.0,0.0;1.0,0.0,0.0,0.0
7.88;-0.0152400191873312,0.0,0.0;1.0,0.0,0.0,0.0
7.9;-0.012191986665129662,0.0,0.0;1.0,0.0,0.0,0.0
7.92;-0.009143984876573086,0.0,0.0;1.0,0.0,0.0,0.0
7.94;-0.006096011959016323,0.0,0.0;1.0,0.0,0.0,0.0
7.96;-0.00304800970479846,0.0,0.0;1.0,0.0,0.0,0.0
7.98;0.0,0.0,0.0;1.0,0.0,0.0,0.0
