0.0;0.0,0.0,0.0;1.0,0.0,0.0,0.0
0.02;0.0,0.0,0.0;0.9999447464942932,0.0,5.5273314501391724e-05,0.0
0.04;0.0,0.0,0.0;0.999778687953949,0.0,0.0002212865510955453,0.0
0.06;0.0,0.0,0.0;0.9995017051696777,0.0,0.0004983200924471021,0.0
0.08;0.0,0.0,0.0;0.9991133213043213,0.0,0.0008866411517374218,0.0
0.1;0.0,0.0,0.0;0.9986135363578796,0.0,0.0013865033397451043,0.0
0.12;0.0,0.0,0.0;0.9980018734931946,0.0,0.001998145831748843,0.0
0.14;0.0,0.0,0.0;0.9972782135009766,0.0,0.002721792785450816,0.0
0.16;0.0,0.0,0.0;0.9964423179626465,0.0,0.003557653399184346,0.0
0.18;0.0,0.0,0.0;0.9954940676689148,0.0,0.004505921620875597,0.0
0.2;0.0,0.0,0.0;0.9944332242012024,0.0,0.0055667744018137455,0.0
0.22;0.0,0.0,0.0;0.993259608745575,0.0,0.006740371230989695,0.0
0.24;0.0,0.0,0.0;0.9919731616973877,0.0,0.008026854135096073,0.0
0.26;0.0,0.0,0.0;0.9905737042427063,0.0,0.00942634791135788,0.0
0.28;0.0,0.0,0.0;0.9890609979629517,0.0,0.010938956402242184,0.0
0.3;0.0,0.0,0.0;0.9874352216720581,0.0,0.012564768083393574,0.0
0.32;0.0,0.0,0.0;0.9856961369514465,0.0,0.014303850010037422,0.0
0.34;0.0,0.0,0.0;0.9838437438011169,0.0,0.016156241297721863,0.0
0.36;0.0,0.0,0.0;0.9818780422210693,0.0,0.018121976405382156,0.0
0.38;0.0,0.0,0.0;0.9797989726066589,0.0,0.020201047882437706,0.0
0.4;0.0,0.0,0.0;0.9776065349578857,0.0,0.022393440827727318,0.0
0.42;0.0,0.0,0.0;0.9753009080886841,0.0,0.02469911240041256,0.0
0.44;0.0,0.0,0.0;0.9728819727897644,0.0,0.02711798995733261,0.0
0.46;0.0,0.0,0.0;0.9703500270843506,0.0,0.029649993404746056,0.0
0.48;0.0,0.0,0.0;0.9677050113677979,0.0,0.03229499235749245,0.0
0.5;0.0,0.0,0.0;0.9649471640586853,0.0,0.03505285456776619,0.0
0.52;0.0,0.0,0.0;0.9620766043663025,0.0,0.03792340308427811,0.0
0.54;0.0,0.0,0.0;0.9590935707092285,0.0,0.04090644791722298,0.0
0.56;0.0,0.0,0.0;0.9559982419013977,0.0,0.04400176554918289,0.0
0.58;0.0,0.0,0.0;0.9527908563613892,0.0,0.04720910266041756,0.0
0.6;0.0,0.0,0.0;0.9494718313217163,0.0,0.050528161227703094,0.0
0.62;0.0,0.0,0.0;0.9460413455963135,0.0,0.053958673030138016,0.0
0.64;0.0,0.0,0.0;0.9424997568130493,0.0,0.057500239461660385,0.0
0.66;0.0,0.0,0.0;0.9388474225997925,0.0,0.061152536422014236,0.0
0.68;0.0,0.0,0.0;0.935084879398346,0.0,0.06491513550281525,0.0
0.7;0.0,0.0,0.0;0.9312123656272888,0.0,0.068787582218647,0.0
0.72;0.0,0.0,0.0;0.9272305965423584,0.0,0.07276944816112518,0.0
0.74;0.0,0.0,0.0;0.9231398105621338,0.0,0.0768602043390274,0.0
0.76;0.0,0.0,0.0;0.9189407229423523,0.0,0.08105930685997009,0.0
0.78;0.0,0.0,0.0;0.9146337509155273,0.0,0.08536619693040848,0.0
0.8;0.0,0.0,0.0;0.9102197289466858,0.0,0.08978025615215302,0.0
0.82;0.0,0.0,0.0;0.9056991338729858,0.0,0.09430083632469177,0.0
0.84;0.0,0.0,0.0;0.9010727405548096,0.0,0.09892727434635162,0.0
0.86;0.0,0.0,0.0;0.8963412046432495,0.0,0.10365882515907288,0.0
0.88;0.0,0.0,0.0;0.891505241394043,0.0,0.10849473625421524,0.0
0.9;0.0,0.0,0.0;0.8865657448768616,0.0,0.11343424767255783,0.0
0.92;0.0,0.0,0.0;0.8815234899520874,0.0,0.11847647279500961,0.0
0.94;0.0,0.0,0.0;0.8763794302940369,0.0,0.12362056970596313,0.0
0.96;0.0,0.0,0.0;0.871134340763092,0.0,0.12886561453342438,0.0
0.98;0.0,0.0,0.0;0.8657893538475037,0.0,0.13421064615249634,0.0
1.0;0.0,0.0,0.0;0.8603453040122986,0.0,0.13965469598770142,0.0
1.02;0.0,0.0,0.0;0.8548033237457275,0.0,0.14519667625427246,0.0
1.04;0.0,0.0,0.0;0.8491644263267517,0.0,0.1508355736732483,0.0
1.06;0.0,0.0,0.0;0.8434297442436218,0.0,0.15657024085521698,0.0
1.08;0.0,0.0,0.0;0.8376004695892334,0.0,0.1623995006084442,0.0
1.1;0.0,0.0,0.0;0.8316778540611267,0.0,0.16832217574119568,0.0
1.12;0.0,0.0,0.0;0.8256630301475525,0.0,0.17433702945709229,0.0
1.14;0.0,0.0,0.0;0.819557249546051,0.0,0.18044273555278778,0.0
1.16;0.0,0.0,0.0;0.8133620023727417,0.0,0.1866379827260971,0.0
1.18;0.0,0.0,0.0;0.8070785999298096,0.0,0.19292140007019043,0.0
1.2;0.0,0.0,0.0;0.8007084131240845,0.0,0.19929158687591553,0.0
1.22;0.0,0.0,0.0;0.794252872467041,0.0,0.2057470977306366,0.0
1.24;0.0,0.0,0.0;0.7877136468887329,0.0,0.2122863531112671,0.0
1.26;0.0,0.0,0.0;0.78109210729599,0.0,0.2189079076051712,0.0
1.28;0.0,0.0,0.0;0.7743898630142212,0.0,0.22561015188694,0.0
1.3;0.0,0.0,0.0;0.767608642578125,0.0,0.2323913872241974,0.0
1.32;0.0,0.0,0.0;0.7607499361038208,0.0,0.2392500340938568,0.0
1.34;0.0,0.0,0.0;0.7538157105445862,0.0,0.2461843341588974,0.0
1.36;0.0,0.0,0.0;0.7468074560165405,0.0,0.2531925439834595,0.0
1.38;0.0,0.0,0.0;0.7397271394729614,0.0,0.2602728605270386,0.0
1.4;0.0,0.0,0.0;0.7325764894485474,0.0,0.26742351055145264,0.0
1.42;0.0,0.0,0.0;0.7253574728965759,0.0,0.27464255690574646,0.0
1.44;0.0,0.0,0.0;0.7180719375610352,0.0,0.2819281220436096,0.0
1.46;0.0,0.0,0.0;0.7107217311859131,0.0,0.2892782390117645,0.0
1.48;0.0,0.0,0.0;0.7033091187477112,0.0,0.2966908812522888,0.0
1.5;0.0,0.0,0.0;0.6958358883857727,0.0,0.3041641116142273,0.0
1.52;0.0,0.0,0.0;0.6883041858673096,0.0,0.3116958439350128,0.0
1.54;0.0,0.0,0.0;0.6807160377502441,0.0,0.31928393244743347,0.0
1.56;0.0,0.0,0.0;0.6730736494064331,0.0,0.3269263207912445,0.0
1.58;0.0,0.0,0.0;0.6653791666030884,0.0,0.3346208333969116,0.0
1.6;0.0,0.0,0.0;0.6576348543167114,0.0,0.34236517548561096,0.0
1.62;0.0,0.0,0.0;0.6498427391052246,0.0,0.3501572608947754,0.0
1.64;0.0,0.0,0.0;0.642005205154419,0.0,0.35799479484558105,0.0
1.66;0.0,0.0,0.0;0.6341246366500854,0.0,0.36587536334991455,0.0
1.68;0.0,0.0,0.0;0.6262031197547913,0.0,0.37379688024520874,0.0
1.7;0.0,0.0,0.0;0.6182432174682617,0.0,0.3817567825317383,0.0
1.72;0.0,0.0,0.0;0.6102471351623535,0.0,0.3897528648376465,0.0
1.74;0.0,0.0,0.0;0.6022172570228577,0.0,0.39778274297714233,0.0
1.76;0.0,0.0,0.0;0.5941561460494995,0.0,0.4058438837528229,0.0
1.78;0.0,0.0,0.0;0.5860660076141357,0.0,0.41393399238586426,0.0
1.8;0.0,0.0,0.0;0.5779495239257812,0.0,0.42205050587654114,0.0
1.82;0.0,0.0,0.0;0.5698089599609375,0.0,0.4301910102367401,0.0
1.84;0.0,0.0,0.0;0.5616469383239746,0.0,0.438353031873703,0.0
1.86;0.0,0.0,0.0;0.5534659624099731,0.0,0.44653403759002686,0.0
1.88;0.0,0.0,0.0;0.5452684164047241,0.0,0.45473161339759827,0.0
1.9;0.0,0.0,0.0;0.5370568633079529,0.0,0.4629431366920471,0.0
1.92;0.0,0.0,0.0;0.5288338661193848,0.0,0.47116613388061523,0.0
1.94;0.0,0.0,0.0;0.5206019878387451,0.0,0.4793980121612549,0.0
1.96;0.0,0.0,0.0;0.5123637914657593,0.0,0.4876362383365631,0.0
1.98;0.0,0.0,0.0;0.5041216611862183,0.0,0.49587833881378174,0.0
2.0;0.0,0.0,0.0;0.49587833881378174,0.0,0.5041216611862183,0.0
2.02;0.0,0.0,0.0;0.4876362383365631,0.0,0.5123637914657593,0.0
2.04;0.0,0.0,0.0;0.4793979227542877,0.0,0.5206021070480347,0.0
2.06;0.0,0.0,0.0;0.4711660146713257,0.0,0.5288339853286743,0.0
2.08;0.0,0.0,0.0;0.46294307708740234,0.0,0.5370569229125977,0.0
2.1;0.0,0.0,0.0;0.4547315835952759,0.0,0.5452684164047241,0.0
2.12;0.0,0.0,0.0;0.44653403759002686,0.0,0.5534659624099731,0.0
2.14;0.0,0.0,0.0;0.4383529722690582,0.0,0.5616470575332642,0.0
2.16;0.0,0.0,0.0;0.43019092082977295,0.0,0.569809079170227,0.0
2.18;0.0,0.0,0.0;0.4220503866672516,0.0,0.5779496431350708,0.0
2.2;0.0,0.0,0.0;0.4139339029788971,0.0,0.5860661268234253,0.0
2.22;0.0,0.0,0.0;0.4058438837528229,0.0,0.5941561460494995,0.0
2.24;0.0,0.0,0.0;0.39778268337249756,0.0,0.6022173166275024,0.0
2.26;0.0,0.0,0.0;0.3897528052330017,0.0,0.6102471947669983,0.0
2.28;0.0,0.0,0.0;0.3817567825317383,0.0,0.6182432174682617,0.0
2.3;0.0,0.0,0.0;0.37379688024520874,0.0,0.6262031197547913,0.0
2.32;0.0,0.0,0.0;0.3658753037452698,0.0,0.6341246962547302,0.0
2.34;0.0,0.0,0.0;0.3579947352409363,0.0,0.6420052647590637,0.0
2.36;0.0,0.0,0.0;0.3501572906970978,0.0,0.6498427391052246,0.0
2.38;0.0,0.0,0.0;0.342365026473999,0.0,0.657634973526001,0.0
2.4;0.0,0.0,0.0;0.33462080359458923,0.0,0.6653791666030884,0.0
2.42;0.0,0.0,0.0;0.3269263207912445,0.0,0.6730736494064331,0.0
2.44;0.0,0.0,0.0;0.3192838430404663,0.0,0.6807161569595337,0.0
2.46;0.0,0.0,0.0;0.31169575452804565,0.0,0.6883042454719543,0.0
2.48;0.0,0.0,0.0;0.3041640520095825,0.0,0.6958359479904175,0.0
2.5;0.0,0.0,0.0;0.29669076204299927,0.0,0.7033092379570007,0.0
2.52;0.0,0.0,0.0;0.2892780900001526,0.0,0.7107219099998474,0.0
2.54;0.0,0.0,0.0;0.28192800283432007,0.0,0.7180719971656799,0.0
2.56;0.0,0.0,0.0;0.2746424674987793,0.0,0.7253575325012207,0.0
2.58;0.0,0.0,0.0;0.26742351055145264,0.0,0.7325764894485474,0.0
2.6;0.0,0.0,0.0;0.2602728009223938,0.0,0.7397271990776062,0.0
2.62;0.0,0.0,0.0;0.2531924843788147,0.0,0.7468075156211853,0.0
2.64;0.0,0.0,0.0;0.24618428945541382,0.0,0.7538157105445862,0.0
2.66;0.0,0.0,0.0;0.2392500638961792,0.0,0.7607499361038208,0.0
2.68;0.0,0.0,0.0;0.232391357421875,0.0,0.767608642578125,0.0
2.7;0.0,0.0,0.0;0.2256101369857788,0.0,0.7743898630142212,0.0
2.72;0.0,0.0,0.0;0.21890777349472046,0.0,0.7810922265052795,0.0
2.74;0.0,0.0,0.0;0.21228629350662231,0.0,0.7877137064933777,0.0
2.76;0.0,0.0,0.0;0.20574700832366943,0.0,0.7942529916763306,0.0
2.78;0.0,0.0,0.0;0.19929152727127075,0.0,0.8007084727287292,0.0
2.8;0.0,0.0,0.0;0.1929214596748352,0.0,0.8070785403251648,0.0
2.82;0.0,0.0,0.0;0.1866379976272583,0.0,0.8133620023727417,0.0
2.84;0.0,0.0,0.0;0.1804426908493042,0.0,0.8195573091506958,0.0
2.86;0.0,0.0,0.0;0.17433691024780273,0.0,0.8256630897521973,0.0
2.88;0.0,0.0,0.0;0.1683221459388733,0.0,0.8316778540611267,0.0
2.9;0.0,0.0,0.0;0.16239947080612183,0.0,0.8376005291938782,0.0
2.92;0.0,0.0,0.0;0.15657013654708862,0.0,0.8434298634529114,0.0
2.94;0.0,0.0,0.0;0.15083551406860352,0.0,0.8491644859313965,0.0
2.96;0.0,0.0,0.0;0.14519661664962769,0.0,0.8548033833503723,0.0
2.98;0.0,0.0,0.0;0.13965463638305664,0.0,0.8603453636169434,0.0
3.0;0.0,0.0,0.0;0.13421064615249634,0.0,0.8657893538475037,0.0
3.02;0.0,0.0,0.0;0.1288655400276184,0.0,0.8711344599723816,0.0
3.04;0.0,0.0,0.0;0.12362045049667358,0.0,0.8763795495033264,0.0
3.06;0.0,0.0,0.0;0.11847633123397827,0.0,0.8815236687660217,0.0
3.08;0.0,0.0,0.0;0.11343419551849365,0.0,0.8865658044815063,0.0
3.1;0.0,0.0,0.0;0.10849463939666748,0.0,0.8915053606033325,0.0
3.12;0.0,0.0,0.0;0.10365879535675049,0.0,0.8963412046432495,0.0
3.14;0.0,0.0,0.0;0.09892725944519043,0.0,0.9010727405548096,0.0
3.16;0.0,0.0,0.0;0.09430086612701416,0.0,0.9056991338729858,0.0
3.18;0.0,0.0,0.0;0.08978021144866943,0.0,0.9102197885513306,0.0
3.2;0.0,0.0,0.0;0.0853661298751831,0.0,0.9146338701248169,0.0
3.22;0.0,0.0,0.0;0.08105921745300293,0.0,0.9189407825469971,0.0
3.24;0.0,0.0,0.0;0.07686030864715576,0.0,0.9231396913528442,0.0
3.26;0.0,0.0,0.0;0.07276928424835205,0.0,0.927230715751648,0.0
3.28;0.0,0.0,0.0;0.0687875747680664,0.0,0.9312124252319336,0.0
3.3;0.0,0.0,0.0;0.06491494178771973,0.0,0.9350850582122803,0.0
3.32;0.0,0.0,0.0;0.06115269660949707,0.0,0.9388473033905029,0.0
3.34;0.0,0.0,0.0;0.057500362396240234,0.0,0.9424996376037598,0.0
3.36;0.0,0.0,0.0;0.05395853519439697,0.0,0.946041464805603,0.0
3.38;0.0,0.0,0.0;0.05052828788757324,0.0,0.9494717121124268,0.0
3.4;0.0,0.0,0.0;0.04720926284790039,0.0,0.9527907371520996,0.0
3.42;0.0,0.0,0.0;0.04400169849395752,0.0,0.9559983015060425,0.0
3.44;0.0,0.0,0.0;0.040906429290771484,0.0,0.9590935707092285,0.0
3.46;0.0,0.0,0.0;0.037923455238342285,0.0,0.9620765447616577,0.0
3.48;0.0,0.0,0.0;0.03505277633666992,0.0,0.9649472236633301,0.0
3.5;0.0,0.0,0.0;0.03229498863220215,0.0,0.9677050113677979,0.0
3.52;0.0,0.0,0.0;0.029649853706359863,0.0,0.9703501462936401,0.0
3.54;0.0,0.0,0.0;0.02711796760559082,0.0,0.9728820323944092,0.0
3.56;0.0,0.0,0.0;0.024698972702026367,0.0,0.9753010272979736,0.0
3.58;0.0,0.0,0.0;0.022393465042114258,0.0,0.9776065349578857,0.0
3.6;0.0,0.0,0.0;0.02020084857940674,0.0,0.9797991514205933,0.0
3.62;0.0,0.0,0.0;0.018121957778930664,0.0,0.9818780422210693,0.0
3.64;0.0,0.0,0.0;0.01615607738494873,0.0,0.9838439226150513,0.0
3.66;0.0,0.0,0.0;0.014303803443908691,0.0,0.9856961965560913,0.0
3.68;0.0,0.0,0.0;0.012564778327941895,0.0,0.9874352216720581,0.0
3.7;0.0,0.0,0.0;0.010938882827758789,0.0,0.9890611171722412,0.0
3.72;0.0,0.0,0.0;0.009426236152648926,0.0,0.9905737638473511,0.0
3.74;0.0,0.0,0.0;0.008026838302612305,0.0,0.9919731616973877,0.0
3.76;0.0,0.0,0.0;0.0067403316497802734,0.0,0.9932596683502197,0.0
3.78;0.0,0.0,0.0;0.005566596984863281,0.0,0.9944334030151367,0.0
3.8;0.0,0.0,0.0;0.0045059919357299805,0.0,0.99549400806427,0.0
3.82;0.0,0.0,0.0;0.0035576820373535156,0.0,0.9964423179626465,0.0
3.84;0.0,0.0,0.0;0.0027216672897338867,0.0,0.9972783327102661,0.0
3.86;0.0,0.0,0.0;0.0019981861114501953,0.0,0.9980018138885498,0.0
3.88;0.0,0.0,0.0;0.0013866424560546875,0.0,0.9986133575439453,0.0
3.9;0.0,0.0,0.0;0.0008866786956787109,0.0,0.9991133213043213,0.0
3.92;0.0,0.0,0.0;0.0004982948303222656,0.0,0.9995017051696777,0.0
3.94;0.0,0.0,0.0;0.00022125244140625,0.0,0.9997787475585938,0.0
3.96;0.0,0.0,0.0;5.53131103515625e-05,0.0,0.9999446868896484,0.0
3.98;0.0,0.0,0.0;-4.371138828673793e-08,0.0,1.0,0.0
4.0;0.0,0.0,0.0;5.4677995649399236e-05,0.0,0.9999452829360962,0.0
4.02;0.0,0.0,0.0;0.00021903359447605908,0.0,0.9997808933258057,0.0
4.04;0.0,0.0,0.0;0.0004932993906550109,0.0,0.9995066523551941,0.0
4.06;0.0,0.0,0.0;0.0008777385228313506,0.0,0.9991222023963928,0.0
4.08;0.0,0.0,0.0;0.0013726013712584972,0.0,0.9986273646354675,0.0
4.1;0.0,0.0,0.0;0.0019781237933784723,0.0,0.9980218410491943,0.0
4.12;0.0,0.0,0.0;0.0026945266872644424,0.0,0.9973053932189941,0.0
4.14;0.0,0.0,0.0;0.003522017737850547,0.0,0.9964779615402222,0.0
4.16;0.0,0.0,0.0;0.004460786934942007,0.0,0.9955391883850098,0.0
4.18;0.0,0.0,0.0;0.0055110096000134945,0.0,0.9944889545440674,0.0
4.2;0.0,0.0,0.0;0.006672845222055912,0.0,0.9933271408081055,0.0
4.22;0.0,0.0,0.0;0.007946434430778027,0.0,0.9920535087585449,0.0
4.24;0.0,0.0,0.0;0.009331898763775826,0.0,0.9906680583953857,0.0
4.26;0.0,0.0,0.0;0.010829344391822815,0.0,0.9891706109046936,0.0
4.28;0.0,0.0,0.0;0.012438857927918434,0.0,0.9875611066818237,0.0
4.3;0.0,0.0,0.0;0.014160506427288055,0.0,0.9858394861221313,0.0
4.32;0.0,0.0,0.0;0.01599433459341526,0.0,0.9840056300163269,0.0
4.34;0.0,0.0,0.0;0.017940370365977287,0.0,0.9820595383644104,0.0
4.36;0.0,0.0,0.0;0.019998619332909584,0.0,0.9800013899803162,0.0
4.38;0.0,0.0,0.0;0.02216905727982521,0.0,0.9778308868408203,0.0
4.4;0.0,0.0,0.0;0.02445164881646633,0.0,0.9755483269691467,0.0
4.42;0.0,0.0,0.0;0.026846325024962425,0.0,0.9731536507606506,0.0
4.44;0.0,0.0,0.0;0.029353007674217224,0.0,0.9706469774246216,0.0
4.46;0.0,0.0,0.0;0.03197157755494118,0.0,0.9680283665657043,0.0
4.48;0.0,0.0,0.0;0.03470190614461899,0.0,0.9652979969978333,0.0
4.5;0.0,0.0,0.0;0.03754381462931633,0.0,0.9624561667442322,0.0
4.52;0.0,0.0,0.0;0.040497127920389175,0.0,0.9595028162002563,0.0
4.54;0.0,0.0,0.0;0.04356161504983902,0.0,0.9564383625984192,0.0
4.56;0.0,0.0,0.0;0.04673704877495766,0.0,0.9532629251480103,0.0
4.58;0.0,0.0,0.0;0.0500231496989727,0.0,0.9499768018722534,0.0
4.6;0.0,0.0,0.0;0.05341959744691849,0.0,0.9465804100036621,0.0
4.62;0.0,0.0,0.0;0.05692608281970024,0.0,0.9430738687515259,0.0
4.64;0.0,0.0,0.0;0.060542233288288116,0.0,0.9394577145576477,0.0
4.66;0.0,0.0,0.0;0.06426765769720078,0.0,0.9357323050498962,0.0
4.68;0.0,0.0,0.0;0.06810193508863449,0.0,0.9318980574607849,0.0
4.7;0.0,0.0,0.0;0.07204461097717285,0.0,0.9279553294181824,0.0
4.72;0.0,0.0,0.0;0.07609517127275467,0.0,0.9239048361778259,0.0
4.74;0.0,0.0,0.0;0.08025310933589935,0.0,0.9197468161582947,0.0
4.76;0.0,0.0,0.0;0.08451785892248154,0.0,0.9154821038246155,0.0
4.78;0.0,0.0,0.0;0.08888883888721466,0.0,0.911111056804657,0.0
4.8;0.0,0.0,0.0;0.09336542338132858,0.0,0.9066345691680908,0.0
4.82;0.0,0.0,0.0;0.09794691205024719,0.0,0.9020530581474304,0.0
4.84;0.0,0.0,0.0;0.10263264924287796,0.0,0.8973672986030579,0.0
4.86;0.0,0.0,0.0;0.1074218675494194,0.0,0.892578125,0.0
4.88;0.0,0.0,0.0;0.11231380701065063,0.0,0.8876861929893494,0.0
4.9;0.0,0.0,0.0;0.1173076331615448,0.0,0.882692277431488,0.0
4.92;0.0,0.0,0.0;0.12240254878997803,0.0,0.8775973916053772,0.0
4.94;0.0,0.0,0.0;0.12759758532047272,0.0,0.8724023699760437,0.0
4.96;0.0,0.0,0.0;0.13289184868335724,0.0,0.8671081066131592,0.0
4.98;0.0,0.0,0.0;0.13828438520431519,0.0,0.86171555519104,0.0
5.0;0.0,0.0,0.0;0.14377416670322418,0.0,0.8562257885932922,0.0
5.02;0.0,0.0,0.0;0.14936013519763947,0.0,0.850639820098877,0.0
5.04;0.0,0.0,0.0;0.15504123270511627,0.0,0.8449587225914001,0.0
5.06;0.0,0.0,0.0;0.16081629693508148,0.0,0.8391836285591125,0.0
5.08;0.0,0.0,0.0;0.1666841357946396,0.0,0.8333158493041992,0.0
5.1;0.0,0.0,0.0;0.17264357209205627,0.0,0.8273563981056213,0.0
5.12;0.0,0.0,0.0;0.17869335412979126,0.0,0.821306586265564,0.0
5.14;0.0,0.0,0.0;0.18483217060565948,0.0,0.8151677846908569,0.0
5.16;0.0,0.0,0.0;0.19105865061283112,0.0,0.8089413046836853,0.0
5.18;0.0,0.0,0.0;0.1973714530467987,0.0,0.8026285171508789,0.0
5.2;0.0,0.0,0.0;0.20376917719841003,0.0,0.7962307929992676,0.0
5.22;0.0,0.0,0.0;0.21025025844573975,0.0,0.7897497415542603,0.0
5.24;0.0,0.0,0.0;0.21681331098079681,0.0,0.783186674118042,0.0
5.26;0.0,0.0,0.0;0.22345669567584991,0.0,0.7765432596206665,0.0
5.28;0.0,0.0,0.0;0.2301788330078125,0.0,0.7698211073875427,0.0
5.3;0.0,0.0,0.0;0.23697814345359802,0.0,0.7630218267440796,0.0
5.32;0.0,0.0,0.0;0.24385294318199158,0.0,0.756147027015686,0.0
5.34;0.0,0.0,0.0;0.2508014738559723,0.0,0.7491985559463501,0.0
5.36;0.0,0.0,0.0;0.25782209634780884,0.0,0.7421778440475464,0.0
5.38;0.0,0.0,0.0;0.26491284370422363,0.0,0.7350870966911316,0.0
5.4;0.0,0.0,0.0;0.2720720171928406,0.0,0.7279279232025146,0.0
5.42;0.0,0.0,0.0;0.27929770946502686,0.0,0.7207022309303284,0.0
5.44;0.0,0.0,0.0;0.28658801317214966,0.0,0.7134119868278503,0.0
5.46;0.0,0.0,0.0;0.2939409613609314,0.0,0.7060590386390686,0.0
5.48;0.0,0.0,0.0;0.30135464668273926,0.0,0.6986453533172607,0.0
5.5;0.0,0.0,0.0;0.3088269829750061,0.0,0.6911730170249939,0.0
5.52;0.0,0.0,0.0;0.31635594367980957,0.0,0.6836440563201904,0.0
5.54;0.0,0.0,0.0;0.3239394426345825,0.0,0.6760605573654175,0.0
5.56;0.0,0.0,0.0;0.33157533407211304,0.0,0.668424665927887,0.0
5.58;0.0,0.0,0.0;0.339261531829834,0.0,0.660738468170166,0.0
5.6;0.0,0.0,0.0;0.3469958007335663,0.0,0.6530041694641113,0.0
5.62;0.0,0.0,0.0;0.35477596521377563,0.0,0.6452239751815796,0.0
5.64;0.0,0.0,0.0;0.36259979009628296,0.0,0.6374001502990723,0.0
5.66;0.0,0.0,0.0;0.3704649806022644,0.0,0.6295349597930908,0.0
5.68;0.0,0.0,0.0;0.37836921215057373,0.0,0.6216307282447815,0.0
5.7;0.0,0.0,0.0;0.38631024956703186,0.0,0.613689661026001,0.0
5.72;0.0,0.0,0.0;0.3942857086658478,0.0,0.6057142019271851,0.0
5.74;0.0,0.0,0.0;0.40229320526123047,0.0,0.5977067351341248,0.0
5.76;0.0,0.0,0.0;0.4103303551673889,0.0,0.5896695852279663,0.0
5.78;0.0,0.0,0.0;0.41839486360549927,0.0,0.581605076789856,0.0
5.8;0.0,0.0,0.0;0.4264841675758362,0.0,0.573515772819519,0.0
5.82;0.0,0.0,0.0;0.43459588289260864,0.0,0.5654040575027466,0.0
5.84;0.0,0.0,0.0;0.44272756576538086,0.0,0.5572723746299744,0.0
5.86;0.0,0.0,0.0;0.45087677240371704,0.0,0.5491231679916382,0.0
5.88;0.0,0.0,0.0;0.4590409994125366,0.0,0.5409589409828186,0.0
5.9;0.0,0.0,0.0;0.46721774339675903,0.0,0.5327821969985962,0.0
5.92;0.0,0.0,0.0;0.47540444135665894,0.0,0.5245954990386963,0.0
5.94;0.0,0.0,0.0;0.4835987687110901,0.0,0.5164011716842651,0.0
5.96;0.0,0.0,0.0;0.49179816246032715,0.0,0.5082017779350281,0.0
5.98;0.0,0.0,0.0;0.4999999403953552,0.0,0.5,0.0
6.0;0.0,0.0,0.0;0.5082017183303833,0.0,0.49179819226264954,0.0
6.02;0.0,0.0,0.0;0.5164010524749756,0.0,0.48359885811805725,0.0
6.04;0.0,0.0,0.0;0.5245953798294067,0.0,0.4754045605659485,0.0
6.06;0.0,0.0,0.0;0.5327821969985962,0.0,0.46721774339675903,0.0
6.08;0.0,0.0,0.0;0.5409588813781738,0.0,0.4590410590171814,0.0
6.1;0.0,0.0,0.0;0.5491230487823486,0.0,0.4508768618106842,0.0
6.12;0.0,0.0,0.0;0.5572723150253296,0.0,0.442727655172348,0.0
6.14;0.0,0.0,0.0;0.565403938293457,0.0,0.4345959722995758,0.0
6.16;0.0,0.0,0.0;0.5735156536102295,0.0,0.42648425698280334,0.0
6.18;0.0,0.0,0.0;0.581605076789856,0.0,0.41839486360549927,0.0
6.2;0.0,0.0,0.0;0.5896694660186768,0.0,0.41033050417900085,0.0
6.22;0.0,0.0,0.0;0.59770667552948,0.0,0.40229329466819763,0.0
6.24;0.0,0.0,0.0;0.6057142019271851,0.0,0.39428573846817017,0.0
6.26;0.0,0.0,0.0;0.6136897206306458,0.0,0.3863102197647095,0.0
6.28;0.0,0.0,0.0;0.6216306686401367,0.0,0.3783693015575409,0.0
6.3;0.0,0.0,0.0;0.6295349597930908,0.0,0.3704650402069092,0.0
6.32;0.0,0.0,0.0;0.6374001502990723,0.0,0.36259981989860535,0.0
6.34;0.0,0.0,0.0;0.6452240347862244,0.0,0.35477596521377563,0.0
6.36;0.0,0.0,0.0;0.6530041098594666,0.0,0.34699589014053345,0.0
6.38;0.0,0.0,0.0;0.660738468170166,0.0,0.3392615020275116,0.0
6.4;0.0,0.0,0.0;0.6684246063232422,0.0,0.3315753936767578,0.0
6.42;0.0,0.0,0.0;0.6760605573654175,0.0,0.3239394724369049,0.0
6.44;0.0,0.0,0.0;0.6836440563201904,0.0,0.31635597348213196,0.0
6.46;0.0,0.0,0.0;0.6911729574203491,0.0,0.3088270425796509,0.0
6.48;0.0,0.0,0.0;0.6986454129219055,0.0,0.3013545870780945,0.0
6.5;0.0,0.0,0.0;0.7060590386390686,0.0,0.2939409613609314,0.0
6.52;0.0,0.0,0.0;0.7134119272232056,0.0,0.28658807277679443,0.0
6.54;0.0,0.0,0.0;0.7207022309303284,0.0,0.27929776906967163,0.0
6.56;0.0,0.0,0.0;0.7279280424118042,0.0,0.2720719575881958,0.0
6.58;0.0,0.0,0.0;0.7350871562957764,0.0,0.26491284370422363,0.0
6.6;0.0,0.0,0.0;0.7421778440475464,0.0,0.2578221559524536,0.0
6.62;0.0,0.0,0.0;0.7491984963417053,0.0,0.2508015036582947,0.0
6.64;0.0,0.0,0.0;0.756147027015686,0.0,0.24385297298431396,0.0
6.66;0.0,0.0,0.0;0.7630217671394348,0.0,0.23697823286056519,0.0
6.68;0.0,0.0,0.0;0.7698211669921875,0.0,0.2301788330078125,0.0
6.7;0.0,0.0,0.0;0.7765432596206665,0.0,0.2234567403793335,0.0
6.72;0.0,0.0,0.0;0.783186674118042,0.0,0.216813325881958,0.0
6.74;0.0,0.0,0.0;0.7897496819496155,0.0,0.21025031805038452,0.0
6.76;0.0,0.0,0.0;0.7962308526039124,0.0,0.20376914739608765,0.0
6.78;0.0,0.0,0.0;0.8026284575462341,0.0,0.19737154245376587,0.0
6.8;0.0,0.0,0.0;0.8089413046836853,0.0,0.1910586953163147,0.0
6.82;0.0,0.0,0.0;0.8151677846908569,0.0,0.18483221530914307,0.0
6.84;0.0,0.0,0.0;0.821306586265564,0.0,0.17869341373443604,0.0
6.86;0.0,0.0,0.0;0.8273563385009766,0.0,0.17264366149902344,0.0
6.88;0.0,0.0,0.0;0.8333158493041992,0.0,0.16668415069580078,0.0
6.9;0.0,0.0,0.0;0.8391836285591125,0.0,0.16081637144088745,0.0
6.92;0.0,0.0,0.0;0.8449587821960449,0.0,0.15504121780395508,0.0
6.94;0.0,0.0,0.0;0.8506398797035217,0.0,0.14936012029647827,0.0
6.96;0.0,0.0,0.0;0.856225848197937,0.0,0.143774151802063,0.0
6.98;0.0,0.0,0.0;0.86171555519104,0.0,0.13828444480895996,0.0
7.0;0.0,0.0,0.0;0.8671080470085144,0.0,0.1328919529914856,0.0
7.02;0.0,0.0,0.0;0.8724024891853333,0.0,0.12759751081466675,0.0
7.04;0.0,0.0,0.0;0.8775973916053772,0.0,0.1224026083946228,0.0
7.06;0.0,0.0,0.0;0.882692277431488,0.0,0.11730772256851196,0.0
7.08;0.0,0.0,0.0;0.8876860737800598,0.0,0.11231392621994019,0.0
7.1;0.0,0.0,0.0;0.892578125,0.0,0.107421875,0.0
7.12;0.0,0.0,0.0;0.8973672389984131,0.0,0.10263276100158691,0.0
7.14;0.0,0.0,0.0;0.9020531177520752,0.0,0.0979468822479248,0.0
7.16;0.0,0.0,0.0;0.9066344499588013,0.0,0.09336555004119873,0.0
7.18;0.0,0.0,0.0;0.9111112356185913,0.0,0.08888876438140869,0.0
7.2;0.0,0.0,0.0;0.9154821634292603,0.0,0.08451783657073975,0.0
7.22;0.0,0.0,0.0;0.9197468757629395,0.0,0.08025312423706055,0.0
7.24;0.0,0.0,0.0;0.9239048957824707,0.0,0.0760951042175293,0.0
7.26;0.0,0.0,0.0;0.9279553890228271,0.0,0.07204461097717285,0.0
7.28;0.0,0.0,0.0;0.9318981170654297,0.0,0.06810188293457031,0.0
7.3;0.0,0.0,0.0;0.935732364654541,0.0,0.06426763534545898,0.0
7.32;0.0,0.0,0.0;0.9394577741622925,0.0,0.06054222583770752,0.0
7.34;0.0,0.0,0.0;0.9430737495422363,0.0,0.05692625045776367,0.0
7.36;0.0,0.0,0.0;0.9465802907943726,0.0,0.05341970920562744,0.0
7.38;0.0,0.0,0.0;0.9499768018722534,0.0,0.05002319812774658,0.0
7.4;0.0,0.0,0.0;0.9532628059387207,0.0,0.0467371940612793,0.0
7.42;0.0,0.0,0.0;0.956438422203064,0.0,0.043561577796936035,0.0
7.44;0.0,0.0,0.0;0.9595028162002563,0.0,0.04049718379974365,0.0
7.46;0.0,0.0,0.0;0.9624561071395874,0.0,0.0375438928604126,0.0
7.48;0.0,0.0,0.0;0.965298056602478,0.0,0.03470194339752197,0.0
7.5;0.0,0.0,0.0;0.9680284261703491,0.0,0.03197157382965088,0.0
7.52;0.0,0.0,0.0;0.970646858215332,0.0,0.02935314178466797,0.0
7.54;0.0,0.0,0.0;0.9731535911560059,0.0,0.02684640884399414,0.0
7.56;0.0,0.0,0.0;0.9755483865737915,0.0,0.024451613426208496,0.0
7.58;0.0,0.0,0.0;0.9778307676315308,0.0,0.02216923236846924,0.0
7.6;0.0,0.0,0.0;0.9800014495849609,0.0,0.019998550415039062,0.0
7.62;0.0,0.0,0.0;0.9820595979690552,0.0,0.017940402030944824,0.0
7.64;0.0,0.0,0.0;0.9840056896209717,0.0,0.01599431037902832,0.0
7.66;0.0,0.0,0.0;0.9858396053314209,0.0,0.014160394668579102,0.0
7.68;0.0,0.0,0.0;0.9875611066818237,0.0,0.01243889331817627,0.0
7.7;0.0,0.0,0.0;0.9891706705093384,0.0,0.010829329490661621,0.0
7.72;0.0,0.0,0.0;0.9906679391860962,0.0,0.009332060813903809,0.0
7.74;0.0,0.0,0.0;0.9920536279678345,0.0,0.007946372032165527,0.0
7.76;0.0,0.0,0.0;0.9933270215988159,0.0,0.006672978401184082,0.0
7.78;0.0,0.0,0.0;0.9944890737533569,0.0,0.005510926246643066,0.0
7.8;0.0,0.0,0.0;0.9955391883850098,0.0,0.004460811614990234,0.0
7.82;0.0,0.0,0.0;0.9964778423309326,0.0,0.003522157669067383,0.0
7.84;0.0,0.0,0.0;0.9973053932189941,0.0,0.0026946067810058594,0.0
7.86;0.0,0.0,0.0;0.9980218410491943,0.0,0.001978158950805664,0.0
7.88;0.0,0.0,0.0;0.9986274242401123,0.0,0.0013725757598876953,0.0
7.9;0.0,0.0,0.0;0.9991222620010376,0.0,0.0008777379989624023,0.0
7.92;0.0,0.0,0.0;0.9995065927505493,0.0,0.0004934072494506836,0.0
7.94;0.0,0.0,0.0;0.9997807741165161,0.0,0.00021922588348388672,0.0
7.96;0.0,0.0,0.0;0.9999452829360962,0.0,5.4717063903808594e-05,0.0
7.98;0.0,0.0,0.0;1.0,0.0,0.0,0.0
8.0;0.0,0.0,0.0;0.9999452829360962,0.0,0.0,5.472170596476644e-05
8.02;0.0,0.0,0.0;0.9997808933258057,0.0,0.0,0.0002190773084294051
8.04;0.0,0.0,0.0;0.9995066523551941,0.0,0.0,0.000493343104608357
8.06;0.0,0.0,0.0;0.9991222023963928,0.0,0.0,0.0008777822367846966
8.08;0.0,0.0,0.0;0.9986273646354675,0.0,0.0,0.0013726450270041823
8.1;0.0,0.0,0.0;0.9980218410491943,0.0,0.0,0.0019781675655394793
8.12;0.0,0.0,0.0;0.9973053932189941,0.0,0.0,0.0026945704594254494
8.14;0.0,0.0,0.0;0.9964779615402222,0.0,0.0,0.0035220615100115538
8.16;0.0,0.0,0.0;0.9955391883850098,0.0,0.0,0.004460830707103014
8.18;0.0,0.0,0.0;0.9944889545440674,0.0,0.0,0.005511053372174501
8.2;0.0,0.0,0.0;0.9933271408081055,0.0,0.0,0.006672888994216919
8.22;0.0,0.0,0.0;0.9920535087585449,0.0,0.0,0.007946478202939034
8.24;0.0,0.0,0.0;0.9906680583953857,0.0,0.0,0.009331942535936832
8.26;0.0,0.0,0.0;0.9891706109046936,0.0,0.0,0.010829388163983822
8.28;0.0,0.0,0.0;0.9875611066818237,0.0,0.0,0.012438900768756866
8.3;0.0,0.0,0.0;0.9858394861221313,0.0,0.0,0.014160550199449062
8.32;0.0,0.0,0.0;0.9840056300163269,0.0,0.0,0.015994377434253693
8.34;0.0,0.0,0.0;0.9820595383644104,0.0,0.0,0.01794041320681572
8.36;0.0,0.0,0.0;0.9800013899803162,0.0,0.0,0.019998658448457718
8.38;0.0,0.0,0.0;0.9778308868408203,0.0,0.0,0.022169094532728195
8.4;0.0,0.0,0.0;0.9755483269691467,0.0,0.0,0.024451686069369316
8.42;0.0,0.0,0.0;0.9731536507606506,0.0,0.0,0.026846367865800858
8.44;0.0,0.0,0.0;0.9706469774246216,0.0,0.0,0.029353052377700806
8.46;0.0,0.0,0.0;0.9680283665657043,0.0,0.0,0.03197161853313446
8.48;0.0,0.0,0.0;0.9652979969978333,0.0,0.0,0.03470194339752197
8.5;0.0,0.0,0.0;0.9624561667442322,0.0,0.0,0.037543851882219315
8.52;0.0,0.0,0.0;0.9595028758049011,0.0,0.0,0.04049716517329216
8.54;0.0,0.0,0.0;0.9564383625984192,0.0,0.0,0.0435616597533226
8.56;0.0,0.0,0.0;0.9532629251480103,0.0,0.0,0.04673709347844124
8.58;0.0,0.0,0.0;0.9499768018722534,0.0,0.0,0.050023194402456284
8.6;0.0,0.0,0.0;0.9465804100036621,0.0,0.0,0.05341964215040207
8.62;0.0,0.0,0.0;0.9430738687515259,0.0,0.0,0.05692612752318382
8.64;0.0,0.0,0.0;0.9394577145576477,0.0,0.0,0.0605422779917717
8.66;0.0,0.0,0.0;0.9357323050498962,0.0,0.0,0.06426770240068436
8.68;0.0,0.0,0.0;0.9318980574607849,0.0,0.0,0.06810197979211807
8.7;0.0,0.0,0.0;0.9279553890228271,0.0,0.0,0.07204464077949524
8.72;0.0,0.0,0.0;0.9239047765731812,0.0,0.0,0.07609520107507706
8.74;0.0,0.0,0.0;0.9197468161582947,0.0,0.0,0.08025314658880234
8.76;0.0,0.0,0.0;0.9154821038246155,0.0,0.0,0.08451788872480392
8.78;0.0,0.0,0.0;0.9111111164093018,0.0,0.0,0.08888887614011765
8.8;0.0,0.0,0.0;0.9066345691680908,0.0,0.0,0.09336544573307037
8.82;0.0,0.0,0.0;0.9020530581474304,0.0,0.0,0.09794694185256958
8.84;0.0,0.0,0.0;0.8973672986030579,0.0,0.0,0.10263267904520035
8.86;0.0,0.0,0.0;0.892578125,0.0,0.0,0.1074218899011612
8.88;0.0,0.0,0.0;0.8876861929893494,0.0,0.0,0.11231382191181183
8.9;0.0,0.0,0.0;0.8826923370361328,0.0,0.0,0.11730767041444778
8.92;0.0,0.0,0.0;0.877597451210022,0.0,0.0,0.12240255624055862
8.94;0.0,0.0,0.0;0.8724023699760437,0.0,0.0,0.1275976002216339
8.96;0.0,0.0,0.0;0.8671081066131592,0.0,0.0,0.13289187848567963
8.98;0.0,0.0,0.0;0.8617156147956848,0.0,0.0,0.13828440010547638
9.0;0.0,0.0,0.0;0.856225848197937,0.0,0.0,0.14377418160438538
9.02;0.0,0.0,0.0;0.850639820098877,0.0,0.0,0.14936015009880066
9.04;0.0,0.0,0.0;0.8449587821960449,0.0,0.0,0.15504124760627747
9.06;0.0,0.0,0.0;0.8391836881637573,0.0,0.0,0.16081631183624268
9.08;0.0,0.0,0.0;0.8333158493041992,0.0,0.0,0.16668415069580078
9.1;0.0,0.0,0.0;0.8273563981056213,0.0,0.0,0.17264357209205627
9.12;0.0,0.0,0.0;0.8213066458702087,0.0,0.0,0.17869335412979126
9.14;0.0,0.0,0.0;0.8151677846908569,0.0,0.0,0.18483217060565948
9.16;0.0,0.0,0.0;0.8089413046836853,0.0,0.0,0.1910586804151535
9.18;0.0,0.0,0.0;0.8026285171508789,0.0,0.0,0.1973714530467987
9.2;0.0,0.0,0.0;0.7962309122085571,0.0,0.0,0.20376914739608765
9.22;0.0,0.0,0.0;0.7897497415542603,0.0,0.0,0.21025027334690094
9.24;0.0,0.0,0.0;0.783186674118042,0.0,0.0,0.21681329607963562
9.26;0.0,0.0,0.0;0.7765433192253113,0.0,0.0,0.22345668077468872
9.28;0.0,0.0,0.0;0.7698211669921875,0.0,0.0,0.2301788628101349
9.3;0.0,0.0,0.0;0.7630218863487244,0.0,0.0,0.23697815835475922
9.32;0.0,0.0,0.0;0.756147027015686,0.0,0.0,0.24385294318199158
9.34;0.0,0.0,0.0;0.7491984963417053,0.0,0.0,0.2508014738559723
9.36;0.0,0.0,0.0;0.7421779632568359,0.0,0.0,0.25782203674316406
9.38;0.0,0.0,0.0;0.7350871562957764,0.0,0.0,0.26491281390190125
9.4;0.0,0.0,0.0;0.7279279828071594,0.0,0.0,0.2720720171928406
9.42;0.0,0.0,0.0;0.7207024097442627,0.0,0.0,0.2792976498603821
9.44;0.0,0.0,0.0;0.7134119868278503,0.0,0.0,0.28658801317214966
9.46;0.0,0.0,0.0;0.7060590386390686,0.0,0.0,0.2939409613609314
9.48;0.0,0.0,0.0;0.6986453533172607,0.0,0.0,0.30135464668273926
9.5;0.0,0.0,0.0;0.6911730766296387,0.0,0.0,0.30882692337036133
9.52;0.0,0.0,0.0;0.6836441159248352,0.0,0.0,0.3163558840751648
9.54;0.0,0.0,0.0;0.6760606169700623,0.0,0.0,0.32393938302993774
9.56;0.0,0.0,0.0;0.6684247255325317,0.0,0.0,0.33157527446746826
9.58;0.0,0.0,0.0;0.6607385277748108,0.0,0.0,0.3392615020275116
9.6;0.0,0.0,0.0;0.6530042290687561,0.0,0.0,0.3469958007335663
9.62;0.0,0.0,0.0;0.6452240943908691,0.0,0.0,0.35477590560913086
9.64;0.0,0.0,0.0;0.6374002695083618,0.0,0.0,0.3625997304916382
9.66;0.0,0.0,0.0;0.6295350790023804,0.0,0.0,0.37046492099761963
9.68;0.0,0.0,0.0;0.621630847454071,0.0,0.0,0.37836915254592896
9.7;0.0,0.0,0.0;0.6136897802352905,0.0,0.0,0.38631024956703186
9.72;0.0,0.0,0.0;0.6057143211364746,0.0,0.0,0.394285649061203
9.74;0.0,0.0,0.0;0.5977067947387695,0.0,0.0,0.40229320526123047
9.76;0.0,0.0,0.0;0.5896696448326111,0.0,0.0,0.4103303551673889
9.78;0.0,0.0,0.0;0.5816051363945007,0.0,0.0,0.41839486360549927
9.8;0.0,0.0,0.0;0.5735158324241638,0.0,0.0,0.4264841675758362
9.82;0.0,0.0,0.0;0.5654041171073914,0.0,0.0,0.43459588289260864
9.84;0.0,0.0,0.0;0.5572724342346191,0.0,0.0,0.44272756576538086
9.86;0.0,0.0,0.0;0.5491232872009277,0.0,0.0,0.45087671279907227
9.88;0.0,0.0,0.0;0.5409590005874634,0.0,0.0,0.4590409994125366
9.9;0.0,0.0,0.0;0.5327823162078857,0.0,0.0,0.46721768379211426
9.92;0.0,0.0,0.0;0.5245955586433411,0.0,0.0,0.47540444135665894
9.94;0.0,0.0,0.0;0.5164011716842651,0.0,0.0,0.4835987985134125
9.96;0.0,0.0,0.0;0.5082018971443176,0.0,0.0,0.4917981028556824
9.98;0.0,0.0,0.0;0.5000001192092896,0.0,0.0,0.49999991059303284
10.0;0.0,0.0,0.0;0.4917982220649719,0.0,0.0,0.5082017779350281
10.02;0.0,0.0,0.0;0.48359888792037964,0.0,0.0,0.5164011120796204
10.04;0.0,0.0,0.0;0.47540464997291565,0.0,0.0,0.5245953798294067
10.06;0.0,0.0,0.0;0.46721789240837097,0.0,0.0,0.5327820777893066
10.08;0.0,0.0,0.0;0.4590410590171814,0.0,0.0,0.5409589409828186
10.1;0.0,0.0,0.0;0.45087695121765137,0.0,0.0,0.5491230487823486
10.12;0.0,0.0,0.0;0.4427277445793152,0.0,0.0,0.5572722554206848
10.14;0.0,0.0,0.0;0.43459606170654297,0.0,0.0,0.565403938293457
10.16;0.0,0.0,0.0;0.42648428678512573,0.0,0.0,0.5735157132148743
10.18;0.0,0.0,0.0;0.4183949828147888,0.0,0.0,0.5816050171852112
10.2;0.0,0.0,0.0;0.410330593585968,0.0,0.0,0.589669406414032
10.22;0.0,0.0,0.0;0.40229329466819763,0.0,0.0,0.59770667552948
10.24;0.0,0.0,0.0;0.3942858874797821,0.0,0.0,0.6057140827178955
10.26;0.0,0.0,0.0;0.3863103985786438,0.0,0.0,0.6136896014213562
10.28;0.0,0.0,0.0;0.37836945056915283,0.0,0.0,0.6216305494308472
10.3;0.0,0.0,0.0;0.37046515941619873,0.0,0.0,0.6295348405838013
10.32;0.0,0.0,0.0;0.3625999093055725,0.0,0.0,0.6374000906944275
10.34;0.0,0.0,0.0;0.35477620363235474,0.0,0.0,0.6452237963676453
10.36;0.0,0.0,0.0;0.34699589014053345,0.0,0.0,0.6530041098594666
10.38;0.0,0.0,0.0;0.3392617106437683,0.0,0.0,0.6607382893562317
10.4;0.0,0.0,0.0;0.331575483083725,0.0,0.0,0.6684244871139526
10.42;0.0,0.0,0.0;0.3239394724369049,0.0,0.0,0.6760605573654175
10.44;0.0,0.0,0.0;0.31635597348213196,0.0,0.0,0.6836440563201904
10.46;0.0,0.0,0.0;0.30882710218429565,0.0,0.0,0.6911728978157043
10.48;0.0,0.0,0.0;0.3013547658920288,0.0,0.0,0.6986452341079712
10.5;0.0,0.0,0.0;0.29394102096557617,0.0,0.0,0.7060589790344238
10.52;0.0,0.0,0.0;0.2865881323814392,0.0,0.0,0.7134118676185608
10.54;0.0,0.0,0.0;0.27929776906967163,0.0,0.0,0.7207022309303284
10.56;0.0,0.0,0.0;0.2720721364021301,0.0,0.0,0.7279278635978699
10.58;0.0,0.0,0.0;0.26491302251815796,0.0,0.0,0.735086977481842
10.6;0.0,0.0,0.0;0.2578222155570984,0.0,0.0,0.7421777844429016
10.62;0.0,0.0,0.0;0.25080162286758423,0.0,0.0,0.7491983771324158
10.64;0.0,0.0,0.0;0.24385303258895874,0.0,0.0,0.7561469674110413
10.66;0.0,0.0,0.0;0.23697829246520996,0.0,0.0,0.76302170753479
10.68;0.0,0.0,0.0;0.23017889261245728,0.0,0.0,0.7698211073875427
10.7;0.0,0.0,0.0;0.22345679998397827,0.0,0.0,0.7765432000160217
10.72;0.0,0.0,0.0;0.216813325881958,0.0,0.0,0.783186674118042
10.74;0.0,0.0,0.0;0.21025031805038452,0.0,0.0,0.7897496819496155
10.76;0.0,0.0,0.0;0.2037692666053772,0.0,0.0,0.7962307333946228
10.78;0.0,0.0,0.0;0.19737154245376587,0.0,0.0,0.8026284575462341
10.8;0.0,0.0,0.0;0.1910586953163147,0.0,0.0,0.8089413046836853
10.82;0.0,0.0,0.0;0.18483221530914307,0.0,0.0,0.8151677846908569
10.84;0.0,0.0,0.0;0.17869353294372559,0.0,0.0,0.8213064670562744
10.86;0.0,0.0,0.0;0.172643780708313,0.0,0.0,0.827356219291687
10.88;0.0,0.0,0.0;0.16668426990509033,0.0,0.0,0.8333157300949097
10.9;0.0,0.0,0.0;0.16081637144088745,0.0,0.0,0.8391836285591125
10.92;0.0,0.0,0.0;0.15504133701324463,0.0,0.0,0.8449586629867554
10.94;0.0,0.0,0.0;0.1493602991104126,0.0,0.0,0.8506397008895874
10.96;0.0,0.0,0.0;0.14377427101135254,0.0,0.0,0.8562257289886475
10.98;0.0,0.0,0.0;0.1382845640182495,0.0,0.0,0.8617154359817505
11.0;0.0,0.0,0.0;0.13289189338684082,0.0,0.0,0.8671081066131592
11.02;0.0,0.0,0.0;0.12759774923324585,0.0,0.0,0.8724022507667542
11.04;0.0,0.0,0.0;0.12240266799926758,0.0,0.0,0.8775973320007324
11.06;0.0,0.0,0.0;0.11730784177780151,0.0,0.0,0.8826921582221985
11.08;0.0,0.0,0.0;0.11231398582458496,0.0,0.0,0.887686014175415
11.1;0.0,0.0,0.0;0.1074221134185791,0.0,0.0,0.8925778865814209
11.12;0.0,0.0,0.0;0.10263276100158691,0.0,0.0,0.8973672389984131
11.14;0.0,0.0,0.0;0.09794700145721436,0.0,0.0,0.9020529985427856
11.16;0.0,0.0,0.0;0.09336555004119873,0.0,0.0,0.9066344499588013
11.18;0.0,0.0,0.0;0.08888900279998779,0.0,0.0,0.9111109972000122
11.2;0.0,0.0,0.0;0.0845179557800293,0.0,0.0,0.9154820442199707
11.22;0.0,0.0,0.0;0.08025312423706055,0.0,0.0,0.9197468757629395
11.24;0.0,0.0,0.0;0.0760953426361084,0.0,0.0,0.9239046573638916
11.26;0.0,0.0,0.0;0.0720447301864624,0.0,0.0,0.9279552698135376
11.28;0.0,0.0,0.0;0.06810212135314941,0.0,0.0,0.9318978786468506
11.3;0.0,0.0,0.0;0.06426787376403809,0.0,0.0,0.9357321262359619
11.32;0.0,0.0,0.0;0.06054222583770752,0.0,0.0,0.9394577741622925
11.34;0.0,0.0,0.0;0.05692601203918457,0.0,0.0,0.9430739879608154
11.36;0.0,0.0,0.0;0.05341958999633789,0.0,0.0,0.9465804100036621
11.38;0.0,0.0,0.0;0.05002331733703613,0.0,0.0,0.9499766826629639
11.4;0.0,0.0,0.0;0.046737074851989746,0.0,0.0,0.9532629251480103
11.42;0.0,0.0,0.0;0.043561697006225586,0.0,0.0,0.9564383029937744
11.44;0.0,0.0,0.0;0.04049718379974365,0.0,0.0,0.9595028162002563
11.46;0.0,0.0,0.0;0.03754401206970215,0.0,0.0,0.9624559879302979
11.48;0.0,0.0,0.0;0.03470206260681152,0.0,0.0,0.9652979373931885
11.5;0.0,0.0,0.0;0.03197181224822998,0.0,0.0,0.96802818775177
11.52;0.0,0.0,0.0;0.029353022575378418,0.0,0.0,0.9706469774246216
11.54;0.0,0.0,0.0;0.02684628963470459,0.0,0.0,0.9731537103652954
11.56;0.0,0.0,0.0;0.024451732635498047,0.0,0.0,0.975548267364502
11.58;0.0,0.0,0.0;0.02216923236846924,0.0,0.0,0.9778307676315308
11.6;0.0,0.0,0.0;0.019998550415039062,0.0,0.0,0.9800014495849609
11.62;0.0,0.0,0.0;0.017940402030944824,0.0,0.0,0.9820595979690552
11.64;0.0,0.0,0.0;0.01599442958831787,0.0,0.0,0.9840055704116821
11.66;0.0,0.0,0.0;0.014160513877868652,0.0,0.0,0.9858394861221313
11.68;0.0,0.0,0.0;0.01243901252746582,0.0,0.0,0.9875609874725342
11.7;0.0,0.0,0.0;0.010829329490661621,0.0,0.0,0.9891706705093384
11.72;0.0,0.0,0.0;0.009332060813903809,0.0,0.0,0.9906679391860962
11.74;0.0,0.0,0.0;0.007946372032165527,0.0,0.0,0.9920536279678345
11.76;0.0,0.0,0.0;0.006672978401184082,0.0,0.0,0.9933270215988159
11.78;0.0,0.0,0.0;0.005510926246643066,0.0,0.0,0.9944890737533569
11.8;0.0,0.0,0.0;0.004460811614990234,0.0,0.0,0.9955391883850098
11.82;0.0,0.0,0.0;0.003522038459777832,0.0,0.0,0.9964779615402222
11.84;0.0,0.0,0.0;0.0026946067810058594,0.0,0.0,0.9973053932189941
11.86;0.0,0.0,0.0;0.001978158950805664,0.0,0.0,0.9980218410491943
11.88;0.0,0.0,0.0;0.0013725757598876953,0.0,0.0,0.9986274242401123
11.9;0.0,0.0,0.0;0.0008777379989624023,0.0,0.0,0.9991222620010376
11.92;0.0,0.0,0.0;0.0004934072494506836,0.0,0.0,0.9995065927505493
11.94;0.0,0.0,0.0;0.00021922588348388672,0.0,0.0,0.9997807741165161
11.96;0.0,0.0,0.0;5.4717063903808594e-05,0.0,0.0,0.9999452829360962
11.98;0.0,0.0,0.0;-4.371138828673793e-08,0.0,0.0,1.0
12.0;0.0,0.0,0.0;5.467804294312373e-05,0.0,0.0,0.9999452829360962
12.02;0.0,0.0,0.0;0.00021903373999521136,0.0,0.0,0.9997808933258057
12.04;0.0,0.0,0.0;0.0004932997399009764,0.0,0.0,0.9995066523551941
12.06;0.0,0.0,0.0;0.0008777393377386034,0.0,0.0,0.9991222023963928
12.08;0.0,0.0,0.0;0.0013726025354117155,0.0,0.0,0.9986273646354675
12.1;0.0,0.0,0.0;0.0019781251903623343,0.0,0.0,0.9980218410491943
12.12;0.0,0.0,0.0;0.0026945287827402353,0.0,0.0,0.9973053932189941
12.14;0.0,0.0,0.0;0.0035220205318182707,0.0,0.0,0.9964779615402222
12.16;0.0,0.0,0.0;0.004460790194571018,0.0,0.0,0.9955391883850098
12.18;0.0,0.0,0.0;0.005511014256626368,0.0,0.0,0.9944889545440674
12.2;0.0,0.0,0.0;0.006672849878668785,0.0,0.0,0.9933271408081055
12.22;0.0,0.0,0.0;0.0079464390873909,0.0,0.0,0.9920535087585449
12.24;0.0,0.0,0.0;0.009331903420388699,0.0,0.0,0.9906680583953857
12.26;0.0,0.0,0.0;0.010829350911080837,0.0,0.0,0.9891706109046936
12.28;0.0,0.0,0.0;0.012438868172466755,0.0,0.0,0.9875611066818237
12.3;0.0,0.0,0.0;0.014160512946546078,0.0,0.0,0.9858394265174866
12.32;0.0,0.0,0.0;0.015994349494576454,0.0,0.0,0.9840056300163269
12.34;0.0,0.0,0.0;0.017940381541848183,0.0,0.0,0.9820595383644104
12.36;0.0,0.0,0.0;0.01999862864613533,0.0,0.0,0.9800013303756714
12.38;0.0,0.0,0.0;0.022169070318341255,0.0,0.0,0.9778308868408203
12.4;0.0,0.0,0.0;0.024451663717627525,0.0,0.0,0.975548267364502
12.42;0.0,0.0,0.0;0.026846343651413918,0.0,0.0,0.9731536507606506
12.44;0.0,0.0,0.0;0.02935302071273327,0.0,0.0,0.9706469774246216
12.46;0.0,0.0,0.0;0.03197159618139267,0.0,0.0,0.9680283665657043
12.48;0.0,0.0,0.0;0.03470192477107048,0.0,0.0,0.965298056602478
12.5;0.0,0.0,0.0;0.03754383325576782,0.0,0.0,0.9624561071395874
12.52;0.0,0.0,0.0;0.040497150272130966,0.0,0.0,0.9595028162002563
12.54;0.0,0.0,0.0;0.04356164485216141,0.0,0.0,0.9564383029937744
12.56;0.0,0.0,0.0;0.04673707112669945,0.0,0.0,0.9532628655433655
12.58;0.0,0.0,0.0;0.050023168325424194,0.0,0.0,0.9499768018722534
12.6;0.0,0.0,0.0;0.053419627249240875,0.0,0.0,0.9465803503990173
12.62;0.0,0.0,0.0;0.05692611634731293,0.0,0.0,0.9430738091468811
12.64;0.0,0.0,0.0;0.0605422705411911,0.0,0.0,0.9394576549530029
12.66;0.0,0.0,0.0;0.06426769495010376,0.0,0.0,0.9357322454452515
12.68;0.0,0.0,0.0;0.06810197234153748,0.0,0.0,0.9318979978561401
12.7;0.0,0.0,0.0;0.07204464823007584,0.0,0.0,0.9279553294181824
12.72;0.0,0.0,0.0;0.07609520852565765,0.0,0.0,0.9239047765731812
12.74;0.0,0.0,0.0;0.08025313913822174,0.0,0.0,0.9197468161582947
12.76;0.0,0.0,0.0;0.08451789617538452,0.0,0.0,0.9154821038246155
12.78;0.0,0.0,0.0;0.08888887614011765,0.0,0.0,0.9111111164093018
12.8;0.0,0.0,0.0;0.09336545318365097,0.0,0.0,0.906634509563446
12.82;0.0,0.0,0.0;0.09794695675373077,0.0,0.0,0.9020529985427856
12.84;0.0,0.0,0.0;0.10263268649578094,0.0,0.0,0.8973672389984131
12.86;0.0,0.0,0.0;0.10742191970348358,0.0,0.0,0.8925780653953552
12.88;0.0,0.0,0.0;0.11231383681297302,0.0,0.0,0.8876861333847046
12.9;0.0,0.0,0.0;0.11730768531560898,0.0,0.0,0.882692277431488
12.92;0.0,0.0,0.0;0.12240257859230042,0.0,0.0,0.8775973916053772
12.94;0.0,0.0,0.0;0.1275976151227951,0.0,0.0,0.8724023699760437
12.96;0.0,0.0,0.0;0.13289189338684082,0.0,0.0,0.8671080470085144
12.98;0.0,0.0,0.0;0.13828444480895996,0.0,0.0,0.8617154955863953
13.0;0.0,0.0,0.0;0.14377419650554657,0.0,0.0,0.8562257289886475
13.02;0.0,0.0,0.0;0.14936017990112305,0.0,0.0,0.8506397604942322
13.04;0.0,0.0,0.0;0.15504127740859985,0.0,0.0,0.8449586629867554
13.06;0.0,0.0,0.0;0.16081632673740387,0.0,0.0,0.8391836285591125
13.08;0.0,0.0,0.0;0.16668419539928436,0.0,0.0,0.8333157300949097
13.1;0.0,0.0,0.0;0.17264361679553986,0.0,0.0,0.8273563385009766
13.12;0.0,0.0,0.0;0.17869339883327484,0.0,0.0,0.821306586265564
13.14;0.0,0.0,0.0;0.18483218550682068,0.0,0.0,0.8151677846908569
13.16;0.0,0.0,0.0;0.1910586953163147,0.0,0.0,0.8089412450790405
13.18;0.0,0.0,0.0;0.19737151265144348,0.0,0.0,0.8026284575462341
13.2;0.0,0.0,0.0;0.20376920700073242,0.0,0.0,0.7962307929992676
13.22;0.0,0.0,0.0;0.21025033295154572,0.0,0.0,0.7897496819496155
13.24;0.0,0.0,0.0;0.2168133556842804,0.0,0.0,0.7831866145133972
13.26;0.0,0.0,0.0;0.2234567403793335,0.0,0.0,0.7765432596206665
13.28;0.0,0.0,0.0;0.23017887771129608,0.0,0.0,0.7698211073875427
13.3;0.0,0.0,0.0;0.2369782030582428,0.0,0.0,0.7630217671394348
13.32;0.0,0.0,0.0;0.24385303258895874,0.0,0.0,0.7561469674110413
13.34;0.0,0.0,0.0;0.25080156326293945,0.0,0.0,0.7491984367370605
13.36;0.0,0.0,0.0;0.25782209634780884,0.0,0.0,0.7421778440475464
13.38;0.0,0.0,0.0;0.2649129033088684,0.0,0.0,0.7350870370864868
13.4;0.0,0.0,0.0;0.27207204699516296,0.0,0.0,0.7279279232025146
13.42;0.0,0.0,0.0;0.27929776906967163,0.0,0.0,0.7207022309303284
13.44;0.0,0.0,0.0;0.28658801317214966,0.0,0.0,0.7134119272232056
13.46;0.0,0.0,0.0;0.29394102096557617,0.0,0.0,0.7060589790344238
13.48;0.0,0.0,0.0;0.30135467648506165,0.0,0.0,0.698645293712616
13.5;0.0,0.0,0.0;0.3088269829750061,0.0,0.0,0.6911729574203491
13.52;0.0,0.0,0.0;0.31635600328445435,0.0,0.0,0.6836439371109009
13.54;0.0,0.0,0.0;0.3239395022392273,0.0,0.0,0.6760604381561279
13.56;0.0,0.0,0.0;0.3315753936767578,0.0,0.0,0.6684245467185974
13.58;0.0,0.0,0.0;0.33926162123680115,0.0,0.0,0.6607383489608765
13.6;0.0,0.0,0.0;0.34699586033821106,0.0,0.0,0.6530041694641113
13.62;0.0,0.0,0.0;0.3547760248184204,0.0,0.0,0.6452239155769348
13.64;0.0,0.0,0.0;0.36259984970092773,0.0,0.0,0.6374001502990723
13.66;0.0,0.0,0.0;0.3704649806022644,0.0,0.0,0.6295349597930908
13.68;0.0,0.0,0.0;0.37836921215057373,0.0,0.0,0.6216307282447815
13.7;0.0,0.0,0.0;0.38631024956703186,0.0,0.0,0.613689661026001
13.72;0.0,0.0,0.0;0.3942857086658478,0.0,0.0,0.6057142019271851
13.74;0.0,0.0,0.0;0.40229320526123047,0.0,0.0,0.5977067351341248
13.76;0.0,0.0,0.0;0.4103304147720337,0.0,0.0,0.5896695256233215
13.78;0.0,0.0,0.0;0.41839486360549927,0.0,0.0,0.581605076789856
13.8;0.0,0.0,0.0;0.4264841675758362,0.0,0.0,0.573515772819519
13.82;0.0,0.0,0.0;0.43459588289260864,0.0,0.0,0.5654040575027466
13.84;0.0,0.0,0.0;0.44272756576538086,0.0,0.0,0.5572723746299744
13.86;0.0,0.0,0.0;0.4508768320083618,0.0,0.0,0.5491231083869934
13.88;0.0,0.0,0.0;0.4590409994125366,0.0,0.0,0.5409589409828186
13.9;0.0,0.0,0.0;0.46721774339675903,0.0,0.0,0.5327821969985962
13.92;0.0,0.0,0.0;0.4754045009613037,0.0,0.0,0.5245954394340515
13.94;0.0,0.0,0.0;0.4835987687110901,0.0,0.0,0.5164011716842651
13.96;0.0,0.0,0.0;0.49179816246032715,0.0,0.0,0.5082017779350281
13.98;0.0,0.0,0.0;0.4999999403953552,0.0,0.0,0.5
14.0;0.0,0.0,0.0;0.5082017183303833,0.0,0.0,0.49179819226264954
14.02;0.0,0.0,0.0;0.5164010524749756,0.0,0.0,0.48359885811805725
14.04;0.0,0.0,0.0;0.5245953798294067,0.0,0.0,0.4754045605659485
14.06;0.0,0.0,0.0;0.5327821969985962,0.0,0.0,0.46721774339675903
14.08;0.0,0.0,0.0;0.5409588813781738,0.0,0.0,0.4590410590171814
14.1;0.0,0.0,0.0;0.5491230487823486,0.0,0.0,0.4508768618106842
14.12;0.0,0.0,0.0;0.5572723150253296,0.0,0.0,0.442727655172348
14.14;0.0,0.0,0.0;0.565403938293457,0.0,0.0,0.4345959722995758
14.16;0.0,0.0,0.0;0.5735156536102295,0.0,0.0,0.42648425698280334
14.18;0.0,0.0,0.0;0.5816049575805664,0.0,0.0,0.4183949828147888
14.2;0.0,0.0,0.0;0.5896694660186768,0.0,0.0,0.41033050417900085
14.22;0.0,0.0,0.0;0.59770667552948,0.0,0.0,0.40229329466819763
14.24;0.0,0.0,0.0;0.6057142019271851,0.0,0.0,0.39428573846817017
14.26;0.0,0.0,0.0;0.6136895418167114,0.0,0.0,0.3863103985786438
14.28;0.0,0.0,0.0;0.6216306686401367,0.0,0.0,0.3783693015575409
14.3;0.0,0.0,0.0;0.6295349597930908,0.0,0.0,0.3704650402069092
14.32;0.0,0.0,0.0;0.6374001502990723,0.0,0.0,0.36259981989860535
14.34;0.0,0.0,0.0;0.64522385597229,0.0,0.0,0.3547761142253876
14.36;0.0,0.0,0.0;0.6530041098594666,0.0,0.0,0.34699589014053345
14.38;0.0,0.0,0.0;0.6607384085655212,0.0,0.0,0.33926159143447876
14.4;0.0,0.0,0.0;0.6684246063232422,0.0,0.0,0.3315753936767578
14.42;0.0,0.0,0.0;0.6760605573654175,0.0,0.0,0.3239394724369049
14.44;0.0,0.0,0.0;0.6836440563201904,0.0,0.0,0.31635597348213196
14.46;0.0,0.0,0.0;0.6911729574203491,0.0,0.0,0.3088270425796509
14.48;0.0,0.0,0.0;0.6986452341079712,0.0,0.0,0.3013547658920288
14.5;0.0,0.0,0.0;0.7060589790344238,0.0,0.0,0.29394102096557617
14.52;0.0,0.0,0.0;0.7134119272232056,0.0,0.0,0.28658807277679443
14.54;0.0,0.0,0.0;0.7207022309303284,0.0,0.0,0.27929776906967163
14.56;0.0,0.0,0.0;0.7279279232025146,0.0,0.0,0.27207207679748535
14.58;0.0,0.0,0.0;0.7350870966911316,0.0,0.0,0.2649129033088684
14.6;0.0,0.0,0.0;0.7421777844429016,0.0,0.0,0.2578222155570984
14.62;0.0,0.0,0.0;0.7491984963417053,0.0,0.0,0.2508015036582947
14.64;0.0,0.0,0.0;0.7561469674110413,0.0,0.0,0.24385303258895874
14.66;0.0,0.0,0.0;0.7630217671394348,0.0,0.0,0.23697823286056519
14.68;0.0,0.0,0.0;0.7698211073875427,0.0,0.0,0.23017889261245728
14.7;0.0,0.0,0.0;0.7765432596206665,0.0,0.0,0.2234567403793335
14.72;0.0,0.0,0.0;0.783186674118042,0.0,0.0,0.216813325881958
14.74;0.0,0.0,0.0;0.7897496819496155,0.0,0.0,0.21025031805038452
14.76;0.0,0.0,0.0;0.7962307333946228,0.0,0.0,0.2037692666053772
14.78;0.0,0.0,0.0;0.8026284575462341,0.0,0.0,0.19737154245376587
14.8;0.0,0.0,0.0;0.8089413046836853,0.0,0.0,0.1910586953163147
14.82;0.0,0.0,0.0;0.8151677846908569,0.0,0.0,0.18483221530914307
14.84;0.0,0.0,0.0;0.821306586265564,0.0,0.0,0.17869341373443604
14.86;0.0,0.0,0.0;0.8273563385009766,0.0,0.0,0.17264366149902344
14.88;0.0,0.0,0.0;0.8333157300949097,0.0,0.0,0.16668426990509033
14.9;0.0,0.0,0.0;0.8391836285591125,0.0,0.0,0.16081637144088745
14.92;0.0,0.0,0.0;0.8449586629867554,0.0,0.0,0.15504133701324463
14.94;0.0,0.0,0.0;0.850639820098877,0.0,0.0,0.14936017990112305
14.96;0.0,0.0,0.0;0.8562257289886475,0.0,0.0,0.14377427101135254
14.98;0.0,0.0,0.0;0.86171555519104,0.0,0.0,0.13828444480895996
15.0;0.0,0.0,0.0;0.8671081066131592,0.0,0.0,0.13289189338684082
15.02;0.0,0.0,0.0;0.8724022507667542,0.0,0.0,0.12759774923324585
15.04;0.0,0.0,0.0;0.8775973320007324,0.0,0.0,0.12240266799926758
15.06;0.0,0.0,0.0;0.882692277431488,0.0,0.0,0.11730772256851196
15.08;0.0,0.0,0.0;0.8876860737800598,0.0,0.0,0.11231392621994019
15.1;0.0,0.0,0.0;0.892578125,0.0,0.0,0.107421875
15.12;0.0,0.0,0.0;0.8973672389984131,0.0,0.0,0.10263276100158691
15.14;0.0,0.0,0.0;0.9020529985427856,0.0,0.0,0.09794700145721436
15.16;0.0,0.0,0.0;0.9066344499588013,0.0,0.0,0.09336555004119873
15.18;0.0,0.0,0.0;0.9111109972000122,0.0,0.0,0.08888900279998779
15.2;0.0,0.0,0.0;0.9154820442199707,0.0,0.0,0.0845179557800293
15.22;0.0,0.0,0.0;0.9197468757629395,0.0,0.0,0.08025312423706055
15.24;0.0,0.0,0.0;0.9239046573638916,0.0,0.0,0.0760953426361084
15.26;0.0,0.0,0.0;0.9279553890228271,0.0,0.0,0.07204461097717285
15.28;0.0,0.0,0.0;0.9318978786468506,0.0,0.0,0.06810212135314941
15.3;0.0,0.0,0.0;0.9357321262359619,0.0,0.0,0.06426787376403809
15.32;0.0,0.0,0.0;0.9394577741622925,0.0,0.0,0.06054222583770752
15.34;0.0,0.0,0.0;0.9430737495422363,0.0,0.0,0.05692625045776367
15.36;0.0,0.0,0.0;0.9465804100036621,0.0,0.0,0.05341958999633789
15.38;0.0,0.0,0.0;0.9499766826629639,0.0,0.0,0.05002331733703613
15.4;0.0,0.0,0.0;0.9532629251480103,0.0,0.0,0.046737074851989746
15.42;0.0,0.0,0.0;0.9564383029937744,0.0,0.0,0.043561697006225586
15.44;0.0,0.0,0.0;0.9595028162002563,0.0,0.0,0.04049718379974365
15.46;0.0,0.0,0.0;0.9624561071395874,0.0,0.0,0.0375438928604126
15.48;0.0,0.0,0.0;0.9652979373931885,0.0,0.0,0.03470206260681152
15.5;0.0,0.0,0.0;0.96802818775177,0.0,0.0,0.03197181224822998
15.52;0.0,0.0,0.0;0.9706469774246216,0.0,0.0,0.029353022575378418
15.54;0.0,0.0,0.0;0.9731537103652954,0.0,0.0,0.02684628963470459
15.56;0.0,0.0,0.0;0.975548267364502,0.0,0.0,0.024451732635498047
15.58;0.0,0.0,0.0;0.9778307676315308,0.0,0.0,0.02216923236846924
15.6;0.0,0.0,0.0;0.9800014495849609,0.0,0.0,0.019998550415039062
15.62;0.0,0.0,0.0;0.9820595979690552,0.0,0.0,0.017940402030944824
15.64;0.0,0.0,0.0;0.9840055704116821,0.0,0.0,0.01599442958831787
15.66;0.0,0.0,0.0;0.9858394861221313,0.0,0.0,0.014160513877868652
15.68;0.0,0.0,0.0;0.9875609874725342,0.0,0.0,0.01243901252746582
15.7;0.0,0.0,0.0;0.9891706705093384,0.0,0.0,0.010829329490661621
15.72;0.0,0.0,0.0;0.9906679391860962,0.0,0.0,0.009332060813903809
15.74;0.0,0.0,0.0;0.9920536279678345,0.0,0.0,0.007946372032165527
15.76;0.0,0.0,0.0;0.9933270215988159,0.0,0.0,0.006672978401184082
15.78;0.0,0.0,0.0;0.9944890737533569,0.0,0.0,0.005510926246643066
15.8;0.0,0.0,0.0;0.9955391883850098,0.0,0.0,0.004460811614990234
15.82;0.0,0.0,0.0;0.9964779615402222,0.0,0.0,0.003522038459777832
15.84;0.0,0.0,0.0;0.9973053932189941,0.0,0.0,0.0026946067810058594
15.86;0.0,0.0,0.0;0.9980218410491943,0.0,0.0,0.001978158950805664
15.88;0.0,0.0,0.0;0.9986274242401123,0.0,0.0,0.0013725757598876953
15.9;0.0,0.0,0.0;0.9991222620010376,0.0,0.0,0.0008777379989624023
15.92;0.0,0.0,0.0;0.9995065927505493,0.0,0.0,0.0004934072494506836
15.94;0.0,0.0,0.0;0.9997807741165161,0.0,0.0,0.00021922588348388672
15.96;0.0,0.0,0.0;0.9999452829360962,0.0,0.0,5.4717063903808594e-05
15.98;0.0,0.0,0.0;1.0,0.0,0.0,0.0
16.0;0.0,0.0,0.0;0.9999452829360962,5.4721753258490935e-05,0.0,0.0
16.02;0.0,0.0,0.0;0.9997808933258057,0.00021907745394855738,0.0,0.0
16.04;0.0,0.0,0.0;0.9995066523551941,0.0004933434538543224,0.0,0.0
16.06;0.0,0.0,0.0;0.9991222023963928,0.0008777830516919494,0.0,0.0
16.08;0.0,0.0,0.0;0.9986273646354675,0.0013726461911574006,0.0,0.0
16.1;0.0,0.0,0.0;0.9980218410491943,0.001978168962523341,0.0,0.0
16.12;0.0,0.0,0.0;0.9973053932189941,0.0026945725549012423,0.0,0.0
16.14;0.0,0.0,0.0;0.9964779615402222,0.0035220643039792776,0.0,0.0
16.16;0.0,0.0,0.0;0.9955391883850098,0.004460833966732025,0.0,0.0
16.18;0.0,0.0,0.0;0.9944889545440674,0.0055110580287873745,0.0,0.0
16.2;0.0,0.0,0.0;0.9933271408081055,0.006672893650829792,0.0,0.0
16.22;0.0,0.0,0.0;0.9920535087585449,0.007946482859551907,0.0,0.0
16.24;0.0,0.0,0.0;0.9906680583953857,0.009331947192549706,0.0,0.0
16.26;0.0,0.0,0.0;0.9891706109046936,0.010829394683241844,0.0,0.0
16.28;0.0,0.0,0.0;0.9875611066818237,0.012438911944627762,0.0,0.0
16.3;0.0,0.0,0.0;0.9858394265174866,0.014160556718707085,0.0,0.0
16.32;0.0,0.0,0.0;0.9840056300163269,0.015994392335414886,0.0,0.0
16.34;0.0,0.0,0.0;0.9820595383644104,0.017940424382686615,0.0,0.0
16.36;0.0,0.0,0.0;0.9800013303756714,0.019998671486973763,0.0,0.0
16.38;0.0,0.0,0.0;0.9778308868408203,0.022169113159179688,0.0,0.0
16.4;0.0,0.0,0.0;0.975548267364502,0.024451706558465958,0.0,0.0
16.42;0.0,0.0,0.0;0.9731536507606506,0.02684638649225235,0.0,0.0
16.44;0.0,0.0,0.0;0.9706469774246216,0.02935306541621685,0.0,0.0
16.46;0.0,0.0,0.0;0.9680283665657043,0.03197164088487625,0.0,0.0
16.48;0.0,0.0,0.0;0.965298056602478,0.03470196947455406,0.0,0.0
16.5;0.0,0.0,0.0;0.9624561071395874,0.037543877959251404,0.0,0.0
16.52;0.0,0.0,0.0;0.9595028162002563,0.04049719497561455,0.0,0.0
16.54;0.0,0.0,0.0;0.9564383029937744,0.04356168955564499,0.0,0.0
16.56;0.0,0.0,0.0;0.9532628655433655,0.04673711583018303,0.0,0.0
16.58;0.0,0.0,0.0;0.9499768018722534,0.050023213028907776,0.0,0.0
16.6;0.0,0.0,0.0;0.9465803503990173,0.05341967195272446,0.0,0.0
16.62;0.0,0.0,0.0;0.9430738091468811,0.05692616105079651,0.0,0.0
16.64;0.0,0.0,0.0;0.9394576549530029,0.06054231524467468,0.0,0.0
16.66;0.0,0.0,0.0;0.9357322454452515,0.06426773965358734,0.0,0.0
16.68;0.0,0.0,0.0;0.9318979978561401,0.06810201704502106,0.0,0.0
16.7;0.0,0.0,0.0;0.9279553294181824,0.07204469293355942,0.0,0.0
16.72;0.0,0.0,0.0;0.9239047765731812,0.07609525322914124,0.0,0.0
16.74;0.0,0.0,0.0;0.9197468161582947,0.08025318384170532,0.0,0.0
16.76;0.0,0.0,0.0;0.9154821038246155,0.0845179408788681,0.0,0.0
16.78;0.0,0.0,0.0;0.9111111164093018,0.08888892084360123,0.0,0.0
16.8;0.0,0.0,0.0;0.906634509563446,0.09336549788713455,0.0,0.0
16.82;0.0,0.0,0.0;0.9020529985427856,0.09794700145721436,0.0,0.0
16.84;0.0,0.0,0.0;0.8973672389984131,0.10263273119926453,0.0,0.0
16.86;0.0,0.0,0.0;0.8925780653953552,0.10742196440696716,0.0,0.0
16.88;0.0,0.0,0.0;0.8876861333847046,0.1123138815164566,0.0,0.0
16.9;0.0,0.0,0.0;0.882692277431488,0.11730773001909256,0.0,0.0
16.92;0.0,0.0,0.0;0.8775973916053772,0.122402623295784,0.0,0.0
16.94;0.0,0.0,0.0;0.8724023699760437,0.1275976598262787,0.0,0.0
16.96;0.0,0.0,0.0;0.8671080470085144,0.1328919380903244,0.0,0.0
16.98;0.0,0.0,0.0;0.8617154955863953,0.13828448951244354,0.0,0.0
17.0;0.0,0.0,0.0;0.8562257289886475,0.14377424120903015,0.0,0.0
17.02;0.0,0.0,0.0;0.8506397604942322,0.14936022460460663,0.0,0.0
17.04;0.0,0.0,0.0;0.8449586629867554,0.15504130721092224,0.0,0.0
17.06;0.0,0.0,0.0;0.8391836285591125,0.16081637144088745,0.0,0.0
17.08;0.0,0.0,0.0;0.8333157300949097,0.16668424010276794,0.0,0.0
17.1;0.0,0.0,0.0;0.8273563385009766,0.17264366149902344,0.0,0.0
17.12;0.0,0.0,0.0;0.821306586265564,0.17869344353675842,0.0,0.0
17.14;0.0,0.0,0.0;0.8151677846908569,0.18483224511146545,0.0,0.0
17.16;0.0,0.0,0.0;0.8089412450790405,0.19105875492095947,0.0,0.0
17.18;0.0,0.0,0.0;0.8026284575462341,0.19737154245376587,0.0,0.0
17.2;0.0,0.0,0.0;0.7962307929992676,0.2037692368030548,0.0,0.0
17.22;0.0,0.0,0.0;0.7897496819496155,0.2102503627538681,0.0,0.0
17.24;0.0,0.0,0.0;0.7831866145133972,0.21681338548660278,0.0,0.0
17.26;0.0,0.0,0.0;0.7765432596206665,0.22345677018165588,0.0,0.0
17.28;0.0,0.0,0.0;0.7698211073875427,0.23017890751361847,0.0,0.0
17.3;0.0,0.0,0.0;0.7630217671394348,0.23697823286056519,0.0,0.0
17.32;0.0,0.0,0.0;0.7561469674110413,0.24385306239128113,0.0,0.0
17.34;0.0,0.0,0.0;0.7491984367370605,0.25080159306526184,0.0,0.0
17.36;0.0,0.0,0.0;0.7421778440475464,0.2578221261501312,0.0,0.0
17.38;0.0,0.0,0.0;0.7350870370864868,0.2649129331111908,0.0,0.0
17.4;0.0,0.0,0.0;0.7279279232025146,0.27207207679748535,0.0,0.0
17.42;0.0,0.0,0.0;0.7207022309303284,0.279297798871994,0.0,0.0
17.44;0.0,0.0,0.0;0.7134119272232056,0.28658804297447205,0.0,0.0
17.46;0.0,0.0,0.0;0.7060589790344238,0.29394105076789856,0.0,0.0
17.48;0.0,0.0,0.0;0.698645293712616,0.30135470628738403,0.0,0.0
17.5;0.0,0.0,0.0;0.6911729574203491,0.3088270425796509,0.0,0.0
17.52;0.0,0.0,0.0;0.6836439371109009,0.31635600328445435,0.0,0.0
17.54;0.0,0.0,0.0;0.6760604381561279,0.3239395022392273,0.0,0.0
17.56;0.0,0.0,0.0;0.6684245467185974,0.3315754234790802,0.0,0.0
17.58;0.0,0.0,0.0;0.6607383489608765,0.33926165103912354,0.0,0.0
17.6;0.0,0.0,0.0;0.6530041694641113,0.34699589014053345,0.0,0.0
17.62;0.0,0.0,0.0;0.6452239155769348,0.3547760844230652,0.0,0.0
17.64;0.0,0.0,0.0;0.6374001502990723,0.3625998795032501,0.0,0.0
17.66;0.0,0.0,0.0;0.6295349597930908,0.3704650402069092,0.0,0.0
17.68;0.0,0.0,0.0;0.6216307282447815,0.3783692717552185,0.0,0.0
17.7;0.0,0.0,0.0;0.613689661026001,0.38631030917167664,0.0,0.0
17.72;0.0,0.0,0.0;0.6057142019271851,0.39428576827049255,0.0,0.0
17.74;0.0,0.0,0.0;0.5977067351341248,0.40229326486587524,0.0,0.0
17.76;0.0,0.0,0.0;0.5896695256233215,0.41033047437667847,0.0,0.0
17.78;0.0,0.0,0.0;0.581605076789856,0.41839492321014404,0.0,0.0
17.8;0.0,0.0,0.0;0.573515772819519,0.42648422718048096,0.0,0.0
17.82;0.0,0.0,0.0;0.5654040575027466,0.4345959424972534,0.0,0.0
17.84;0.0,0.0,0.0;0.5572723746299744,0.44272762537002563,0.0,0.0
17.86;0.0,0.0,0.0;0.5491231083869934,0.4508768916130066,0.0,0.0
17.88;0.0,0.0,0.0;0.5409589409828186,0.4590410590171814,0.0,0.0
17.9;0.0,0.0,0.0;0.5327821969985962,0.4672178030014038,0.0,0.0
17.92;0.0,0.0,0.0;0.5245954394340515,0.4754045605659485,0.0,0.0
17.94;0.0,0.0,0.0;0.5164011716842651,0.48359882831573486,0.0,0.0
17.96;0.0,0.0,0.0;0.5082017779350281,0.4917982220649719,0.0,0.0
17.98;0.0,0.0,0.0;0.5,0.5,0.0,0.0
18.0;0.0,0.0,0.0;0.49179819226264954,0.5082018375396729,0.0,0.0
18.02;0.0,0.0,0.0;0.48359885811805725,0.5164011716842651,0.0,0.0
18.04;0.0,0.0,0.0;0.4754045605659485,0.5245954394340515,0.0,0.0
18.06;0.0,0.0,0.0;0.46721774339675903,0.532782256603241,0.0,0.0
18.08;0.0,0.0,0.0;0.4590410590171814,0.5409589409828186,0.0,0.0
18.1;0.0,0.0,0.0;0.4508768618106842,0.5491231679916382,0.0,0.0
18.12;0.0,0.0,0.0;0.442727655172348,0.5572723150253296,0.0,0.0
18.14;0.0,0.0,0.0;0.4345959722995758,0.5654040575027466,0.0,0.0
18.16;0.0,0.0,0.0;0.42648425698280334,0.573515772819519,0.0,0.0
18.18;0.0,0.0,0.0;0.4183949828147888,0.5816050171852112,0.0,0.0
18.2;0.0,0.0,0.0;0.41033050417900085,0.5896694660186768,0.0,0.0
18.22;0.0,0.0,0.0;0.40229329466819763,0.59770667552948,0.0,0.0
18.24;0.0,0.0,0.0;0.39428573846817017,0.6057142615318298,0.0,0.0
18.26;0.0,0.0,0.0;0.3863103985786438,0.6136896014213562,0.0,0.0
18.28;0.0,0.0,0.0;0.3783693015575409,0.6216306686401367,0.0,0.0
18.3;0.0,0.0,0.0;0.3704650402069092,0.6295349597930908,0.0,0.0
18.32;0.0,0.0,0.0;0.36259981989860535,0.6374001502990723,0.0,0.0
18.34;0.0,0.0,0.0;0.3547761142253876,0.64522385597229,0.0,0.0
18.36;0.0,0.0,0.0;0.34699589014053345,0.6530041098594666,0.0,0.0
18.38;0.0,0.0,0.0;0.33926159143447876,0.6607384085655212,0.0,0.0
18.4;0.0,0.0,0.0;0.3315753936767578,0.6684246063232422,0.0,0.0
18.42;0.0,0.0,0.0;0.3239394724369049,0.6760605573654175,0.0,0.0
18.44;0.0,0.0,0.0;0.31635597348213196,0.6836440563201904,0.0,0.0
18.46;0.0,0.0,0.0;0.3088270425796509,0.6911729574203491,0.0,0.0
18.48;0.0,0.0,0.0;0.3013547658920288,0.6986452341079712,0.0,0.0
18.5;0.0,0.0,0.0;0.29394102096557617,0.7060589790344238,0.0,0.0
18.52;0.0,0.0,0.0;0.28658807277679443,0.7134119272232056,0.0,0.0
18.54;0.0,0.0,0.0;0.27929776906967163,0.7207022309303284,0.0,0.0
18.56;0.0,0.0,0.0;0.27207207679748535,0.7279279232025146,0.0,0.0
18.58;0.0,0.0,0.0;0.2649129033088684,0.7350870966911316,0.0,0.0
18.6;0.0,0.0,0.0;0.2578222155570984,0.7421777844429016,0.0,0.0
18.62;0.0,0.0,0.0;0.2508015036582947,0.7491984963417053,0.0,0.0
18.64;0.0,0.0,0.0;0.24385303258895874,0.7561469674110413,0.0,0.0
18.66;0.0,0.0,0.0;0.23697823286056519,0.7630217671394348,0.0,0.0
18.68;0.0,0.0,0.0;0.23017889261245728,0.7698211073875427,0.0,0.0
18.7;0.0,0.0,0.0;0.2234567403793335,0.7765432596206665,0.0,0.0
18.72;0.0,0.0,0.0;0.216813325881958,0.783186674118042,0.0,0.0
18.74;0.0,0.0,0.0;0.21025031805038452,0.7897496819496155,0.0,0.0
18.76;0.0,0.0,0.0;0.2037692666053772,0.7962307333946228,0.0,0.0
18.78;0.0,0.0,0.0;0.19737154245376587,0.8026284575462341,0.0,0.0
18.8;0.0,0.0,0.0;0.1910586953163147,0.8089413046836853,0.0,0.0
18.82;0.0,0.0,0.0;0.18483221530914307,0.8151677846908569,0.0,0.0
18.84;0.0,0.0,0.0;0.17869341373443604,0.821306586265564,0.0,0.0
18.86;0.0,0.0,0.0;0.17264366149902344,0.8273563385009766,0.0,0.0
18.88;0.0,0.0,0.0;0.16668426990509033,0.8333157300949097,0.0,0.0
18.9;0.0,0.0,0.0;0.16081637144088745,0.8391836285591125,0.0,0.0
18.92;0.0,0.0,0.0;0.15504133701324463,0.8449586629867554,0.0,0.0
18.94;0.0,0.0,0.0;0.14936017990112305,0.850639820098877,0.0,0.0
18.96;0.0,0.0,0.0;0.14377427101135254,0.8562257289886475,0.0,0.0
18.98;0.0,0.0,0.0;0.13828444480895996,0.86171555519104,0.0,0.0
19.0;0.0,0.0,0.0;0.13289189338684082,0.8671081066131592,0.0,0.0
19.02;0.0,0.0,0.0;0.12759774923324585,0.8724022507667542,0.0,0.0
19.04;0.0,0.0,0.0;0.12240266799926758,0.8775973320007324,0.0,0.0
19.06;0.0,0.0,0.0;0.11730772256851196,0.882692277431488,0.0,0.0
19.08;0.0,0.0,0.0;0.11231392621994019,0.8876860737800598,0.0,0.0
19.1;0.0,0.0,0.0;0.107421875,0.892578125,0.0,0.0
19.12;0.0,0.0,0.0;0.10263276100158691,0.8973672389984131,0.0,0.0
19.14;0.0,0.0,0.0;0.09794700145721436,0.9020529985427856,0.0,0.0
19.16;0.0,0.0,0.0;0.09336555004119873,0.9066344499588013,0.0,0.0
19.18;0.0,0.0,0.0;0.08888900279998779,0.9111109972000122,0.0,0.0
19.2;0.0,0.0,0.0;0.0845179557800293,0.9154820442199707,0.0,0.0
19.22;0.0,0.0,0.0;0.08025312423706055,0.9197468757629395,0.0,0.0
19.24;0.0,0.0,0.0;0.0760953426361084,0.9239046573638916,0.0,0.0
19.26;0.0,0.0,0.0;0.07204461097717285,0.9279553890228271,0.0,0.0
19.28;0.0,0.0,0.0;0.06810212135314941,0.9318978786468506,0.0,0.0
19.3;0.0,0.0,0.0;0.06426787376403809,0.9357321262359619,0.0,0.0
19.32;0.0,0.0,0.0;0.06054222583770752,0.9394577741622925,0.0,0.0
19.34;0.0,0.0,0.0;0.05692625045776367,0.9430737495422363,0.0,0.0
19.36;0.0,0.0,0.0;0.05341958999633789,0.9465804100036621,0.0,0.0
19.38;0.0,0.0,0.0;0.05002331733703613,0.9499766826629639,0.0,0.0
19.4;0.0,0.0,0.0;0.046737074851989746,0.9532629251480103,0.0,0.0
19.42;0.0,0.0,0.0;0.043561697006225586,0.9564383029937744,0.0,0.0
19.44;0.0,0.0,0.0;0.04049718379974365,0.9595028162002563,0.0,0.0
19.46;0.0,0.0,0.0;0.0375438928604126,0.9624561071395874,0.0,0.0
19.48;0.0,0.0,0.0;0.03470206260681152,0.9652979373931885,0.0,0.0
19.5;0.0,0.0,0.0;0.03197181224822998,0.96802818775177,0.0,0.0
19.52;0.0,0.0,0.0;0.029353022575378418,0.9706469774246216,0.0,0.0
19.54;0.0,0.0,0.0;0.02684628963470459,0.9731537103652954,0.0,0.0
19.56;0.0,0.0,0.0;0.024451732635498047,0.975548267364502,0.0,0.0
19.58;0.0,0.0,0.0;0.02216923236846924,0.9778307676315308,0.0,0.0
19.6;0.0,0.0,0.0;0.019998550415039062,0.9800014495849609,0.0,0.0
19.62;0.0,0.0,0.0;0.017940402030944824,0.9820595979690552,0.0,0.0
19.64;0.0,0.0,0.0;0.01599442958831787,0.9840055704116821,0.0,0.0
19.66;0.0,0.0,0.0;0.014160513877868652,0.9858394861221313,0.0,0.0
19.68;0.0,0.0,0.0;0.01243901252746582,0.9875609874725342,0.0,0.0
19.7;0.0,0.0,0.0;0.010829329490661621,0.9891706705093384,0.0,0.0
19.72;0.0,0.0,0.0;0.009332060813903809,0.9906679391860962,0.0,0.0
19.74;0.0,0.0,0.0;0.007946372032165527,0.9920536279678345,0.0,0.0
19.76;0.0,0.0,0.0;0.006672978401184082,0.9933270215988159,0.0,0.0
19.78;0.0,0.0,0.0;0.005510926246643066,0.9944890737533569,0.0,0.0
19.8;0.0,0.0,0.0;0.004460811614990234,0.9955391883850098,0.0,0.0
19.82;0.0,0.0,0.0;0.003522038459777832,0.9964779615402222,0.0,0.0
19.84;0.0,0.0,0.0;0.0026946067810058594,0.9973053932189941,0.0,0.0
19.86;0.0,0.0,0.0;0.001978158950805664,0.9980218410491943,0.0,0.0
19.88;0.0,0.0,0.0;0.0013725757598876953,0.9986274242401123,0.0,0.0
19.9;0.0,0.0,0.0;0.0008777379989624023,0.9991222620010376,0.0,0.0
19.92;0.0,0.0,0.0;0.0004934072494506836,0.9995065927505493,0.0,0.0
19.94;0.0,0.0,0.0;0.00021922588348388672,0.9997807741165161,0.0,0.0
19.96;0.0,0.0,0.0;5.4717063903808594e-05,0.9999452829360962,0.0,0.0
19.98;0.0,0.0,0.0;-4.371138828673793e-08,1.0,0.0,0.0
20.0;0.0,0.0,0.0;5.467804294312373e-05,0.9999452829360962,0.0,0.0
20.02;0.0,0.0,0.0;0.00021903373999521136,0.9997808933258057,0.0,0.0
20.04;0.0,0.0,0.0;0.0004932997399009764,0.9995066523551941,0.0,0.0
20.06;0.0,0.0,0.0;0.0008777393377386034,0.9991222023963928,0.0,0.0
20.08;0.0,0.0,0.0;0.0013726025354117155,0.9986273646354675,0.0,0.0
20.1;0.0,0.0,0.0;0.0019781251903623343,0.9980218410491943,0.0,0.0
20.12;0.0,0.0,0.0;0.0026945287827402353,0.9973053932189941,0.0,0.0
20.14;0.0,0.0,0.0;0.0035220205318182707,0.9964779615402222,0.0,0.0
20.16;0.0,0.0,0.0;0.004460790194571018,0.9955391883850098,0.0,0.0
20.18;0.0,0.0,0.0;0.005511014256626368,0.9944889545440674,0.0,0.0
20.2;0.0,0.0,0.0;0.006672849878668785,0.9933271408081055,0.0,0.0
20.22;0.0,0.0,0.0;0.0079464390873909,0.9920535087585449,0.0,0.0
20.24;0.0,0.0,0.0;0.009331903420388699,0.9906680583953857,0.0,0.0
20.26;0.0,0.0,0.0;0.010829350911080837,0.9891706109046936,0.0,0.0
20.28;0.0,0.0,0.0;0.012438868172466755,0.9875611066818237,0.0,0.0
20.3;0.0,0.0,0.0;0.014160512946546078,0.9858394265174866,0.0,0.0
20.32;0.0,0.0,0.0;0.015994349494576454,0.9840056300163269,0.0,0.0
20.34;0.0,0.0,0.0;0.017940381541848183,0.9820595383644104,0.0,0.0
20.36;0.0,0.0,0.0;0.01999862864613533,0.9800013303756714,0.0,0.0
20.38;0.0,0.0,0.0;0.022169070318341255,0.9778308868408203,0.0,0.0
20.4;0.0,0.0,0.0;0.024451663717627525,0.975548267364502,0.0,0.0
20.42;0.0,0.0,0.0;0.026846343651413918,0.9731536507606506,0.0,0.0
20.44;0.0,0.0,0.0;0.02935302071273327,0.9706469774246216,0.0,0.0
20.46;0.0,0.0,0.0;0.03197159618139267,0.9680283665657043,0.0,0.0
20.48;0.0,0.0,0.0;0.03470192477107048,0.965298056602478,0.0,0.0
20.5;0.0,0.0,0.0;0.03754383325576782,0.9624561071395874,0.0,0.0
20.52;0.0,0.0,0.0;0.040497150272130966,0.9595028162002563,0.0,0.0
20.54;0.0,0.0,0.0;0.04356164485216141,0.9564383029937744,0.0,0.0
20.56;0.0,0.0,0.0;0.04673707112669945,0.9532628655433655,0.0,0.0
20.58;0.0,0.0,0.0;0.050023168325424194,0.9499768018722534,0.0,0.0
20.6;0.0,0.0,0.0;0.053419627249240875,0.9465803503990173,0.0,0.0
20.62;0.0,0.0,0.0;0.05692611634731293,0.9430738091468811,0.0,0.0
20.64;0.0,0.0,0.0;0.0605422705411911,0.9394576549530029,0.0,0.0
20.66;0.0,0.0,0.0;0.06426769495010376,0.9357322454452515,0.0,0.0
20.68;0.0,0.0,0.0;0.06810197234153748,0.9318979978561401,0.0,0.0
20.7;0.0,0.0,0.0;0.07204464823007584,0.9279553294181824,0.0,0.0
20.72;0.0,0.0,0.0;0.07609520852565765,0.9239047765731812,0.0,0.0
20.74;0.0,0.0,0.0;0.08025313913822174,0.9197468161582947,0.0,0.0
20.76;0.0,0.0,0.0;0.08451789617538452,0.9154821038246155,0.0,0.0
20.78;0.0,0.0,0.0;0.08888887614011765,0.9111111164093018,0.0,0.0
20.8;0.0,0.0,0.0;0.09336545318365097,0.906634509563446,0.0,0.0
20.82;0.0,0.0,0.0;0.09794695675373077,0.9020529985427856,0.0,0.0
20.84;0.0,0.0,0.0;0.10263268649578094,0.8973672389984131,0.0,0.0
20.86;0.0,0.0,0.0;0.10742191970348358,0.8925780653953552,0.0,0.0
20.88;0.0,0.0,0.0;0.11231383681297302,0.8876861333847046,0.0,0.0
20.9;0.0,0.0,0.0;0.11730768531560898,0.882692277431488,0.0,0.0
20.92;0.0,0.0,0.0;0.12240257859230042,0.8775973916053772,0.0,0.0
20.94;0.0,0.0,0.0;0.1275976151227951,0.8724023699760437,0.0,0.0
20.96;0.0,0.0,0.0;0.13289189338684082,0.8671080470085144,0.0,0.0
20.98;0.0,0.0,0.0;0.13828444480895996,0.8617154955863953,0.0,0.0
21.0;0.0,0.0,0.0;0.14377419650554657,0.8562257289886475,0.0,0.0
21.02;0.0,0.0,0.0;0.14936017990112305,0.8506397604942322,0.0,0.0
21.04;0.0,0.0,0.0;0.15504127740859985,0.8449586629867554,0.0,0.0
21.06;0.0,0.0,0.0;0.16081632673740387,0.8391836285591125,0.0,0.0
21.08;0.0,0.0,0.0;0.16668419539928436,0.8333157300949097,0.0,0.0
21.1;0.0,0.0,0.0;0.17264361679553986,0.8273563385009766,0.0,0.0
21.12;0.0,0.0,0.0;0.17869339883327484,0.821306586265564,0.0,0.0
21.14;0.0,0.0,0.0;0.18483218550682068,0.8151677846908569,0.0,0.0
21.16;0.0,0.0,0.0;0.1910586953163147,0.8089412450790405,0.0,0.0
21.18;0.0,0.0,0.0;0.19737151265144348,0.8026284575462341,0.0,0.0
21.2;0.0,0.0,0.0;0.20376920700073242,0.7962307929992676,0.0,0.0
21.22;0.0,0.0,0.0;0.21025033295154572,0.7897496819496155,0.0,0.0
21.24;0.0,0.0,0.0;0.2168133556842804,0.7831866145133972,0.0,0.0
21.26;0.0,0.0,0.0;0.2234567403793335,0.7765432596206665,0.0,0.0
21.28;0.0,0.0,0.0;0.23017887771129608,0.7698211073875427,0.0,0.0
21.3;0.0,0.0,0.0;0.2369782030582428,0.7630217671394348,0.0,0.0
21.32;0.0,0.0,0.0;0.24385303258895874,0.7561469674110413,0.0,0.0
21.34;0.0,0.0,0.0;0.25080156326293945,0.7491984367370605,0.0,0.0
21.36;0.0,0.0,0.0;0.25782209634780884,0.7421778440475464,0.0,0.0
21.38;0.0,0.0,0.0;0.2649129033088684,0.7350870370864868,0.0,0.0
21.4;0.0,0.0,0.0;0.27207204699516296,0.7279279232025146,0.0,0.0
21.42;0.0,0.0,0.0;0.27929776906967163,0.7207022309303284,0.0,0.0
21.44;0.0,0.0,0.0;0.28658801317214966,0.7134119272232056,0.0,0.0
21.46;0.0,0.0,0.0;0.29394102096557617,0.7060589790344238,0.0,0.0
21.48;0.0,0.0,0.0;0.30135467648506165,0.698645293712616,0.0,0.0
21.5;0.0,0.0,0.0;0.3088269829750061,0.6911729574203491,0.0,0.0
21.52;0.0,0.0,0.0;0.31635600328445435,0.6836439371109009,0.0,0.0
21.54;0.0,0.0,0.0;0.3239395022392273,0.6760604381561279,0.0,0.0
21.56;0.0,0.0,0.0;0.3315753936767578,0.6684245467185974,0.0,0.0
21.58;0.0,0.0,0.0;0.33926162123680115,0.6607383489608765,0.0,0.0
21.6;0.0,0.0,0.0;0.34699586033821106,0.6530041694641113,0.0,0.0
21.62;0.0,0.0,0.0;0.3547760248184204,0.6452239155769348,0.0,0.0
21.64;0.0,0.0,0.0;0.36259984970092773,0.6374001502990723,0.0,0.0
21.66;0.0,0.0,0.0;0.3704649806022644,0.6295349597930908,0.0,0.0
21.68;0.0,0.0,0.0;0.37836921215057373,0.6216307282447815,0.0,0.0
21.7;0.0,0.0,0.0;0.38631024956703186,0.613689661026001,0.0,0.0
21.72;0.0,0.0,0.0;0.3942857086658478,0.6057142019271851,0.0,0.0
21.74;0.0,0.0,0.0;0.40229320526123047,0.5977067351341248,0.0,0.0
21.76;0.0,0.0,0.0;0.4103304147720337,0.5896695256233215,0.0,0.0
21.78;0.0,0.0,0.0;0.41839486360549927,0.581605076789856,0.0,0.0
21.8;0.0,0.0,0.0;0.4264841675758362,0.573515772819519,0.0,0.0
21.82;0.0,0.0,0.0;0.43459588289260864,0.5654040575027466,0.0,0.0
21.84;0.0,0.0,0.0;0.44272756576538086,0.5572723746299744,0.0,0.0
21.86;0.0,0.0,0.0;0.4508768320083618,0.5491231083869934,0.0,0.0
21.88;0.0,0.0,0.0;0.4590409994125366,0.5409589409828186,0.0,0.0
21.9;0.0,0.0,0.0;0.46721774339675903,0.5327821969985962,0.0,0.0
21.92;0.0,0.0,0.0;0.4754045009613037,0.5245954394340515,0.0,0.0
21.94;0.0,0.0,0.0;0.4835987687110901,0.5164011716842651,0.0,0.0
21.96;0.0,0.0,0.0;0.49179816246032715,0.5082017779350281,0.0,0.0
21.98;0.0,0.0,0.0;0.4999999403953552,0.5,0.0,0.0
22.0;0.0,0.0,0.0;0.5082017183303833,0.49179819226264954,0.0,0.0
22.02;0.0,0.0,0.0;0.5164010524749756,0.48359885811805725,0.0,0.0
22.04;0.0,0.0,0.0;0.5245953798294067,0.4754045605659485,0.0,0.0
22.06;0.0,0.0,0.0;0.5327821969985962,0.46721774339675903,0.0,0.0
22.08;0.0,0.0,0.0;0.5409588813781738,0.4590410590171814,0.0,0.0
22.1;0.0,0.0,0.0;0.5491230487823486,0.4508768618106842,0.0,0.0
22.12;0.0,0.0,0.0;0.5572723150253296,0.442727655172348,0.0,0.0
22.14;0.0,0.0,0.0;0.565403938293457,0.4345959722995758,0.0,0.0
22.16;0.0,0.0,0.0;0.5735156536102295,0.42648425698280334,0.0,0.0
22.18;0.0,0.0,0.0;0.5816049575805664,0.4183949828147888,0.0,0.0
22.2;0.0,0.0,0.0;0.5896694660186768,0.41033050417900085,0.0,0.0
22.22;0.0,0.0,0.0;0.59770667552948,0.40229329466819763,0.0,0.0
22.24;0.0,0.0,0.0;0.6057142019271851,0.39428573846817017,0.0,0.0
22.26;0.0,0.0,0.0;0.6136895418167114,0.3863103985786438,0.0,0.0
22.28;0.0,0.0,0.0;0.6216306686401367,0.3783693015575409,0.0,0.0
22.3;0.0,0.0,0.0;0.6295349597930908,0.3704650402069092,0.0,0.0
22.32;0.0,0.0,0.0;0.6374001502990723,0.36259981989860535,0.0,0.0
22.34;0.0,0.0,0.0;0.64522385597229,0.3547761142253876,0.0,0.0
22.36;0.0,0.0,0.0;0.6530041098594666,0.34699589014053345,0.0,0.0
22.38;0.0,0.0,0.0;0.6607384085655212,0.33926159143447876,0.0,0.0
22.4;0.0,0.0,0.0;0.6684246063232422,0.3315753936767578,0.0,0.0
22.42;0.0,0.0,0.0;0.6760605573654175,0.3239394724369049,0.0,0.0
22.44;0.0,0.0,0.0;0.6836440563201904,0.31635597348213196,0.0,0.0
22.46;0.0,0.0,0.0;0.6911729574203491,0.3088270425796509,0.0,0.0
22.48;0.0,0.0,0.0;0.6986452341079712,0.3013547658920288,0.0,0.0
22.5;0.0,0.0,0.0;0.7060589790344238,0.29394102096557617,0.0,0.0
22.52;0.0,0.0,0.0;0.7134119272232056,0.28658807277679443,0.0,0.0
22.54;0.0,0.0,0.0;0.7207022309303284,0.27929776906967163,0.0,0.0
22.56;0.0,0.0,0.0;0.7279279232025146,0.27207207679748535,0.0,0.0
22.58;0.0,0.0,0.0;0.7350870966911316,0.2649129033088684,0.0,0.0
22.6;0.0,0.0,0.0;0.7421777844429016,0.2578222155570984,0.0,0.0
22.62;0.0,0.0,0.0;0.7491984963417053,0.2508015036582947,0.0,0.0
22.64;0.0,0.0,0.0;0.7561469674110413,0.24385303258895874,0.0,0.0
22.66;0.0,0.0,0.0;0.7630217671394348,0.23697823286056519,0.0,0.0
22.68;0.0,0.0,0.0;0.7698211073875427,0.23017889261245728,0.0,0.0
22.7;0.0,0.0,0.0;0.7765432596206665,0.2234567403793335,0.0,0.0
22.72;0.0,0.0,0.0;0.783186674118042,0.216813325881958,0.0,0.0
22.74;0.0,0.0,0.0;0.7897496819496155,0.21025031805038452,0.0,0.0
22.76;0.0,0.0,0.0;0.7962307333946228,0.2037692666053772,0.0,0.0
22.78;0.0,0.0,0.0;0.8026284575462341,0.19737154245376587,0.0,0.0
22.8;0.0,0.0,0.0;0.8089413046836853,0.1910586953163147,0.0,0.0
22.82;0.0,0.0,0.0;0.8151677846908569,0.18483221530914307,0.0,0.0
22.84;0.0,0.0,0.0;0.821306586265564,0.17869341373443604,0.0,0.0
22.86;0.0,0.0,0.0;0.8273563385009766,0.17264366149902344,0.0,0.0
22.88;0.0,0.0,0.0;0.8333157300949097,0.16668426990509033,0.0,0.0
22.9;0.0,0.0,0.0;0.8391836285591125,0.16081637144088745,0.0,0.0
22.92;0.0,0.0,0.0;0.8449586629867554,0.15504133701324463,0.0,0.0
22.94;0.0,0.0,0.0;0.850639820098877,0.14936017990112305,0.0,0.0
22.96;0.0,0.0,0.0;0.8562257289886475,0.14377427101135254,0.0,0.0
22.98;0.0,0.0,0.0;0.86171555519104,0.13828444480895996,0.0,0.0
23.0;0.0,0.0,0.0;0.8671081066131592,0.13289189338684082,0.0,0.0
23.02;0.0,0.0,0.0;0.8724022507667542,0.12759774923324585,0.0,0.0
23.04;0.0,0.0,0.0;0.8775973320007324,0.12240266799926758,0.0,0.0
23.06;0.0,0.0,0.0;0.882692277431488,0.11730772256851196,0.0,0.0
23.08;0.0,0.0,0.0;0.8876860737800598,0.11231392621994019,0.0,0.0
23.1;0.0,0.0,0.0;0.892578125,0.107421875,0.0,0.0
23.12;0.0,0.0,0.0;0.8973672389984131,0.10263276100158691,0.0,0.0
23.14;0.0,0.0,0.0;0.9020529985427856,0.09794700145721436,0.0,0.0
23.16;0.0,0.0,0.0;0.9066344499588013,0.09336555004119873,0.0,0.0
23.18;0.0,0.0,0.0;0.9111109972000122,0.08888900279998779,0.0,0.0
23.2;0.0,0.0,0.0;0.9154820442199707,0.0845179557800293,0.0,0.0
23.22;0.0,0.0,0.0;0.9197468757629395,0.08025312423706055,0.0,0.0
23.24;0.0,0.0,0.0;0.9239046573638916,0.0760953426361084,0.0,0.0
23.26;0.0,0.0,0.0;0.9279553890228271,0.07204461097717285,0.0,0.0
23.28;0.0,0.0,0.0;0.9318978786468506,0.06810212135314941,0.0,0.0
23.3;0.0,0.0,0.0;0.9357321262359619,0.06426787376403809,0.0,0.0
23.32;0.0,0.0,0.0;0.9394577741622925,0.06054222583770752,0.0,0.0
23.34;0.0,0.0,0.0;0.9430737495422363,0.05692625045776367,0.0,0.0
23.36;0.0,0.0,0.0;0.9465804100036621,0.05341958999633789,0.0,0.0
23.38;0.0,0.0,0.0;0.9499766826629639,0.05002331733703613,0.0,0.0
23.4;0.0,0.0,0.0;0.9532629251480103,0.046737074851989746,0.0,0.0
23.42;0.0,0.0,0.0;0.9564383029937744,0.043561697006225586,0.0,0.0
23.44;0.0,0.0,0.0;0.9595028162002563,0.04049718379974365,0.0,0.0
23.46;0.0,0.0,0.0;0.9624561071395874,0.0375438928604126,0.0,0.0
23.48;0.0,0.0,0.0;0.9652979373931885,0.03470206260681152,0.0,0.0
23.5;0.0,0.0,0.0;0.96802818775177,0.03197181224822998,0.0,0.0
23.52;0.0,0.0,0.0;0.9706469774246216,0.029353022575378418,0.0,0.0
23.54;0.0,0.0,0.0;0.9731537103652954,0.02684628963470459,0.0,0.0
23.56;0.0,0.0,0.0;0.975548267364502,0.024451732635498047,0.0,0.0
23.58;0.0,0.0,0.0;0.9778307676315308,0.02216923236846924,0.0,0.0
23.6;0.0,0.0,0.0;0.9800014495849609,0.019998550415039062,0.0,0.0
23.62;0.0,0.0,0.0;0.9820595979690552,0.017940402030944824,0.0,0.0
23.64;0.0,0.0,0.0;0.9840055704116821,0.01599442958831787,0.0,0.0
23.66;0.0,0.0,0.0;0.9858394861221313,0.014160513877868652,0.0,0.0
23.68;0.0,0.0,0.0;0.9875609874725342,0.01243901252746582,0.0,0.0
23.7;0.0,0.0,0.0;0.9891706705093384,0.010829329490661621,0.0,0.0
23.72;0.0,0.0,0.0;0.9906679391860962,0.009332060813903809,0.0,0.0
23.74;0.0,0.0,0.0;0.9920536279678345,0.007946372032165527,0.0,0.0
23.76;0.0,0.0,0.0;0.9933270215988159,0.006672978401184082,0.0,0.0
23.78;0.0,0.0,0.0;0.9944890737533569,0.005510926246643066,0.0,0.0
23.8;0.0,0.0,0.0;0.9955391883850098,0.004460811614990234,0.0,0.0
23.82;0.0,0.0,0.0;0.9964779615402222,0.003522038459777832,0.0,0.0
23.84;0.0,0.0,0.0;0.9973053932189941,0.0026946067810058594,0.0,0.0
23.86;0.0,0.0,0.0;0.9980218410491943,0.001978158950805664,0.0,0.0
23.88;0.0,0.0,0.0;0.9986274242401123,0.0013725757598876953,0.0,0.0
23.9;0.0,0.0,0.0;0.9991222620010376,0.0008777379989624023,0.0,0.0
23.92;0.0,0.0,0.0;0.9995065927505493,0.0004934072494506836,0.0,0.0
23.94;0.0,0.0,0.0;0.9997807741165161,0.00021922588348388672,0.0,0.0
23.96;0.0,0.0,0.0;0.9999452829360962,5.4717063903808594e-05,0.0,0.0
23.98;0.0,0.0,0.0;1.0,0.0,0.0,0.0
