0.0;0.0,0.0,0.0;1.0,0.0,0.0,0.0
0.02;0.0,0.0018661225913092494,0.0;1.0,0.0,0.0,0.0
0.04;0.0,0.003732245182618499,0.0;1.0,0.0,0.0,0.0
0.06;0.0,0.005598367657512426,0.0;1.0,0.0,0.0,0.0
0.08;0.0,0.007464490365236998,0.0;1.0,0.0,0.0,0.0
0.1;0.0,0.009330613538622856,0.0;1.0,0.0,0.0,0.0
0.12;0.0,0.011196735315024853,0.0;1.0,0.0,0.0,0.0
0.14;0.0,0.013062858954071999,0.0;1.0,0.0,0.0,0.0
0.16;0.0,0.01492898166179657,0.0;1.0,0.0,0.0,0.0
0.18;0.0,0.01679510436952114,0.0;1.0,0.0,0.0,0.0
0.2;0.0,0.018661227077245712,0.0;1.0,0.0,0.0,0.0
0.22;0.0,0.020527349784970284,0.0;1.0,0.0,0.0,0.0
0.24;0.0,0.022393472492694855,0.0;1.0,0.0,0.0,0.0
0.26;0.0,0.024259595200419426,0.0;1.0,0.0,0.0,0.0
0.28;0.0,0.026125717908143997,0.0;1.0,0.0,0.0,0.0
0.3;0.0,0.02799183689057827,0.0;1.0,0.0,0.0,0.0
0.32;0.0,0.02985796146094799,0.0;1.0,0.0,0.0,0.0
0.34;0.0,0.03172408416867256,0.0;1.0,0.0,0.0,0.0
0.36;0.0,0.03359020873904228,0.0;1.0,0.0,0.0,0.0
0.38;0.0,0.035456333309412,0.0;1.0,0.0,0.0,0.0
0.4;0.0,0.037322454154491425,0.0;1.0,0.0,0.0,0.0
0.42;0.0,0.03918857499957085,0.0;1.0,0.0,0.0,0.0
0.44;0.0,0.04105469584465027,0.0;1.0,0.0,0.0,0.0
0.46;0.0,0.04292082041501999,0.0;1.0,0.0,0.0,0.0
0.48;0.0,0.04478694126009941,0.0;1.0,0.0,0.0,0.0
0.5;0.0,0.04665306583046913,0.0;1.0,0.0,0.0,0.0
0.52;0.0,0.04851918667554855,0.0;1.0,0.0,0.0,0.0
0.54;0.0,0.050385311245918274,0.0;1.0,0.0,0.0,0.0
0.56;0.0,0.052251432090997696,0.0;1.0,0.0,0.0,0.0
0.58;0.0,0.054117556661367416,0.0;1.0,0.0,0.0,0.0
0.6;0.0,0.05598368123173714,0.0;1.0,0.0,0.0,0.0
0.62;0.0,0.05784980580210686,0.0;1.0,0.0,0.0,0.0
0.64;0.0,0.05971592664718628,0.0;1.0,0.0,0.0,0.0
0.66;0.0,0.0615820474922657,0.0;1.0,0.0,0.0,0.0
0.68;0.0,0.06344816833734512,0.0;1.0,0.0,0.0,0.0
0.7;0.0,0.06531429290771484,0.0;1.0,0.0,0.0,0.0
0.72;0.0,0.06718041002750397,0.0;1.0,0.0,0.0,0.0
0.74;0.0,0.06904653459787369,0.0;1.0,0.0,0.0,0.0
0.76;0.0,0.07091265916824341,0.0;1.0,0.0,0.0,0.0
0.78;0.0,0.07277879118919373,0.0;1.0,0.0,0.0,0.0
0.8;0.0,0.07464490830898285,0.0;1.0,0.0,0.0,0.0
0.82;0.0,0.07651103287935257,0.0;1.0,0.0,0.0,0.0
0.84;0.0,0.07837715744972229,0.0;1.0,0.0,0.0,0.0
0.86;0.0,0.08024327456951141,0.0;1.0,0.0,0.0,0.0
0.88;0.0,0.08210939913988113,0.0;1.0,0.0,0.0,0.0
0.9;0.0,0.08397552371025085,0.0;1.0,0.0,0.0,0.0
0.92;0.0,0.08584164828062057,0.0;1.0,0.0,0.0,0.0
0.94;0.0,0.0877077728509903,0.0;1.0,0.0,0.0,0.0
0.96;0.0,0.08957388997077942,0.0;1.0,0.0,0.0,0.0
0.98;0.0,0.09143999963998795,0.0;1.0,0.0,0.0,0.0
1.0;-0.001828799955546856,0.09143999963998795,0.0;1.0,0.0,0.0,0.0
1.02;-0.003657599911093712,0.09143999963998795,0.0;1.0,0.0,0.0,0.0
1.04;-0.005486399866640568,0.09143999963998795,0.0;1.0,0.0,0.0,0.0
1.06;-0.007315200287848711,0.09143999963998795,0.0;1.0,0.0,0.0,0.0
1.08;-0.00914399977773428,0.09143999963998795,0.0;1.0,0.0,0.0,0.0
1.1;-0.010972799733281136,0.09143999963998795,0.0;1.0,0.0,0.0,0.0
1.12;-0.012801599688827991,0.09143999963998795,0.0;1.0,0.0,0.0,0.0
1.14;-0.014630400575697422,0.09143999963998795,0.0;1.0,0.0,0.0,0.0
1.16;-0.016459200531244278,0.09143999963998795,0.0;1.0,0.0,0.0,0.0
1.18;-0.01828799955546856,0.09143999963998795,0.0;1.0,0.0,0.0,0.0
1.2;-0.02011680044233799,0.09143999963998795,0.0;1.0,0.0,0.0,0.0
1.22;-0.02194560132920742,0.09143999963998795,0.0;1.0,0.0,0.0,0.0
1.24;-0.0237744003534317,0.09143999963998795,0.0;1.0,0.0,0.0,0.0
1.26;-0.025603201240301132,0.09143999963998795,0.0;1.0,0.0,0.0,0.0
1.28;-0.027432000264525414,0.09143999963998795,0.0;1.0,0.0,0.0,0.0
1.3;-0.029260801151394844,0.09143999963998795,0.0;1.0,0.0,0.0,0.0
1.32;-0.031089600175619125,0.09143999963998795,0.0;1.0,0.0,0.0,0.0
1.34;-0.032918401062488556,0.09143999963998795,0.0;1.0,0.0,0.0,0.0
1.36;-0.034747201949357986,0.09143999963998795,0.0;1.0,0.0,0.0,0.0
1.38;-0.03657599911093712,0.09143999963998795,0.0;1.0,0.0,0.0,0.0
1.4;-0.03840479999780655,0.09143999963998795,0.0;1.0,0.0,0.0,0.0
1.42;-0.04023360460996628,0.09143999963998795,0.0;1.0,0.0,0.0,0.0
1.44;-0.04206240177154541,0.09143999963998795,0.0;1.0,0.0,0.0,0.0
1.46;-0.04389120265841484,0.09143999963998795,0.0;1.0,0.0,0.0,0.0
1.48;-0.04572000354528427,0.09143999963998795,0.0;1.0,0.0,0.0,0.0
1.5;-0.0475488007068634,0.09143999963998795,0.0;1.0,0.0,0.0,0.0
1.52;-0.049377601593732834,0.09143999963998795,0.0;1.0,0.0,0.0,0.0
1.54;-0.051206402480602264,0.09143999963998795,0.0;1.0,0.0,0.0,0.0
1.56;-0.053035199642181396,0.09143999963998795,0.0;1.0,0.0,0.0,0.0
1.58;-0.05486399680376053,0.09143999963998795,0.0;1.0,0.0,0.0,0.0
1.6;-0.05669280141592026,0.09143999963998795,0.0;1.0,0.0,0.0,0.0
1.62;-0.05852159857749939,0.09143999963998795,0.0;1.0,0.0,0.0,0.0
1.64;-0.06035039946436882,0.09143999963998795,0.0;1.0,0.0,0.0,0.0
1.66;-0.06217920035123825,0.09143999963998795,0.0;1.0,0.0,0.0,0.0
1.68;-0.06400800496339798,0.09143999963998795,0.0;1.0,0.0,0.0,0.0
1.7;-0.06583680212497711,0.09143999963998795,0.0;1.0,0.0,0.0,0.0
1.72;-0.06766560673713684,0.09143999963998795,0.0;1.0,0.0,0.0,0.0
1.74;-0.06949440389871597,0.09143999963998795,0.0;1.0,0.0,0.0,0.0
1.76;-0.0713232010602951,0.09143999963998795,0.0;1.0,0.0,0.0,0.0
1.78;-0.07315200567245483,0.09143999963998795,0.0;1.0,0.0,0.0,0.0
1.8;-0.07498079538345337,0.09143999963998795,0.0;1.0,0.0,0.0,0.0
1.82;-0.0768095925450325,0.09143999963998795,0.0;1.0,0.0,0.0,0.0
1.84;-0.07863839715719223,0.09143999963998795,0.0;1.0,0.0,0.0,0.0
1.86;-0.08046720176935196,0.09143999963998795,0.0;1.0,0.0,0.0,0.0
1.88;-0.08229599893093109,0.09143999963998795,0.0;1.0,0.0,0.0,0.0
1.9;-0.08412480354309082,0.09143999963998795,0.0;1.0,0.0,0.0,0.0
1.92;-0.08595360070466995,0.09143999963998795,0.0;1.0,0.0,0.0,0.0
1.94;-0.08778239786624908,0.09143999963998795,0.0;1.0,0.0,0.0,0.0
1.96;-0.08961120247840881,0.09143999963998795,0.0;1.0,0.0,0.0,0.0
1.98;-0.09143999963998795,0.09143999963998795,0.0;1.0,0.0,0.0,0.0
2.0;-0.09326879680156708,0.09143999963998795,0.0;1.0,0.0,0.0,0.0
2.02;-0.09509759396314621,0.09143999963998795,0.0;1.0,0.0,0.0,0.0
2.04;-0.09692639112472534,0.09143999963998795,0.0;1.0,0.0,0.0,0.0
2.06;-0.09875520318746567,0.09143999963998795,0.0;1.0,0.0,0.0,0.0
2.08;-0.1005840003490448,0.09143999963998795,0.0;1.0,0.0,0.0,0.0
2.1;-0.10241279751062393,0.09143999963998795,0.0;1.0,0.0,0.0,0.0
2.12;-0.10424160212278366,0.09143999963998795,0.0;1.0,0.0,0.0,0.0
2.14;-0.10607039928436279,0.09143999963998795,0.0;1.0,0.0,0.0,0.0
2.16;-0.10789919644594193,0.09143999963998795,0.0;1.0,0.0,0.0,0.0
2.18;-0.10972800850868225,0.09143999963998795,0.0;1.0,0.0,0.0,0.0
2.2;-0.11155680567026138,0.09143999963998795,0.0;1.0,0.0,0.0,0.0
2.22;-0.11338560283184052,0.09143999963998795,0.0;1.0,0.0,0.0,0.0
2.24;-0.11521440744400024,0.09143999963998795,0.0;1.0,0.0,0.0,0.0
2.26;-0.11704320460557938,0.09143999963998795,0.0;1.0,0.0,0.0,0.0
2.28;-0.11887200176715851,0.09143999963998795,0.0;1.0,0.0,0.0,0.0
2.3;-0.12070081382989883,0.09143999963998795,0.0;1.0,0.0,0.0,0.0
2.32;-0.12252961099147797,0.09143999963998795,0.0;1.0,0.0,0.0,0.0
2.34;-0.1243584081530571,0.09143999963998795,0.0;1.0,0.0,0.0,0.0
2.36;-0.12618719041347504,0.09143999963998795,0.0;1.0,0.0,0.0,0.0
2.38;-0.12801599502563477,0.09143999963998795,0.0;1.0,0.0,0.0,0.0
2.4;-0.1298447847366333,0.09143999963998795,0.0;1.0,0.0,0.0,0.0
2.42;-0.13167360424995422,0.09143999963998795,0.0;1.0,0.0,0.0,0.0
2.44;-0.13350239396095276,0.09143999963998795,0.0;1.0,0.0,0.0,0.0
2.46;-0.1353311985731125,0.09143999963998795,0.0;1.0,0.0,0.0,0.0
2.48;-0.13715998828411102,0.09143999963998795,0.0;1.0,0.0,0.0,0.0
2.5;-0.13898879289627075,0.09143999963998795,0.0;1.0,0.0,0.0,0.0
2.52;-0.14081759750843048,0.09143999963998795,0.0;1.0,0.0,0.0,0.0
2.54;-0.1426464021205902,0.09143999963998795,0.0;1.0,0.0,0.0,0.0
2.56;-0.14447520673274994,0.09143999963998795,0.0;1.0,0.0,0.0,0.0
2.58;-0.14630401134490967,0.09143999963998795,0.0;1.0,0.0,0.0,0.0
2.6;-0.1481328159570694,0.09143999963998795,0.0;1.0,0.0,0.0,0.0
2.62;-0.14996160566806793,0.09143999963998795,0.0;1.0,0.0,0.0,0.0
2.64;-0.15179041028022766,0.09143999963998795,0.0;1.0,0.0,0.0,0.0
2.66;-0.1536192148923874,0.09143999963998795,0.0;1.0,0.0,0.0,0.0
2.68;-0.15544801950454712,0.09143999963998795,0.0;1.0,0.0,0.0,0.0
2.7;-0.15727680921554565,0.09143999963998795,0.0;1.0,0.0,0.0,0.0
2.72;-0.15910561382770538,0.09143999963998795,0.0;1.0,0.0,0.0,0.0
2.74;-0.1609344184398651,0.09143999963998795,0.0;1.0,0.0,0.0,0.0
2.76;-0.16276320815086365,0.09143999963998795,0.0;1.0,0.0,0.0,0.0
2.78;-0.16459201276302338,0.09143999963998795,0.0;1.0,0.0,0.0,0.0
2.8;-0.1664208173751831,0.09143999963998795,0.0;1.0,0.0,0.0,0.0
2.82;-0.16824962198734283,0.09143999963998795,0.0;1.0,0.0,0.0,0.0
2.84;-0.17007841169834137,0.09143999963998795,0.0;1.0,0.0,0.0,0.0
2.86;-0.1719072163105011,0.09143999963998795,0.0;1.0,0.0,0.0,0.0
2.88;-0.17373600602149963,0.09143999963998795,0.0;1.0,0.0,0.0,0.0
2.9;-0.17556481063365936,0.09143999963998795,0.0;1.0,0.0,0.0,0.0
2.92;-0.1773936152458191,0.09143999963998795,0.0;1.0,0.0,0.0,0.0
2.94;-0.17922241985797882,0.09143999963998795,0.0;1.0,0.0,0.0,0.0
2.96;-0.18105120956897736,0.09143999963998795,0.0;1.0,0.0,0.0,0.0
2.98;-0.1828799992799759,0.09143999963998795,0.0;1.0,0.0,0.0,0.0
3.0;-0.1828799992799759,0.08959272503852844,0.0;1.0,0.0,0.0,0.0
3.02;-0.1828799992799759,0.08774545043706894,0.0;1.0,0.0,0.0,0.0
3.04;-0.1828799992799759,0.08589818328619003,0.0;1.0,0.0,0.0,0.0
3.06;-0.1828799992799759,0.08405090868473053,0.0;1.0,0.0,0.0,0.0
3.08;-0.1828799992799759,0.08220363408327103,0.0;1.0,0.0,0.0,0.0
3.1;-0.1828799992799759,0.08035635948181152,0.0;1.0,0.0,0.0,0.0
3.12;-0.1828799992799759,0.07850909233093262,0.0;1.0,0.0,0.0,0.0
3.14;-0.1828799992799759,0.07666181772947311,0.0;1.0,0.0,0.0,0.0
3.16;-0.1828799992799759,0.07481454312801361,0.0;1.0,0.0,0.0,0.0
3.18;-0.1828799992799759,0.07296726852655411,0.0;1.0,0.0,0.0,0.0
3.2;-0.1828799992799759,0.0711199939250946,0.0;1.0,0.0,0.0,0.0
3.22;-0.1828799992799759,0.0692727267742157,0.0;1.0,0.0,0.0,0.0
3.24;-0.1828799992799759,0.0674254521727562,0.0;1.0,0.0,0.0,0.0
3.26;-0.1828799992799759,0.06557817757129669,0.0;1.0,0.0,0.0,0.0
3.28;-0.1828799992799759,0.06373090296983719,0.0;1.0,0.0,0.0,0.0
3.3;-0.1828799992799759,0.06188363581895828,0.0;1.0,0.0,0.0,0.0
3.32;-0.1828799992799759,0.06003636121749878,0.0;1.0,0.0,0.0,0.0
3.34;-0.1828799992799759,0.058189086616039276,0.0;1.0,0.0,0.0,0.0
3.36;-0.1828799992799759,0.05634181573987007,0.0;1.0,0.0,0.0,0.0
3.38;-0.1828799992799759,0.05449454113841057,0.0;1.0,0.0,0.0,0.0
3.4;-0.1828799992799759,0.052647266536951065,0.0;1.0,0.0,0.0,0.0
3.42;-0.1828799992799759,0.05079999566078186,0.0;1.0,0.0,0.0,0.0
3.44;-0.1828799992799759,0.048952724784612656,0.0;1.0,0.0,0.0,0.0
3.46;-0.1828799992799759,0.04710545018315315,0.0;1.0,0.0,0.0,0.0
3.48;-0.1828799992799759,0.04525817930698395,0.0;1.0,0.0,0.0,0.0
3.5;-0.1828799992799759,0.043410904705524445,0.0;1.0,0.0,0.0,0.0
3.52;-0.1828799992799759,0.04156363010406494,0.0;1.0,0.0,0.0,0.0
3.54;-0.1828799992799759,0.039716362953186035,0.0;1.0,0.0,0.0,0.0
3.56;-0.1828799992799759,0.03786909207701683,0.0;1.0,0.0,0.0,0.0
3.58;-0.1828799992799759,0.03602181375026703,0.0;1.0,0.0,0.0,0.0
3.6;-0.1828799992799759,0.03417454659938812,0.0;1.0,0.0,0.0,0.0
3.62;-0.1828799992799759,0.03232727199792862,0.0;1.0,0.0,0.0,0.0
3.64;-0.1828799992799759,0.030479995533823967,0.0;1.0,0.0,0.0,0.0
3.66;-0.1828799992799759,0.028632724657654762,0.0;1.0,0.0,0.0,0.0
3.68;-0.1828799992799759,0.02678545005619526,0.0;1.0,0.0,0.0,0.0
3.7;-0.1828799992799759,0.024938177317380905,0.0;1.0,0.0,0.0,0.0
3.72;-0.1828799992799759,0.023090910166502,0.0;1.0,0.0,0.0,0.0
3.74;-0.1828799992799759,0.021243635565042496,0.0;1.0,0.0,0.0,0.0
3.76;-0.1828799992799759,0.019396360963582993,0.0;1.0,0.0,0.0,0.0
3.78;-0.1828799992799759,0.01754908449947834,0.0;1.0,0.0,0.0,0.0
3.8;-0.1828799992799759,0.015701809898018837,0.0;1.0,0.0,0.0,0.0
3.82;-0.1828799992799759,0.013854536227881908,0.0;1.0,0.0,0.0,0.0
3.84;-0.1828799992799759,0.012007270008325577,0.0;1.0,0.0,0.0,0.0
3.86;-0.1828799992799759,0.010159995406866074,0.0;1.0,0.0,0.0,0.0
3.88;-0.1828799992799759,0.008312719874083996,0.0;1.0,0.0,0.0,0.0
3.9;-0.1828799992799759,0.006465453188866377,0.0;1.0,0.0,0.0,0.0
3.92;-0.1828799992799759,0.004618179053068161,0.0;1.0,0.0,0.0,0.0
3.94;-0.1828799992799759,0.002770904451608658,0.0;1.0,0.0,0.0,0.0
3.96;-0.1828799992799759,0.0009236372425220907,0.0;1.0,0.0,0.0,0.0
3.98;-0.1828799992799759,-0.0009236372425220907,0.0;1.0,0.0,0.0,0.0
4.0;-0.1828799992799759,-0.0027709119021892548,0.0;1.0,0.0,0.0,0.0
4.02;-0.1828799992799759,-0.004618186503648758,0.0;1.0,0.0,0.0,0.0
4.04;-0.1828799992799759,-0.006465460639446974,0.0;1.0,0.0,0.0,0.0
4.06;-0.1828799992799759,-0.008312735706567764,0.0;1.0,0.0,0.0,0.0
4.08;-0.1828799992799759,-0.010160010308027267,0.0;1.0,0.0,0.0,0.0
4.1;-0.1828799992799759,-0.012007269077003002,0.0;1.0,0.0,0.0,0.0
4.12;-0.1828799992799759,-0.013854543678462505,0.0;1.0,0.0,0.0,0.0
4.14;-0.1828799992799759,-0.015701819211244583,0.0;1.0,0.0,0.0,0.0
4.16;-0.1828799992799759,-0.017549093812704086,0.0;1.0,0.0,0.0,0.0
4.18;-0.1828799992799759,-0.019396375864744186,0.0;1.0,0.0,0.0,0.0
4.2;-0.1828799992799759,-0.02124364860355854,0.0;1.0,0.0,0.0,0.0
4.22;-0.1828799992799759,-0.02309090830385685,0.0;1.0,0.0,0.0,0.0
4.24;-0.1828799992799759,-0.024938182905316353,0.0;1.0,0.0,0.0,0.0
4.26;-0.1828799992799759,-0.026785457506775856,0.0;1.0,0.0,0.0,0.0
4.28;-0.1828799992799759,-0.02863273210823536,0.0;1.0,0.0,0.0,0.0
4.3;-0.1828799992799759,-0.030480006709694862,0.0;1.0,0.0,0.0,0.0
4.32;-0.1828799992799759,-0.03232727199792862,0.0;1.0,0.0,0.0,0.0
4.34;-0.1828799992799759,-0.03417454659938812,0.0;1.0,0.0,0.0,0.0
4.36;-0.1828799992799759,-0.03602181375026703,0.0;1.0,0.0,0.0,0.0
4.38;-0.1828799992799759,-0.03786909580230713,0.0;1.0,0.0,0.0,0.0
4.4;-0.1828799992799759,-0.039716362953186035,0.0;1.0,0.0,0.0,0.0
4.42;-0.1828799992799759,-0.041563648730516434,0.0;1.0,0.0,0.0,0.0
4.44;-0.1828799992799759,-0.04341091588139534,0.0;1.0,0.0,0.0,0.0
4.46;-0.1828799992799759,-0.045258183032274246,0.0;1.0,0.0,0.0,0.0
4.48;-0.1828799992799759,-0.047105465084314346,0.0;1.0,0.0,0.0,0.0
4.5;-0.1828799992799759,-0.048952728509902954,0.0;1.0,0.0,0.0,0.0
4.52;-0.1828799992799759,-0.050800010561943054,0.0;1.0,0.0,0.0,0.0
4.54;-0.1828799992799759,-0.05264727771282196,0.0;1.0,0.0,0.0,0.0
4.56;-0.1828799992799759,-0.05449454486370087,0.0;1.0,0.0,0.0,0.0
4.58;-0.1828799992799759,-0.05634182691574097,0.0;1.0,0.0,0.0,0.0
4.6;-0.1828799992799759,-0.05818909406661987,0.0;1.0,0.0,0.0,0.0
4.62;-0.1828799992799759,-0.06003637611865997,0.0;1.0,0.0,0.0,0.0
4.64;-0.1828799992799759,-0.06188364326953888,0.0;1.0,0.0,0.0,0.0
4.66;-0.1828799992799759,-0.06373092532157898,0.0;1.0,0.0,0.0,0.0
4.68;-0.1828799992799759,-0.06557817757129669,0.0;1.0,0.0,0.0,0.0
4.7;-0.1828799992799759,-0.06742545962333679,0.0;1.0,0.0,0.0,0.0
4.72;-0.1828799992799759,-0.0692727267742157,0.0;1.0,0.0,0.0,0.0
4.74;-0.1828799992799759,-0.0711200088262558,0.0;1.0,0.0,0.0,0.0
4.76;-0.1828799992799759,-0.0729672759771347,0.0;1.0,0.0,0.0,0.0
4.78;-0.1828799992799759,-0.0748145654797554,0.0;1.0,0.0,0.0,0.0
4.8;-0.1828799992799759,-0.07666182518005371,0.0;1.0,0.0,0.0,0.0
4.82;-0.1828799992799759,-0.07850909233093262,0.0;1.0,0.0,0.0,0.0
4.84;-0.1828799992799759,-0.08035637438297272,0.0;1.0,0.0,0.0,0.0
4.86;-0.1828799992799759,-0.08220364153385162,0.0;1.0,0.0,0.0,0.0
4.88;-0.1828799992799759,-0.08405092358589172,0.0;1.0,0.0,0.0,0.0
4.9;-0.1828799992799759,-0.08589819073677063,0.0;1.0,0.0,0.0,0.0
4.92;-0.1828799992799759,-0.08774545788764954,0.0;1.0,0.0,0.0,0.0
4.94;-0.1828799992799759,-0.08959272503852844,0.0;1.0,0.0,0.0,0.0
4.96;-0.1828799992799759,-0.09143999963998795,0.0;1.0,0.0,0.0,0.0
4.98;-0.1810692995786667,-0.09143999963998795,0.0;1.0,0.0,0.0,0.0
5.0;-0.17925861477851868,-0.09143999963998795,0.0;1.0,0.0,0.0,0.0
5.02;-0.17744791507720947,-0.09143999963998795,0.0;1.0,0.0,0.0,0.0
5.04;-0.17563723027706146,-0.09143999963998795,0.0;1.0,0.0,0.0,0.0
5.06;-0.17382653057575226,-0.09143999963998795,0.0;1.0,0.0,0.0,0.0
5.08;-0.17201583087444305,-0.09143999963998795,0.0;1.0,0.0,0.0,0.0
5.1;-0.17020514607429504,-0.09143999963998795,0.0;1.0,0.0,0.0,0.0
5.12;-0.16839444637298584,-0.09143999963998795,0.0;1.0,0.0,0.0,0.0
5.14;-0.16658376157283783,-0.09143999963998795,0.0;1.0,0.0,0.0,0.0
5.16;-0.16477306187152863,-0.09143999963998795,0.0;1.0,0.0,0.0,0.0
5.18;-0.16296237707138062,-0.09143999963998795,0.0;1.0,0.0,0.0,0.0
5.2;-0.1611516773700714,-0.09143999963998795,0.0;1.0,0.0,0.0,0.0
5.22;-0.1593409776687622,-0.09143999963998795,0.0;1.0,0.0,0.0,0.0
5.24;-0.1575302928686142,-0.09143999963998795,0.0;1.0,0.0,0.0,0.0
5.26;-0.155719593167305,-0.09143999963998795,0.0;1.0,0.0,0.0,0.0
5.28;-0.15390890836715698,-0.09143999963998795,0.0;1.0,0.0,0.0,0.0
5.3;-0.15209820866584778,-0.09143999963998795,0.0;1.0,0.0,0.0,0.0
5.32;-0.15028750896453857,-0.09143999963998795,0.0;1.0,0.0,0.0,0.0
5.34;-0.14847682416439056,-0.09143999963998795,0.0;1.0,0.0,0.0,0.0
5.36;-0.14666612446308136,-0.09143999963998795,0.0;1.0,0.0,0.0,0.0
5.38;-0.14485543966293335,-0.09143999963998795,0.0;1.0,0.0,0.0,0.0
5.4;-0.14304473996162415,-0.09143999963998795,0.0;1.0,0.0,0.0,0.0
5.42;-0.14123405516147614,-0.09143999963998795,0.0;1.0,0.0,0.0,0.0
5.44;-0.13942335546016693,-0.09143999963998795,0.0;1.0,0.0,0.0,0.0
5.46;-0.13761267066001892,-0.09143999963998795,0.0;1.0,0.0,0.0,0.0
5.48;-0.13580197095870972,-0.09143999963998795,0.0;1.0,0.0,0.0,0.0
5.5;-0.1339912712574005,-0.09143999963998795,0.0;1.0,0.0,0.0,0.0
5.52;-0.1321805864572525,-0.09143999963998795,0.0;1.0,0.0,0.0,0.0
5.54;-0.1303698867559433,-0.09143999963998795,0.0;1.0,0.0,0.0,0.0
5.56;-0.1285592019557953,-0.09143999963998795,0.0;1.0,0.0,0.0,0.0
5.58;-0.12674850225448608,-0.09143999963998795,0.0;1.0,0.0,0.0,0.0
5.6;-0.12493781745433807,-0.09143999963998795,0.0;1.0,0.0,0.0,0.0
5.62;-0.12312711775302887,-0.09143999963998795,0.0;1.0,0.0,0.0,0.0
5.64;-0.12131642550230026,-0.09143999963998795,0.0;1.0,0.0,0.0,0.0
5.66;-0.11950573325157166,-0.09143999963998795,0.0;1.0,0.0,0.0,0.0
5.68;-0.11769504100084305,-0.09143999963998795,0.0;1.0,0.0,0.0,0.0
5.7;-0.11588434875011444,-0.09143999963998795,0.0;1.0,0.0,0.0,0.0
5.72;-0.11407365649938583,-0.09143999963998795,0.0;1.0,0.0,0.0,0.0
5.74;-0.11226296424865723,-0.09143999963998795,0.0;1.0,0.0,0.0,0.0
5.76;-0.11045227199792862,-0.09143999963998795,0.0;1.0,0.0,0.0,0.0
5.78;-0.10864157229661942,-0.09143999963998795,0.0;1.0,0.0,0.0,0.0
5.8;-0.1068308874964714,-0.09143999963998795,0.0;1.0,0.0,0.0,0.0
5.82;-0.1050201952457428,-0.09143999963998795,0.0;1.0,0.0,0.0,0.0
5.84;-0.10320950299501419,-0.09143999963998795,0.0;1.0,0.0,0.0,0.0
5.86;-0.10139881074428558,-0.09143999963998795,0.0;1.0,0.0,0.0,0.0
5.88;-0.09958811849355698,-0.09143999963998795,0.0;1.0,0.0,0.0,0.0
5.9;-0.09777742624282837,-0.09143999963998795,0.0;1.0,0.0,0.0,0.0
5.92;-0.09596673399209976,-0.09143999963998795,0.0;1.0,0.0,0.0,0.0
5.94;-0.09415604174137115,-0.09143999963998795,0.0;1.0,0.0,0.0,0.0
5.96;-0.09234534949064255,-0.09143999963998795,0.0;1.0,0.0,0.0,0.0
5.98;-0.09053464978933334,-0.09143999963998795,0.0;1.0,0.0,0.0,0.0
6.0;-0.08872395753860474,-0.09143999963998795,0.0;1.0,0.0,0.0,0.0
6.02;-0.08691326528787613,-0.09143999963998795,0.0;1.0,0.0,0.0,0.0
6.04;-0.08510257303714752,-0.09143999963998795,0.0;1.0,0.0,0.0,0.0
6.06;-0.08329188078641891,-0.09143999963998795,0.0;1.0,0.0,0.0,0.0
6.08;-0.08148118108510971,-0.09143999963998795,0.0;1.0,0.0,0.0,0.0
6.1;-0.0796704888343811,-0.09143999963998795,0.0;1.0,0.0,0.0,0.0
6.12;-0.0778597965836525,-0.09143999963998795,0.0;1.0,0.0,0.0,0.0
6.14;-0.07604910433292389,-0.09143999963998795,0.0;1.0,0.0,0.0,0.0
6.16;-0.07423841208219528,-0.09143999963998795,0.0;1.0,0.0,0.0,0.0
6.18;-0.07242771983146667,-0.09143999963998795,0.0;1.0,0.0,0.0,0.0
6.2;-0.07061702758073807,-0.09143999963998795,0.0;1.0,0.0,0.0,0.0
6.22;-0.06880633533000946,-0.09143999963998795,0.0;1.0,0.0,0.0,0.0
6.24;-0.06699563562870026,-0.09143999963998795,0.0;1.0,0.0,0.0,0.0
6.26;-0.06518494337797165,-0.09143999963998795,0.0;1.0,0.0,0.0,0.0
6.28;-0.06337425112724304,-0.09143999963998795,0.0;1.0,0.0,0.0,0.0
6.3;-0.06156356632709503,-0.09143999963998795,0.0;1.0,0.0,0.0,0.0
6.32;-0.059752874076366425,-0.09143999963998795,0.0;1.0,0.0,0.0,0.0
6.34;-0.05794218182563782,-0.09143999963998795,0.0;1.0,0.0,0.0,0.0
6.36;-0.05613148957490921,-0.09143999963998795,0.0;1.0,0.0,0.0,0.0
6.38;-0.054320789873600006,-0.09143999963998795,0.0;1.0,0.0,0.0,0.0
6.4;-0.052510105073451996,-0.09143999963998795,0.0;1.0,0.0,0.0,0.0
6.42;-0.05069940164685249,-0.09143999963998795,0.0;1.0,0.0,0.0,0.0
6.44;-0.04888871684670448,-0.09143999963998795,0.0;1.0,0.0,0.0,0.0
6.46;-0.04707801714539528,-0.09143999963998795,0.0;1.0,0.0,0.0,0.0
6.48;-0.04526733234524727,-0.09143999963998795,0.0;1.0,0.0,0.0,0.0
6.5;-0.043456632643938065,-0.09143999963998795,0.0;1.0,0.0,0.0,0.0
6.52;-0.04164595156908035,-0.09143999963998795,0.0;1.0,0.0,0.0,0.0
6.54;-0.03983525186777115,-0.09143999963998795,0.0;1.0,0.0,0.0,0.0
6.56;-0.03802456706762314,-0.09143999963998795,0.0;1.0,0.0,0.0,0.0
6.58;-0.03621385246515274,-0.09143999963998795,0.0;1.0,0.0,0.0,0.0
6.6;-0.03440316766500473,-0.09143999963998795,0.0;1.0,0.0,0.0,0.0
6.62;-0.032592467963695526,-0.09143999963998795,0.0;1.0,0.0,0.0,0.0
6.64;-0.030781781300902367,-0.09143999963998795,0.0;1.0,0.0,0.0,0.0
6.66;-0.028971081599593163,-0.09143999963998795,0.0;1.0,0.0,0.0,0.0
6.68;-0.0271603986620903,-0.09143999963998795,0.0;1.0,0.0,0.0,0.0
6.7;-0.025349698960781097,-0.09143999963998795,0.0;1.0,0.0,0.0,0.0
6.72;-0.023539014160633087,-0.09143999963998795,0.0;1.0,0.0,0.0,0.0
6.74;-0.021728314459323883,-0.09143999963998795,0.0;1.0,0.0,0.0,0.0
6.76;-0.019917629659175873,-0.09143999963998795,0.0;1.0,0.0,0.0,0.0
6.78;-0.01810692995786667,-0.09143999963998795,0.0;1.0,0.0,0.0,0.0
6.8;-0.016296230256557465,-0.09143999963998795,0.0;1.0,0.0,0.0,0.0
6.82;-0.014485545456409454,-0.09143999963998795,0.0;1.0,0.0,0.0,0.0
6.84;-0.01267484575510025,-0.09143999963998795,0.0;1.0,0.0,0.0,0.0
6.86;-0.01086416095495224,-0.09143999963998795,0.0;1.0,0.0,0.0,0.0
6.88;-0.009053461253643036,-0.09143999963998795,0.0;1.0,0.0,0.0,0.0
6.9;-0.007242761552333832,-0.09143999963998795,0.0;1.0,0.0,0.0,0.0
6.92;-0.0054320767521858215,-0.09143999963998795,0.0;1.0,0.0,0.0,0.0
6.94;-0.0036213770508766174,-0.09143999963998795,0.0;1.0,0.0,0.0,0.0
6.96;-0.0018106922507286072,-0.09143999963998795,0.0;1.0,0.0,0.0,0.0
6.98;0.0,-0.09143999963998795,0.0;1.0,0.0,0.0,0.0
7.0;0.0,-0.08961119502782822,0.0;1.0,0.0,0.0,0.0
7.02;0.0,-0.08778239786624908,0.0;1.0,0.0,0.0,0.0
7.04;0.0,-0.08595359325408936,0.0;1.0,0.0,0.0,0.0
7.06;0.0,-0.08412479609251022,0.0;1.0,0.0,0.0,0.0
7.08;0.0,-0.0822959914803505,0.0;1.0,0.0,0.0,0.0
7.1;0.0,-0.08046719431877136,0.0;1.0,0.0,0.0,0.0
7.12;0.0,-0.07863838970661163,0.0;1.0,0.0,0.0,0.0
7.14;0.0,-0.0768095925450325,0.0;1.0,0.0,0.0,0.0
7.16;0.0,-0.07498079538345337,0.0;1.0,0.0,0.0,0.0
7.18;0.0,-0.07315199077129364,0.0;1.0,0.0,0.0,0.0
7.2;0.0,-0.07132319360971451,0.0;1.0,0.0,0.0,0.0
7.22;0.0,-0.06949439644813538,0.0;1.0,0.0,0.0,0.0
7.24;0.0,-0.06766559183597565,0.0;1.0,0.0,0.0,0.0
7.26;0.0,-0.06583679467439651,0.0;1.0,0.0,0.0,0.0
7.28;0.0,-0.06400799751281738,0.0;1.0,0.0,0.0,0.0
7.3;0.0,-0.062179192900657654,0.0;1.0,0.0,0.0,0.0
7.32;0.0,-0.06035039573907852,0.0;1.0,0.0,0.0,0.0
7.34;0.0,-0.05852159485220909,0.0;1.0,0.0,0.0,0.0
7.36;0.0,-0.05669279396533966,0.0;1.0,0.0,0.0,0.0
7.38;0.0,-0.05486399307847023,0.0;1.0,0.0,0.0,0.0
7.4;0.0,-0.053035199642181396,0.0;1.0,0.0,0.0,0.0
7.42;0.0,-0.051206398755311966,0.0;1.0,0.0,0.0,0.0
7.44;0.0,-0.049377597868442535,0.0;1.0,0.0,0.0,0.0
7.46;0.0,-0.047548796981573105,0.0;1.0,0.0,0.0,0.0
7.48;0.0,-0.04571999981999397,0.0;1.0,0.0,0.0,0.0
7.5;0.0,-0.04389120265841484,0.0;1.0,0.0,0.0,0.0
7.52;0.0,-0.04206240177154541,0.0;1.0,0.0,0.0,0.0
7.54;0.0,-0.04023360088467598,0.0;1.0,0.0,0.0,0.0
7.56;0.0,-0.03840479999780655,0.0;1.0,0.0,0.0,0.0
7.58;0.0,-0.03657600283622742,0.0;1.0,0.0,0.0,0.0
7.6;0.0,-0.034747205674648285,0.0;1.0,0.0,0.0,0.0
7.62;0.0,-0.03291839733719826,0.0;1.0,0.0,0.0,0.0
7.64;0.0,-0.031089600175619125,0.0;1.0,0.0,0.0,0.0
7.66;0.0,-0.029260803014039993,0.0;1.0,0.0,0.0,0.0
7.68;0.0,-0.02743200585246086,0.0;1.0,0.0,0.0,0.0
7.7;0.0,-0.025603201240301132,0.0;1.0,0.0,0.0,0.0
7.72;0.0,-0.02377440221607685,0.0;1.0,0.0,0.0,0.0
7.74;0.0,-0.02194560505449772,0.0;1.0,0.0,0.0,0.0
7.76;0.0,-0.02011680230498314,0.0;1.0,0.0,0.0,0.0
7.78;0.0,-0.018288005143404007,0.0;1.0,0.0,0.0,0.0
7.8;0.0,-0.016459200531244278,0.0;1.0,0.0,0.0,0.0
7.82;0.0,-0.014630402438342571,0.0;1.0,0.0,0.0,0.0
7.84;0.0,-0.012801598757505417,0.0;1.0,0.0,0.0,0.0
7.86;0.0,-0.010972801595926285,0.0;1.0,0.0,0.0,0.0
7.88;0.0,-0.009143996983766556,0.0;1.0,0.0,0.0,0.0
7.9;0.0,-0.007315199822187424,0.0;1.0,0.0,0.0,0.0
7.92;0.0,-0.005486395210027695,0.0;1.0,0.0,0.0,0.0
7.94;0.0,-0.0036575980484485626,0.0;1.0,0.0,0.0,0.0
7.96;0.0,-0.0018288008868694305,0.0;1.0,0.0,0.0,0.0
7.98;0.0,0.0,0.0;1.0,0.0,0.0,0.0
