5.892217450309545e-05,-0.48383209109306335,0.05314317345619202
0.056754130870103836,-0.468766987323761,0.05113908648490906
0.0982547327876091,-0.4276084899902344,0.04575410857796669
0.11344069987535477,-0.37138503789901733,0.038431134074926376
0.09824295341968536,-0.3151615560054779,0.031132351607084274
0.05673372000455856,-0.27400317788124084,0.02581346593797207
3.535330688464455e-05,-0.2589382529258728,0.023899665102362633
-0.056659847497940063,-0.2740033268928528,0.02590375579893589
-0.09816046059131622,-0.3151618242263794,0.03128873556852341
-0.11334642022848129,-0.3713853061199188,0.03861171007156372
-0.09814867377281189,-0.42760875821113586,0.04591049253940582
-0.05663943663239479,-0.46876707673072815,0.05122937634587288
-3.4701479467713625e-09,-0.48856469988822937,-0.0208684541285038
0.056696780025959015,-0.47337278723716736,-0.0208894032984972
0.0982017070055008,-0.4318678379058838,-0.020856359973549843
0.11339356005191803,-0.37517112493515015,-0.020778171718120575
0.0982017070055008,-0.3184744119644165,-0.020675789564847946
0.05669678375124931,-0.2769695818424225,-0.02057664841413498
-2.0807686684776172e-09,-0.2617778182029724,-0.020507313311100006
-0.05669678375124931,-0.2769697308540344,-0.020486358553171158
-0.0982017070055008,-0.318474680185318,-0.020519401878118515
-0.11339356750249863,-0.37517139315605164,-0.020597591996192932
-0.0982017070055008,-0.4318681061267853,-0.02069997414946556
-0.05669678375124931,-0.4733729064464569,-0.020799115300178528
-5.892926856176928e-05,-0.4835963547229767,-0.09486489742994308
0.05663943290710449,-0.4685375690460205,-0.09290312230587006
0.09814867377281189,-0.427396297454834,-0.08745316416025162
0.1133464127779007,-0.3711964190006256,-0.07997532933950424
0.09816046059131622,-0.31499654054641724,-0.07247330248355865
0.056659847497940063,-0.27385541796684265,-0.0669572502374649
-3.535756331984885e-05,-0.2587968111038208,-0.06490518152713776
-0.05673372000455856,-0.2738555669784546,-0.06686695665121078
-0.09824295341968536,-0.3149968087673187,-0.07231691479682922
-0.11344069987535477,-0.3711966872215271,-0.0797947496175766
-0.0982547402381897,-0.4273965656757355,-0.08729677647352219
-0.056754130870103836,-0.46853765845298767,-0.09281283617019653
-0.00011684656783472747,-0.4690120816230774,-0.1675795167684555
0.05658306926488876,-0.45434412360191345,-0.1636693924665451
0.09809654951095581,-0.4142704904079437,-0.15289632976055145
0.11330008506774902,-0.3595290780067444,-0.1381470412015915
0.09811992198228836,-0.30478760600090027,-0.12337354570627213
0.05662354454398155,-0.2647141218185425,-0.11253441125154495
-7.010794070083648e-05,-0.2500462234020233,-0.10853396356105804
-0.056770019233226776,-0.2647143006324768,-0.11244411766529083
-0.09828349202871323,-0.30478787422180176,-0.1232171580195427
-0.11348703503608704,-0.3595293462276459,-0.13796646893024445
-0.09830686450004578,-0.4142707586288452,-0.15273994207382202
-0.05681049823760986,-0.4543442130088806,-0.1635790914297104
-0.0001727648195810616,-0.4450613558292389,-0.23776869475841522
0.05652864649891853,-0.4310351014137268,-0.23197785019874573
0.09804622083902359,-0.39271482825279236,-0.21606658399105072
0.1132553443312645,-0.34036844968795776,-0.1942983716726303
0.09808076918125153,-0.2880220115184784,-0.17250597476959229
0.05658849701285362,-0.2497018724679947,-0.15652865171432495
-0.00010365886555518955,-0.23567576706409454,-0.15064746141433716
-0.056805070489645004,-0.24970203638076782,-0.15643835067749023
-0.09832264482975006,-0.2880222797393799,-0.17234958708286285
-0.11353176832199097,-0.34036871790885925,-0.19411781430244446
-0.098357193171978,-0.39271509647369385,-0.2159101963043213
-0.056864913552999496,-0.43103528022766113,-0.2318875789642334
-0.00022572680609300733,-0.41215410828590393,-0.3042309582233429
0.056477103382349014,-0.3990096151828766,-0.2966592609882355
0.09799855202436447,-0.3630983233451843,-0.27588266134262085
0.11321297287940979,-0.3140426576137543,-0.24746820330619812
0.09804370254278183,-0.2649869918823242,-0.21902956068515778
0.05655530095100403,-0.22907575964927673,-0.19818684458732605
-0.00013543605746235698,-0.2159314602613449,-0.19052483141422272
-0.0568382628262043,-0.22907592356204987,-0.19809654355049133
-0.09835971146821976,-0.2649872601032257,-0.21887317299842834
-0.11357414722442627,-0.31404295563697815,-0.24728763103485107
-0.09840486198663712,-0.3630985915660858,-0.2757262587547302
-0.056916456669569016,-0.3990097641944885,-0.29656898975372314
-0.0002748266560956836,-0.3708531856536865,-0.36582955718040466
0.05642931908369064,-0.3588153123855591,-0.3566073477268219
0.09795436263084412,-0.3259274363517761,-0.3313214182853699
0.1131737008690834,-0.28100189566612244,-0.296747088432312
0.09800933301448822,-0.23607632517814636,-0.2621486485004425
0.056524522602558136,-0.20318858325481415,-0.2367965430021286
-0.00016489600238855928,-0.19115088880062103,-0.22748398780822754
-0.05686904489994049,-0.2031887173652649,-0.23670627176761627
-0.09839408099651337,-0.23607659339904785,-0.2619922459125519
-0.11361342668533325,-0.2810021638870239,-0.29656654596328735
-0.09844905138015747,-0.3259277045726776,-0.33116501569747925
-0.056964240968227386,-0.358815461397171,-0.35651707649230957
-0.0003192242293152958,-0.3218652904033661,-0.4215104281902313
0.05638611316680908,-0.3111400604248047,-0.410796195268631
0.09791440516710281,-0.28183838725090027,-0.3814341127872467
0.11313817650079727,-0.2418115884065628,-0.34129175543785095
0.09797825664281845,-0.20178481936454773,-0.3011251389980316
0.056496694684028625,-0.17248322069644928,-0.2716969847679138
-0.00019153453467879444,-0.1617581695318222,-0.26089248061180115
-0.0568968690931797,-0.17248335480690002,-0.2716067135334015
-0.09842515736818314,-0.20178507268428802,-0.300968736410141
-0.11364893615245819,-0.2418118566274643,-0.3411111831665039
-0.09848900884389877,-0.28183865547180176,-0.3812777101993561
-0.057007450610399246,-0.311140239238739,-0.41070592403411865
-0.0003581595956347883,-0.26602891087532043,-0.4703204333782196
0.056348223239183426,-0.2567998766899109,-0.45829838514328003
0.09787936508655548,-0.23158565163612366,-0.425363153219223
0.11310703307390213,-0.19714249670505524,-0.3803398013114929
0.0979509949684143,-0.1626993715763092,-0.3352922201156616
0.0564722940325737,-0.1374852955341339,-0.3022908866405487
-0.0002148957719327882,-0.12825635075569153,-0.290178507566452
-0.05692127346992493,-0.13748542964458466,-0.3022006154060364
-0.09845241904258728,-0.1626996248960495,-0.335135817527771
-0.11368009448051453,-0.1971427947282791,-0.3801592290401459
-0.0985240489244461,-0.23158591985702515,-0.4252067804336548
-0.0570453479886055,-0.2568000257015228,-0.4582080841064453
-0.0003909667721018195,-0.20429930090904236,-0.5114248394966125
0.05631629377603531,-0.19672426581382751,-0.49830135703086853
0.09784983843564987,-0.17602896690368652,-0.4623571038246155
0.11308078467845917,-0.14775878190994263,-0.4132232964038849
0.09792803227901459,-0.11948862671852112,-0.3640653192996979
0.05645173043012619,-0.09879346191883087,-0.32805490493774414
-0.0002345800749026239,-0.09121856093406677,-0.3148411810398102
-0.056941837072372437,-0.09879361093044281,-0.3279646337032318
-0.098475381731987,-0.11948886513710022,-0.36390891671180725
-0.11370633542537689,-0.1477590799331665,-0.41304275393486023
-0.09855357557535172,-0.17602922022342682,-0.46220073103904724
-0.05707727372646332,-0.19672439992427826,-0.4982110559940338
-0.0004170845204498619,-0.13773229718208313,-0.5441203713417053
0.0562908761203289,-0.13194093108177185,-0.530120849609375
0.09782633185386658,-0.11611869186162949,-0.491783082485199
0.1130598932504654,-0.0945051982998848,-0.4393797218799591
0.09790974855422974,-0.0728917345404625,-0.38695216178894043
0.05643535405397415,-0.05706961080431938,-0.3485482633113861
-0.00025025071226991713,-0.05127836391329765,-0.33445844054222107
-0.05695820599794388,-0.05706975981593132,-0.3484579920768738
-0.09849366545677185,-0.0728919729590416,-0.3867957592010498
-0.11372723430395126,-0.09450548142194748,-0.43919914960861206
-0.09857708215713501,-0.11611893773078918,-0.49162670969963074
-0.057102687656879425,-0.1319410651922226,-0.5300305485725403
-0.0004360658349469304,-0.06746718287467957,-0.5678474307060242
0.05627240240573883,-0.06355854123830795,-0.5532121658325195
0.09780924767255783,-0.05288008973002434,-0.5131374597549438
0.11304470896720886,-0.03829310089349747,-0.45836135745048523
0.09789645671844482,-0.02370615303516388,-0.4035611152648926
0.05642345920205116,-0.013027792796492577,-0.363420307636261
-0.00026163950678892434,-0.009119301103055477,-0.34869468212127686
-0.056970108300447464,-0.013027937151491642,-0.36333003640174866
-0.09850695729255676,-0.023706398904323578,-0.40340471267700195
-0.1137424111366272,-0.03829338774085045,-0.4581807851791382
-0.09859415888786316,-0.052880339324474335,-0.5129810571670532
-0.0571211576461792,-0.06355869024991989,-0.5531218647956848
-0.0004475858004298061,0.005293556489050388,-0.5821999311447144
0.05626119300723076,0.007252572104334831,-0.5671800971031189
0.09779888391494751,0.012604577466845512,-0.5260547399520874
0.11303549259901047,0.019915493205189705,-0.4698433578014374
0.09788839519023895,0.027226369827985764,-0.4136078953742981
0.056416239589452744,0.03257826715707779,-0.3724164366722107
-0.0002685515210032463,0.034537144005298615,-0.35730624198913574
-0.056977324187755585,0.03257812559604645,-0.37232616543769836
-0.09851501882076263,0.027226123958826065,-0.41345152258872986
-0.11375162750482559,0.019915206357836723,-0.46966275572776794
-0.09860453009605408,0.01260432880371809,-0.5258983373641968
-0.05713237076997757,0.0072524286806583405,-0.5670897960662842
-0.0004514475876931101,0.07930538058280945,-0.5869326591491699
0.05625743418931961,0.07928125560283661,-0.5717859268188477
0.09779540449380875,0.07921521365642548,-0.5303141474723816
0.11303240060806274,0.07912494987249374,-0.47362953424453735
0.09788569062948227,0.07903464138507843,-0.4169207811355591
0.05641381815075874,0.07896850258111954,-0.37538284063339233
-0.00027086856425739825,0.07894424349069595,-0.3601458668708801
-0.056979745626449585,0.0789683535695076,-0.37529256939888
-0.09851772338151932,0.07903440296649933,-0.41676437854766846
-0.11375472694635391,0.07912465929985046,-0.4734489321708679
-0.09860800951719284,0.07921496778726578,-0.5301578044891357
-0.05713612958788872,0.07928110659122467,-0.5716956853866577
-0.00044758489821106195,0.15330186486244202,-0.5819642543792725
0.05626119300723076,0.1512949913740158,-0.5669507384300232
0.09779888391494751,0.1458120197057724,-0.5258426070213318
0.11303549259901047,0.1383221447467804,-0.4696548283100128
0.09788839519023895,0.13083218038082123,-0.4134429097175598
0.056416239589452744,0.12534911930561066,-0.3722686767578125
-0.00026855096803046763,0.1233421340584755,-0.35716482996940613
-0.056977324187755585,0.12534897029399872,-0.37217840552330017
-0.09851501882076263,0.13083192706108093,-0.4132865071296692
-0.11375162750482559,0.13832184672355652,-0.4694742262363434
-0.09860453009605408,0.1458117812871933,-0.5256862044334412
-0.05713237076997757,0.15129485726356506,-0.5668604373931885
-0.0004360640305094421,0.22601650655269623,-0.5673800110816956
0.05627240613102913,0.22206127643585205,-0.5527573227882385
0.09780924767255783,0.2112552374601364,-0.5127167701721191
0.11304470896720886,0.19649386405944824,-0.4579874873161316
0.09789646416902542,0.18173246085643768,-0.40323394536972046
0.05642345920205116,0.1709262877702713,-0.36312738060951233
-0.00026163842994719744,0.16697092354297638,-0.34841427206993103
-0.05697010084986687,0.17092615365982056,-0.363037109375
-0.09850694984197617,0.1817322075366974,-0.4030775725841522
-0.1137424111366272,0.19649356603622437,-0.45780688524246216
-0.09859415888786316,0.2112549990415573,-0.5125603675842285
-0.0571211576461792,0.2220611423254013,-0.5526670217514038
-0.00041708193020895123,0.29620546102523804,-0.543429434299469
0.0562908761203289,0.29036954045295715,-0.5294484496116638
0.09782633930444717,0.27442529797554016,-0.4911612570285797
0.1130598932504654,0.25264498591423035,-0.4388269782066345
0.09790975600481033,0.2308647334575653,-0.3864684998989105
0.05643535777926445,0.21492035686969757,-0.3481152057647705
-0.0002502491697669029,0.20908430218696594,-0.3340438902378082
-0.05695820599794388,0.21492022275924683,-0.3480249345302582
-0.09849365800619125,0.23086446523666382,-0.3863120973110199
-0.11372723430395126,0.25264471769332886,-0.4386464059352875
-0.09857707470655441,0.27442502975463867,-0.4910048842430115
-0.057102687656879425,0.2903693616390228,-0.5293581485748291
-0.0003909633669536561,0.3626680076122284,-0.5105221271514893
0.05631629750132561,0.3550511598587036,-0.49742281436920166
0.09784984588623047,0.3342415690422058,-0.46154460310935974
0.11308078467845917,0.30581504106521606,-0.41250112652778625
0.09792803972959518,0.27738848328590393,-0.3634333908557892
0.05645173043012619,0.2565787434577942,-0.32748904824256897
-0.00023457806673832238,0.24896180629730225,-0.31429949402809143
-0.056941837072372437,0.25657859444618225,-0.32739877700805664
-0.0984753742814064,0.27738821506500244,-0.36327698826789856
-0.11370633542537689,0.3058147728443146,-0.4123205542564392
-0.09855356812477112,0.3342413008213043,-0.4613882303237915
-0.05707726627588272,0.3550510108470917,-0.49733251333236694
-0.0003581553464755416,0.42426663637161255,-0.4692211151123047
0.056348223239183426,0.4149993062019348,-0.45722854137420654
0.09787936508655548,0.3896803557872772,-0.4243738055229187
0.11310703307390213,0.35509395599365234,-0.3794603645801544
0.0979509949684143,0.3205075263977051,-0.33452272415161133
0.0564722940325737,0.29518845677375793,-0.3016018271446228
-0.000214893210795708,0.28592100739479065,-0.28951892256736755
-0.05692126974463463,0.295188307762146,-0.3015115559101105
-0.09845241904258728,0.3205072581768036,-0.3343663215637207
-0.11368007957935333,0.35509368777275085,-0.3792797923088074
-0.0985240489244461,0.38968008756637573,-0.4242174029350281
-0.0570453405380249,0.4149991273880005,-0.4571382403373718
-0.00031921928166411817,0.4799472689628601,-0.42023351788520813
0.05638611689209938,0.46918797492980957,-0.40955352783203125
0.09791441261768341,0.4397929310798645,-0.3802849352359772
0.11313818395137787,0.39963847398757935,-0.3402702212333679
0.09797825664281845,0.3594839870929718,-0.30023133754730225
0.056496698409318924,0.3300887942314148,-0.27089664340019226
-0.00019153156608808786,0.3193293809890747,-0.2601263225078583
-0.056896861642599106,0.33008861541748047,-0.27080637216567993
-0.09842515736818314,0.3594837188720703,-0.3000749349594116
-0.11364893615245819,0.39963820576667786,-0.3400896489620209
-0.09848900139331818,0.439792662858963,-0.38012853264808655
-0.057007450610399246,0.46918785572052,-0.4094632565975189
-0.00027482130099087954,0.5287573933601379,-0.36439719796180725
0.05642932653427124,0.5166902542114258,-0.35521334409713745
0.09795437008142471,0.4837220013141632,-0.33003225922584534
0.1131737008690834,0.4386865198612213,-0.2956011891365051
0.09800933301448822,0.3936510384082794,-0.2611459493637085
0.056524526327848434,0.36068275570869446,-0.2358987033367157
-0.00016489280096720904,0.3486154079437256,-0.22662457823753357
-0.056869037449359894,0.36068257689476013,-0.23580843210220337
-0.09839408099651337,0.39365077018737793,-0.26098954677581787
-0.11361341178417206,0.4386862516403198,-0.2954206168651581
-0.09844904392957687,0.4837217926979065,-0.3298758566379547
-0.056964240968227386,0.5166901350021362,-0.3551230728626251
-0.0002257207379443571,0.5698621273040771,-0.30266711115837097
0.05647711083292961,0.5566935539245605,-0.29513731598854065
0.09799855947494507,0.5207162499427795,-0.27447518706321716
0.11321298032999039,0.47157031297683716,-0.24621710181236267
0.09804370999336243,0.4224243760108948,-0.21793484687805176
0.05655530467629433,0.3864469528198242,-0.19720663130283356
-0.0001354324194835499,0.37327826023101807,-0.18958652019500732
-0.0568382628262043,0.3864467740058899,-0.19711633026599884
-0.09835970401763916,0.4224241077899933,-0.21777845919132233
-0.11357414722442627,0.4715699851512909,-0.24603652954101562
-0.09840485453605652,0.5207160115242004,-0.27431878447532654
-0.056916456669569016,0.556693434715271,-0.2950470447540283
-0.00017275832942686975,0.6025575399398804,-0.23610039055347443
0.05652865394949913,0.5885128974914551,-0.2303542047739029
0.09804622828960419,0.5501421093940735,-0.21456508338451385
0.11325535178184509,0.4977266490459442,-0.19296370446681976
0.09808077663183212,0.44531112909317017,-0.17133812606334686
0.05658850073814392,0.4069402515888214,-0.1554829478263855
-0.00010365498746978119,0.39289548993110657,-0.14964646100997925
-0.05680506303906441,0.4069401025772095,-0.15539264678955078
-0.09832263737916946,0.4453108608722687,-0.17118175327777863
-0.11353176832199097,0.49772632122039795,-0.19278313219547272
-0.0983571857213974,0.5501418709754944,-0.21440869569778442
-0.0568649061024189,0.5885127782821655,-0.23026393353939056
-0.00011683999764500186,0.6262845396995544,-0.16583551466464996
0.05658307671546936,0.6116040945053101,-0.16197212040424347
0.09809655696153641,0.5714964270591736,-0.1513267159461975
0.11330009251832962,0.516708254814148,-0.13675183057785034
0.09811992198228836,0.46191999316215515,-0.12215273082256317
0.05662354826927185,0.4218122065067291,-0.11144127696752548
-7.010399713180959e-05,0.40713170170783997,-0.10748755931854248
-0.05677001178264618,0.4218120574951172,-0.11135098338127136
-0.09828349202871323,0.46191978454589844,-0.12199635058641434
-0.11348703503608704,0.5167078971862793,-0.1365712583065033
-0.09830685704946518,0.5714961886405945,-0.15117034316062927
-0.056810490787029266,0.6116039752960205,-0.16188181936740875
-5.892253102501854e-05,0.6406370997428894,-0.09307482838630676
0.05663944035768509,0.625572144985199,-0.09116101264953613
0.09814867377281189,0.5844137668609619,-0.08584210276603699
0.11334642022848129,0.5281903147697449,-0.0785432755947113
0.09816046804189682,0.47196680307388306,-0.07122025638818741
0.05665985122323036,0.4308083653450012,-0.06583523750305176
-3.535352516337298e-05,0.41574329137802124,-0.0638311430811882
-0.056733712553977966,0.4308082163333893,-0.06574494391679764
-0.09824294596910477,0.47196659445762634,-0.07106386870145798
-0.11344069987535477,0.528190016746521,-0.07836268842220306
-0.0982547327876091,0.5844135284423828,-0.08568572252988815
-0.05675412341952324,0.6255720257759094,-0.09107071906328201
3.5378018292675506e-09,0.645369827747345,-0.01906266249716282
0.05669678375124931,0.6301780343055725,-0.01913199946284294
0.09820171445608139,0.5886731743812561,-0.019231149926781654
0.11339356750249863,0.5319765210151672,-0.01933353953063488
0.09820171445608139,0.4752797484397888,-0.019411735236644745
0.05669678375124931,0.43377479910850525,-0.019444787874817848
2.1220210033590092e-09,0.41858288645744324,-0.019423838704824448
-0.056696780025959015,0.4337746500968933,-0.019354498013854027
-0.0982016995549202,0.4752795398235321,-0.019255349412560463
-0.11339356005191803,0.5319762229919434,-0.019152959808707237
-0.0982016995549202,0.5886729955673218,-0.019074762240052223
-0.056696780025959015,0.630177915096283,-0.01904171146452427
5.89291266805958e-05,0.6404014825820923,0.054933518171310425
0.05675413832068443,0.625342845916748,0.052881453186273575
0.0982547402381897,0.5842016935348511,0.04736541584134102
0.11344069987535477,0.5280018448829651,0.039863407611846924
0.09824295341968536,0.47180187702178955,0.03238558769226074
0.05673372000455856,0.4306606650352478,0.026935642585158348
3.535747600835748e-05,0.415601909160614,0.02497386932373047
-0.056659843772649765,0.43066051602363586,0.02702593244612217
-0.09816046059131622,0.47180166840553284,0.03254197537899017
-0.11334642022848129,0.5280014872550964,0.04004398733377457
-0.09814867377281189,0.584201455116272,0.04752180352807045
-0.056639429181814194,0.6253427267074585,0.052971746772527695
5.892756598768756e-05,0.6405200362205505,0.3467674255371094
0.056754130870103836,0.6254581212997437,0.3487955629825592
0.0982547476887703,0.5843082666397095,0.3542460501194
0.11344069987535477,0.5280965566635132,0.3616585433483124
0.09824295341968536,0.4718848466873169,0.3690468668937683
0.05673372000455856,0.43073493242263794,0.3744312822818756
3.535652649588883e-05,0.41567304730415344,0.37636905908584595
-0.056659843772649765,0.43073490262031555,0.3743409812450409
-0.09816046804189682,0.4718848466873169,0.3688904643058777
-0.11334642767906189,0.5280965566635132,0.36147797107696533
-0.09814867377281189,0.5843083262443542,0.3540896475315094
-0.056639429181814194,0.6254581809043884,0.3487052321434021
2.640150598143265e-11,0.645370602607727,0.42077144980430603
0.05669678747653961,0.6301786303520203,0.4208166003227234
0.0982017070055008,0.5886736512184143,0.42084965109825134
0.11339356750249863,0.5319769382476807,0.42086172103881836
0.0982017070055008,0.47528013586997986,0.42084968090057373
0.05669678375124931,0.4337752163410187,0.4208166003227234
2.640150598143265e-11,0.41858333349227905,0.42077144980430603
-0.05669678375124931,0.4337751865386963,0.42072632908821106
-0.0982017070055008,0.47528013586997986,0.4206932485103607
-0.11339356750249863,0.5319769382476807,0.4206811785697937
-0.09820171445608139,0.5886737704277039,0.4206932485103607
-0.056696780025959015,0.6301787495613098,0.42072632908821106
-5.892763510928489e-05,0.6405200362205505,0.49477577209472656
0.05663943663239479,0.6254580616950989,0.49283793568611145
0.09814867377281189,0.5843082070350647,0.4874534606933594
0.11334642022848129,0.5280964970588684,0.48006513714790344
0.09816046804189682,0.4718847870826721,0.4726526439189911
0.056659847497940063,0.43073490262031555,0.4672021269798279
-3.5356581065570936e-05,0.41567301750183105,0.4651740491390228
-0.05673372000455856,0.43073487281799316,0.46711182594299316
-0.09824295341968536,0.4718847870826721,0.4724962115287781
-0.11344069987535477,0.5280964970588684,0.4798845946788788
-0.0982547402381897,0.5843083262443542,0.4872971475124359
-0.056754130870103836,0.6254581212997437,0.49274763464927673
-0.00011684688797686249,0.6260516047477722,0.5675134658813477
0.056583065539598465,0.6113773584365845,0.5636267066001892
0.09809654951095581,0.571286678314209,0.5529175400733948
0.11330009251832962,0.5165218114852905,0.5382553339004517
0.09811992198228836,0.4617568850517273,0.5235690474510193
0.05662354454398155,0.4216662049293518,0.512793779373169
-7.010814442764968e-05,0.40699195861816406,0.508816659450531
-0.056770019233226776,0.4216662049293518,0.5127034783363342
-0.09828349947929382,0.4617568850517273,0.5234127044677734
-0.11348703503608704,0.5165217518806458,0.538074791431427
-0.09830686450004578,0.5712867379188538,0.5527611374855042
-0.05681049823760986,0.611377477645874,0.5635364055633545
-0.0001727669732645154,0.60221266746521,0.6377406716346741
0.056528642773628235,0.5881771445274353,0.6319722533226013
0.098046213388443,0.5498315691947937,0.6161219477653503
0.11325535178184509,0.4974506199359894,0.5944371819496155
0.09808076918125153,0.4450696110725403,0.5727280974388123
0.05658849701285362,0.40672406554222107,0.5568118691444397
-0.00010366020433139056,0.3926885426044464,0.5509529709815979
-0.056805070489645004,0.4067240059375763,0.556721568107605
-0.09832264482975006,0.4450695812702179,0.5725717544555664
-0.11353178322315216,0.4974506199359894,0.594256579875946
-0.0983572006225586,0.5498316287994385,0.6159656047821045
-0.05686492100358009,0.5881772637367249,0.6318819522857666
-0.00022573092428501695,0.5694113373756409,0.7042553424835205
0.056477099657058716,0.5562547445297241,0.6967045068740845
0.09799855202436447,0.5203104615211487,0.6759850978851318
0.11321298032999039,0.4712095558643341,0.647648811340332
0.09804370254278183,0.4221087098121643,0.6192883253097534
0.05655529722571373,0.3861643373966217,0.5985028743743896
-0.00013543851673603058,0.37300780415534973,0.5908617973327637
-0.0568382702767849,0.3861643075942993,0.5984125733375549
-0.09835971891880035,0.4221086800098419,0.6191319227218628
-0.11357414722442627,0.47120949625968933,0.6474682688713074
-0.09840486198663712,0.5203104615211487,0.6758286952972412
-0.05691646784543991,0.5562548637390137,0.6966142654418945
-0.00027483259327709675,0.5282084941864014,0.76591956615448
0.056429311633110046,0.5161559581756592,0.7567164897918701
0.09795435518026352,0.4832279086112976,0.7314829230308533
0.1131737008690834,0.4382472634315491,0.696980357170105
0.09800933301448822,0.3932667374610901,0.6624534130096436
0.05652451887726784,0.36033862829208374,0.637153685092926
-0.00016489952395204455,0.34828615188598633,0.6278603672981262
-0.05686904862523079,0.36033859848976135,0.6370633840560913
-0.09839408844709396,0.3932667076587677,0.6622970104217529
-0.11361344158649445,0.43824729323387146,0.6967996954917908
-0.09844905883073807,0.4832279086112976,0.7313265204429626
-0.05696424841880798,0.5161559581756592,0.7566261887550354
-0.00031923200003802776,0.4793093204498291,0.8216783404350281
0.056386109441518784,0.4685670733451843,0.8109811544418335
0.09791440516710281,0.4392186999320984,0.7816658020019531
0.11313818395137787,0.3991279602050781,0.7415872812271118
0.09797825664281845,0.359037309885025,0.7014843821525574
0.05649668723344803,0.3296888470649719,0.6721030473709106
-0.00019153911853209138,0.31894662976264954,0.6613156199455261
-0.0568968765437603,0.32968881726264954,0.6720127463340759
-0.09842516481876373,0.35903728008270264,0.7013280391693115
-0.11364895105361938,0.3991280198097229,0.7414066791534424
-0.09848901629447937,0.4392186403274536,0.781509518623352
-0.05700745806097984,0.4685671329498291,0.8108908534049988
-0.00035816890886053443,0.4235507845878601,0.8705771565437317
0.05634821206331253,0.41430261731147766,0.858569860458374
0.09787935763597488,0.38903599977493286,0.8256748914718628
0.11310703307390213,0.35452112555503845,0.7807064056396484
0.09795098751783371,0.3200063705444336,0.7357136607170105
0.0564722865819931,0.2947397232055664,0.7027525901794434
-0.00021490128710865974,0.2854914665222168,0.6906549334526062
-0.056921280920505524,0.2947397232055664,0.7026622891426086
-0.09845243394374847,0.3200063407421112,0.7355572581291199
-0.11368009448051453,0.35452115535736084,0.7805257439613342
-0.0985240638256073,0.3890359401702881,0.8255184888839722
-0.0570453517138958,0.4143025577068329,0.8584795594215393
-0.00039097751141525805,0.3618866801261902,0.9117798209190369
0.05631628260016441,0.35429078340530396,0.8986684083938599
0.09784983098506927,0.3335382342338562,0.8627572059631348
0.11308078467845917,0.3051898181438446,0.8136684894561768
0.09792802482843399,0.2768414616584778,0.7645555138587952
0.05645172297954559,0.2560889422893524,0.7285782098770142
-0.00023458652140107006,0.2484930008649826,0.7153764963150024
-0.05694184824824333,0.2560889422893524,0.7284879088401794
-0.0984753966331482,0.2768414616584778,0.7643991112709045
-0.11370635032653809,0.305189847946167,0.8134878873825073
-0.09855359047651291,0.3335382044315338,0.8626008033752441
-0.05707728862762451,0.35429075360298157,0.8985781073570251
-0.0004170965403318405,0.2953718602657318,0.9445813894271851
0.05629086121916771,0.28955814242362976,0.9305911064147949
0.09782632440328598,0.27367493510246277,0.8922786116600037
0.1130598932504654,0.25197795033454895,0.8399096727371216
0.09790974110364914,0.2302810698747635,0.7875165939331055
0.05643535032868385,0.21439777314662933,0.7491380572319031
-0.0002502578136045486,0.20858412981033325,0.7350574135780334
-0.056958217173814774,0.21439778804779053,0.7490477561950684
-0.09849368035793304,0.2302810102701187,0.7873602509498596
-0.11372724175453186,0.25197798013687134,0.8397290706634521
-0.0985770970582962,0.273674875497818,0.892122209072113
-0.05710270255804062,0.28955814242362976,0.9305008053779602
-0.00043607884435914457,0.22514458000659943,0.9684202075004578
0.056272391229867935,0.22121262550354004,0.9537911415100098
0.09780924022197723,0.21047037839889526,0.9137335419654846
0.11304470151662827,0.1957961767911911,0.8589808344841003
0.09789645671844482,0.18112197518348694,0.8042038679122925
0.056423451751470566,0.17037971317768097,0.7640801072120667
-0.0002616472775116563,0.16644778847694397,0.7493607997894287
-0.05697011575102806,0.17037971317768097,0.7639898061752319
-0.09850696474313736,0.18112199008464813,0.8040474057197571
-0.11374242603778839,0.1957961767911911,0.8588002920150757
-0.09859418123960495,0.21047039330005646,0.913577139377594
-0.05712117999792099,0.22121264040470123,0.953700840473175
-0.0004475999448914081,0.15240678191184998,0.9828885197639465
0.056261178106069565,0.15042386949062347,0.967871904373169
0.09779886901378632,0.14500635862350464,0.9267550706863403
0.11303548514842987,0.1376059204339981,0.870555579662323
0.09788838773965836,0.13020552694797516,0.8143317699432373
0.05641622841358185,0.12478802353143692,0.7731488943099976
-0.00026855969917960465,0.12280508875846863,0.7580418586730957
-0.05697733163833618,0.12478802353143692,0.7730585932731628
-0.09851503372192383,0.13020551204681396,0.8141753673553467
-0.11375164240598679,0.1376059353351593,0.8703749179840088
-0.09860454499721527,0.14500637352466583,0.9265986680984497
-0.05713239312171936,0.15042386949062347,0.9677816033363342
-0.000451462110504508,0.07840260118246078,0.9877392053604126
0.05625741556286812,0.07840259373188019,0.9725923538208008
0.09779539704322815,0.07840259373188019,0.9311205744743347
0.11303240060806274,0.07840258628129959,0.8744360208511353
0.09788568317890167,0.078402578830719,0.8177271485328674
0.05641380697488785,0.0784025713801384,0.7761891484260559
-0.00027087712078355253,0.0784025713801384,0.7609521746635437
-0.05697975307703018,0.0784025713801384,0.7760988473892212
-0.09851773083209991,0.0784025713801384,0.8175706267356873
-0.1137547418475151,0.07840258628129959,0.874255359172821
-0.09860802441835403,0.07840259373188019,0.9309642910957336
-0.05713614448904991,0.07840259373188019,0.9725020527839661
-0.00044759982847608626,0.004398304969072342,0.9828886389732361
0.056261178106069565,0.006381241604685783,0.967871904373169
0.09779886901378632,0.011798731051385403,0.9267550706863403
0.11303549259901047,0.019199147820472717,0.870555579662323
0.09788838773965836,0.026599576696753502,0.8143317699432373
0.05641623213887215,0.0320170633494854,0.7731488347053528
-0.00026855969917960465,0.03399999812245369,0.7580419182777405
-0.05697733908891678,0.0320170633494854,0.7730585336685181
-0.09851503372192383,0.026599574834108353,0.8141753673553467
-0.11375164240598679,0.019199153408408165,0.8703749179840088
-0.09860455244779587,0.011798723600804806,0.9265986680984497
-0.05713239312171936,0.00638123694807291,0.9677816033363342
-0.0004360790189821273,-0.06833948194980621,0.9684202075004578
0.056272391229867935,-0.06440756469964981,0.9537911415100098
0.09780924022197723,-0.05366530269384384,0.9137335419654846
0.11304470151662827,-0.03899107500910759,0.8589808344841003
0.09789645671844482,-0.024316884577274323,0.8042038679122925
0.056423451751470566,-0.013574616052210331,0.7640801072120667
-0.0002616472775116563,-0.009642679244279861,0.7493607997894287
-0.05697011575102806,-0.01357461977750063,0.7639898061752319
-0.09850695729255676,-0.02431689202785492,0.8040475249290466
-0.11374242603778839,-0.038991086184978485,0.8588002324104309
-0.09859417378902435,-0.053665291517972946,0.913577139377594
-0.05712117999792099,-0.06440755724906921,0.953700840473175
-0.0004170966858509928,-0.13856647908687592,0.9445815086364746
0.05629086121916771,-0.13275283575057983,0.9305912256240845
0.09782632440328598,-0.11686959117650986,0.8922786712646484
0.1130598932504654,-0.09517268091440201,0.8399097323417664
0.09790974855422974,-0.07347578555345535,0.7875166535377502
0.05643535032868385,-0.05759255215525627,0.7491381168365479
-0.0002502578718122095,-0.0517788790166378,0.7350574731826782
-0.056958217173814774,-0.057592544704675674,0.7490478157997131
-0.09849367290735245,-0.07347578555345535,0.7873603701591492
-0.11372724175453186,-0.0951726883649826,0.8397291302680969
-0.0985770970582962,-0.11686958372592926,0.8921223282814026
-0.05710270255804062,-0.13275282084941864,0.9305009245872498
-0.00039097756962291896,-0.20508131384849548,0.9117799401283264
0.05631628260016441,-0.19748538732528687,0.898668646812439
0.09784983098506927,-0.17673295736312866,0.8627573251724243
0.11308078467845917,-0.14838457107543945,0.8136686086654663
0.09792802482843399,-0.12003617733716965,0.7645556926727295
0.056451719254255295,-0.09928371757268906,0.7285782694816589
-0.00023458656505681574,-0.09168779104948044,0.715376615524292
-0.056941840797662735,-0.09928371757268906,0.7284879684448242
-0.0984753966331482,-0.12003617733716965,0.7643992304801941
-0.11370635032653809,-0.14838458597660065,0.8134880065917969
-0.09855359047651291,-0.17673297226428986,0.8626008629798889
-0.05707728862762451,-0.19748538732528687,0.8985783457756042
-0.00035816890886053443,-0.2667456567287445,0.8705772161483765
0.05634821206331253,-0.2574974298477173,0.8585698008537292
0.09787935763597488,-0.23223081231117249,0.8256748914718628
0.11310703307390213,-0.19771602749824524,0.7807064056396484
0.0979509949684143,-0.1632012277841568,0.7357137203216553
0.0564722865819931,-0.1379346251487732,0.7027525901794434
-0.00021490128710865974,-0.12868639826774597,0.6906549334526062
-0.05692127346992493,-0.137934610247612,0.7026622295379639
-0.09845242649316788,-0.163201242685318,0.7355573177337646
-0.11368009448051453,-0.19771602749824524,0.7805257439613342
-0.0985240638256073,-0.23223087191581726,0.8255184888839722
-0.0570453517138958,-0.2574974596500397,0.8584794998168945
-0.00031923200003802776,-0.3225042521953583,0.8216783404350281
0.056386105716228485,-0.3117619454860687,0.8109812140464783
0.09791439771652222,-0.2824135422706604,0.7816658020019531
0.11313818395137787,-0.2423229068517685,0.7415872812271118
0.09797824919223785,-0.20223219692707062,0.7014844417572021
0.05649669095873833,-0.1728837788105011,0.6721030473709106
-0.00019153911853209138,-0.16214153170585632,0.6613156199455261
-0.0568968765437603,-0.1728837788105011,0.6720127463340759
-0.09842517226934433,-0.2022322118282318,0.7013280987739563
-0.11364895105361938,-0.2423228770494461,0.7414066791534424
-0.09848901629447937,-0.2824135422706604,0.781509518623352
-0.05700746178627014,-0.3117619752883911,0.8108909130096436
-0.0002748328261077404,-0.37140321731567383,0.7659198045730591
0.056429311633110046,-0.35935071110725403,0.7567168474197388
0.09795436263084412,-0.32642263174057007,0.7314831614494324
0.1131737008690834,-0.2814420461654663,0.6969805359840393
0.09800933301448822,-0.23646143078804016,0.6624535322189331
0.056524522602558136,-0.20353341102600098,0.6371538639068604
-0.00016489958215970546,-0.19148090481758118,0.6278605461120605
-0.05686904489994049,-0.20353342592716217,0.6370635628700256
-0.09839408844709396,-0.23646149039268494,0.6622971892356873
-0.11361342668533325,-0.2814420163631439,0.6967998743057251
-0.09844905883073807,-0.32642266154289246,0.731326699256897
-0.05696425586938858,-0.3593507707118988,0.756626546382904
-0.00022573098249267787,-0.41260623931884766,0.7042552828788757
0.056477099657058716,-0.3994496464729309,0.6967045068740845
0.09799855202436447,-0.3635052740573883,0.6759850978851318
0.11321298032999039,-0.3144044578075409,0.647648811340332
0.09804370254278183,-0.26530352234840393,0.6192883253097534
0.05655529722571373,-0.22935916483402252,0.5985028743743896
-0.00013543845852836967,-0.21620267629623413,0.5908617973327637
-0.0568382702767849,-0.2293591946363449,0.5984125733375549
-0.09835971891880035,-0.2653035819530487,0.6191319227218628
-0.11357414722442627,-0.3144044280052185,0.6474682092666626
-0.09840486198663712,-0.3635053336620331,0.6758286952972412
-0.05691646412014961,-0.3994496464729309,0.6966142058372498
-0.0001727669732645154,-0.44540756940841675,0.6377407312393188
0.05652864649891853,-0.4313720762729645,0.6319721937179565
0.098046213388443,-0.39302653074264526,0.6161218881607056
0.1132553443312645,-0.34064555168151855,0.5944371819496155
0.09808077663183212,-0.2882644832134247,0.572728157043457
0.056588493287563324,-0.24991893768310547,0.5568118691444397
-0.00010366020433139056,-0.23588350415229797,0.5509530305862427
-0.056805070489645004,-0.24991896748542786,0.556721568107605
-0.09832264482975006,-0.28826454281806946,0.5725717544555664
-0.11353178322315216,-0.34064552187919617,0.594256579875946
-0.0983572006225586,-0.3930265009403229,0.6159656047821045
-0.05686492100358009,-0.4313720762729645,0.6318818926811218
-0.0001168470989796333,-0.46924641728401184,0.567513644695282
0.056583065539598465,-0.45457223057746887,0.5636269450187683
0.09809654951095581,-0.414481520652771,0.5529177188873291
0.11330009251832962,-0.3597166836261749,0.5382555723190308
0.09811991453170776,-0.3049516975879669,0.5235692858695984
0.05662354454398155,-0.26486098766326904,0.5127938985824585
-7.010816625552252e-05,-0.25018683075904846,0.5088168382644653
-0.05677002668380737,-0.2648610472679138,0.5127035975456238
-0.09828349947929382,-0.3049517273902893,0.523412823677063
-0.11348704993724823,-0.35971665382385254,0.5380750298500061
-0.09830686450004578,-0.4144814908504486,0.5527612566947937
-0.05681049823760986,-0.4545721113681793,0.5635366439819336
-5.8927846112055704e-05,-0.48371487855911255,0.49477604031562805
0.05663943290710449,-0.4686530530452728,0.49283820390701294
0.09814867377281189,-0.4275031089782715,0.48745372891426086
0.11334642022848129,-0.3712913990020752,0.48006534576416016
0.09816046804189682,-0.3150796890258789,0.472652792930603
0.056659843772649765,-0.27392980456352234,0.4672023057937622
-3.535668656695634e-05,-0.25886785984039307,0.46517422795295715
-0.05673372000455856,-0.2739298343658447,0.4671120047569275
-0.09824295341968536,-0.3150797188282013,0.4724964201450348
-0.11344069987535477,-0.3712913691997528,0.4798847436904907
-0.0982547402381897,-0.4275031089782715,0.4872973561286926
-0.05675413832068443,-0.4686529338359833,0.4927479028701782
5.28030119628653e-11,-0.48856547474861145,0.42077144980430603
0.05669678375124931,-0.4733735918998718,0.4208166003227234
0.09820171445608139,-0.43186861276626587,0.42084965109825134
0.11339356750249863,-0.37517184019088745,0.42086172103881836
0.09820171445608139,-0.31847503781318665,0.42084965109825134
0.05669678375124931,-0.27697011828422546,0.4208166003227234
5.28030119628653e-11,-0.26177823543548584,0.42077144980430603
-0.05669678375124931,-0.27697014808654785,0.42072632908821106
-0.0982017070055008,-0.3184750974178314,0.4206932485103607
-0.11339356750249863,-0.37517181038856506,0.4206811785697937
-0.0982017070055008,-0.43186861276626587,0.42069321870803833
-0.05669678375124931,-0.47337350249290466,0.42072632908821106
5.892756598768756e-05,-0.4837149679660797,0.3467674255371094
0.056754130870103836,-0.4686530530452728,0.3487955331802368
0.0982547402381897,-0.42750319838523865,0.35424602031707764
0.11344069987535477,-0.3712914288043976,0.3616585433483124
0.09824295341968536,-0.3150796592235565,0.3690468668937683
0.05673372000455856,-0.2739298343658447,0.3744312822818756
3.535655196174048e-05,-0.25886794924736023,0.37636908888816833
-0.056659847497940063,-0.2739298343658447,0.3743409812450409
-0.09816046804189682,-0.3150796890258789,0.3688904643058777
-0.11334642767906189,-0.3712913990020752,0.36147797107696533
-0.09814867377281189,-0.42750319838523865,0.3540896475315094
-0.05663943290710449,-0.46865299344062805,0.3487052023410797
