0.8738710284233093,-0.22132377326488495,0.5440513491630554
0.8738710284233093,-0.22132377326488495,0.0009856325341388583
0.8738710284233093,-0.3610227406024933,0.5440513491630554
0.8738710284233093,-0.3610227406024933,0.0009856325341388583
-0.1740199625492096,-0.22132377326488495,0.5440513491630554
-0.1740199625492096,-0.22132377326488495,0.0009856325341388583
-0.1740199625492096,-0.3610227406024933,0.5440513491630554
-0.1740199625492096,-0.3610227406024933,0.0009856325341388583
0.8738709688186646,0.5319172739982605,0.5440513491630554
0.8738709688186646,0.5319172739982605,0.000985636725090444
0.8738709688186646,0.3922182619571686,0.5440513491630554
0.8738709688186646,0.3922182619571686,0.000985636725090444
-0.1740199327468872,0.5319172739982605,0.5440513491630554
-0.1740199327468872,0.5319172739982605,0.000985636725090444
-0.1740199327468872,0.3922182619571686,0.5440513491630554
-0.1740199327468872,0.3922182619571686,0.000985636725090444
0.8738710284233093,0.5487106442451477,0.7917917966842651
0.8738710284233093,-0.3659001588821411,0.7913594245910645
0.8738710284233093,0.5485337376594543,0.9314907789230347
0.8738710284233093,-0.36607709527015686,0.931058406829834
-0.17402002215385437,0.5487106442451477,0.7917917966842651
-0.17402002215385437,-0.3659001588821411,0.7913594245910645
-0.17402002215385437,0.5485337376594543,0.9314907789230347
-0.17402002215385437,-0.36607709527015686,0.931058406829834
0.8738710284233093,-0.2911732494831085,0.5440513491630554
0.8738710284233093,-0.22132377326488495,0.27251848578453064
0.8738710284233093,-0.2911732494831085,0.0009856325341388583
0.8738710284233093,-0.3610227406024933,0.27251848578453064
0.34992554783821106,-0.3610227406024933,0.5440513491630554
0.34992554783821106,-0.3610227406024933,0.0009856325341388583
-0.1740199625492096,-0.3610227406024933,0.27251848578453064
-0.1740199625492096,-0.2911732494831085,0.5440513491630554
-0.1740199625492096,-0.2911732494831085,0.0009856325341388583
-0.1740199625492096,-0.22132377326488495,0.27251848578453064
0.34992554783821106,-0.22132377326488495,0.5440513491630554
0.34992554783821106,-0.22132377326488495,0.0009856325341388583
0.8738709688186646,0.46206778287887573,0.5440513491630554
0.8738709688186646,0.5319172739982605,0.27251848578453064
0.8738709688186646,0.46206778287887573,0.000985636725090444
0.8738709688186646,0.3922182619571686,0.27251848578453064
0.34992551803588867,0.3922182619571686,0.5440513491630554
0.34992551803588867,0.3922182619571686,0.000985636725090444
-0.1740199327468872,0.3922182619571686,0.27251848578453064
-0.1740199327468872,0.46206778287887573,0.5440513491630554
-0.1740199327468872,0.46206778287887573,0.000985636725090444
-0.1740199327468872,0.5319172739982605,0.27251848578453064
0.34992551803588867,0.5319172739982605,0.5440513491630554
0.34992551803588867,0.5319172739982605,0.000985636725090444
0.8738710284233093,0.548622190952301,0.8616413474082947
0.8738710284233093,0.09140525013208389,0.7915756106376648
0.8738710284233093,-0.3659886419773102,0.8612089157104492
0.8738710284233093,0.09122832119464874,0.9312746524810791
0.3499254584312439,0.5485337376594543,0.9314907789230347
0.34992554783821106,-0.36607709527015686,0.931058406829834
-0.17402002215385437,0.09122832119464874,0.9312746524810791
-0.17402002215385437,0.548622190952301,0.8616413474082947
-0.17402002215385437,-0.3659886419773102,0.8612089157104492
-0.17402002215385437,0.09140525013208389,0.7915756106376648
0.34992554783821106,0.5487106442451477,0.7917917966842651
0.3499254584312439,-0.3659001588821411,0.7913594245910645
0.34992551803588867,-0.3659886419773102,0.8612089157104492
0.34992551803588867,0.548622190952301,0.8616413474082947
0.3499254584312439,0.09140525013208389,0.7915756106376648
-0.17402002215385437,0.09131678938865662,0.8614251613616943
0.34992554783821106,0.09122832119464874,0.9312746524810791
0.8738710284233093,0.09131678938865662,0.8614251613616943
0.34992551803588867,0.46206778287887573,0.000985636725090444
0.34992551803588867,0.46206778287887573,0.5440513491630554
0.34992551803588867,0.5319172739982605,0.27251848578453064
-0.1740199327468872,0.46206778287887573,0.27251848578453064
0.34992551803588867,0.3922182619571686,0.27251848578453064
0.8738709688186646,0.46206778287887573,0.27251848578453064
0.34992554783821106,-0.2911732494831085,0.0009856325341388583
0.34992554783821106,-0.2911732494831085,0.5440513491630554
0.34992554783821106,-0.22132377326488495,0.27251848578453064
-0.1740199625492096,-0.2911732494831085,0.27251848578453064
0.34992554783821106,-0.3610227406024933,0.27251848578453064
0.8738710284233093,-0.2911732494831085,0.27251848578453064
0.8738710284233093,-0.25624850392341614,0.5440513491630554
0.8738710284233093,-0.22132377326488495,0.13675205409526825
0.8738710284233093,-0.3260979950428009,0.0009856325341388583
0.8738710284233093,-0.3610227406024933,0.40828484296798706
0.6118982434272766,-0.3610227406024933,0.5440513491630554
0.08795278519392014,-0.3610227406024933,0.0009856325341388583
-0.1740199625492096,-0.3610227406024933,0.40828484296798706
-0.1740199625492096,-0.3260979950428009,0.5440513491630554
-0.1740199625492096,-0.25624850392341614,0.0009856325341388583
-0.1740199625492096,-0.22132377326488495,0.40828484296798706
0.08795278519392014,-0.22132377326488495,0.5440513491630554
0.6118982434272766,-0.22132377326488495,0.0009856325341388583
0.8738709688186646,0.4969925284385681,0.5440513491630554
0.8738709688186646,0.5319172739982605,0.13675205409526825
0.8738709688186646,0.42714303731918335,0.000985636725090444
0.8738709688186646,0.3922182619571686,0.40828484296798706
0.6118982434272766,0.3922182619571686,0.5440513491630554
0.08795278519392014,0.3922182619571686,0.000985636725090444
-0.1740199327468872,0.3922182619571686,0.40828484296798706
-0.1740199327468872,0.42714303731918335,0.5440513491630554
-0.1740199327468872,0.4969925284385681,0.000985636725090444
-0.1740199327468872,0.5319172739982605,0.40828484296798706
0.08795278519392014,0.5319172739982605,0.5440513491630554
0.6118982434272766,0.5319172739982605,0.000985636725090444
0.8738710284233093,0.5486664175987244,0.8267165422439575
0.8738710284233093,-0.13724744319915771,0.791467547416687
0.8738710284233093,-0.3660328686237335,0.8961336612701416
0.8738710284233093,0.31988102197647095,0.9313826560974121
0.6118982434272766,0.5485337376594543,0.9314907789230347
0.08795275539159775,-0.36607709527015686,0.931058406829834
-0.17402002215385437,0.31988102197647095,0.9313826560974121
-0.17402002215385437,0.5485779643058777,0.8965660929679871
-0.17402002215385437,-0.36594441533088684,0.8262841105461121
-0.17402002215385437,0.3200579583644867,0.7916836738586426
0.08795275539159775,0.5487106442451477,0.7917917966842651
0.6118982434272766,-0.3659001588821411,0.7913594245910645
0.8738710284233093,-0.3260979950428009,0.5440513491630554
0.8738710284233093,-0.22132377326488495,0.40828484296798706
0.8738710284233093,-0.25624850392341614,0.0009856325341388583
0.8738710284233093,-0.3610227406024933,0.13675205409526825
0.08795278519392014,-0.3610227406024933,0.5440513491630554
0.6118982434272766,-0.3610227406024933,0.0009856325341388583
-0.1740199625492096,-0.3610227406024933,0.13675205409526825
-0.1740199625492096,-0.25624850392341614,0.5440513491630554
-0.1740199625492096,-0.3260979950428009,0.0009856325341388583
-0.1740199625492096,-0.22132377326488495,0.13675205409526825
0.6118982434272766,-0.22132377326488495,0.5440513491630554
0.08795278519392014,-0.22132377326488495,0.0009856325341388583
0.8738709688186646,0.42714303731918335,0.5440513491630554
0.8738709688186646,0.5319172739982605,0.40828484296798706
0.8738709688186646,0.4969925284385681,0.000985636725090444
0.8738709688186646,0.3922182619571686,0.13675205409526825
0.08795278519392014,0.3922182619571686,0.5440513491630554
0.6118982434272766,0.3922182619571686,0.000985636725090444
-0.1740199327468872,0.3922182619571686,0.13675205409526825
-0.1740199327468872,0.4969925284385681,0.5440513491630554
-0.1740199327468872,0.42714303731918335,0.000985636725090444
-0.1740199327468872,0.5319172739982605,0.13675205409526825
0.6118982434272766,0.5319172739982605,0.5440513491630554
0.08795278519392014,0.5319172739982605,0.000985636725090444
0.8738710284233093,0.5485779643058777,0.8965660929679871
0.8738710284233093,0.3200579583644867,0.7916836738586426
0.8738710284233093,-0.36594441533088684,0.8262841105461121
0.8738710284233093,-0.13742439448833466,0.9311665296554565
0.08795272558927536,0.5485337376594543,0.9314907789230347
0.6118982434272766,-0.36607709527015686,0.931058406829834
-0.17402002215385437,-0.13742439448833466,0.9311665296554565
-0.17402002215385437,0.5486664175987244,0.8267165422439575
-0.17402002215385437,-0.3660328686237335,0.8961336612701416
-0.17402002215385437,-0.1372474730014801,0.791467547416687
0.6118982434272766,0.5487106442451477,0.7917917966842651
0.08795272558927536,-0.3659001588821411,0.7913594245910645
0.34992551803588867,-0.36594441533088684,0.8262841105461121
0.34992551803588867,-0.3660328686237335,0.8961336612701416
0.08795275539159775,-0.3659886419773102,0.8612089157104492
0.6118982434272766,-0.3659886419773102,0.8612089157104492
0.34992551803588867,0.5486664175987244,0.8267165422439575
0.34992551803588867,0.5485779643058777,0.8965660929679871
0.6118982434272766,0.548622190952301,0.8616413474082947
0.08795272558927536,0.548622190952301,0.8616413474082947
0.6118982434272766,0.09140525013208389,0.7915756106376648
0.08795272558927536,0.09140525013208389,0.7915756106376648
0.34992551803588867,0.3200579583644867,0.7916836738586426
0.3499254584312439,-0.1372474730014801,0.791467547416687
-0.17402002215385437,0.09136101603507996,0.8265003561973572
-0.17402002215385437,0.09127255529165268,0.8963499069213867
-0.17402002215385437,0.3199694752693176,0.8615332841873169
-0.17402002215385437,-0.13733592629432678,0.8613170385360718
0.08795275539159775,0.09122832119464874,0.9312746524810791
0.6118982434272766,0.09122832119464874,0.9312746524810791
0.34992551803588867,0.31988102197647095,0.9313826560974121
0.34992554783821106,-0.13742439448833466,0.9311665296554565
0.8738710284233093,0.09127255529165268,0.8963499069213867
0.8738710284233093,0.09136101603507996,0.8265003561973572
0.8738710284233093,0.3199694752693176,0.8615332841873169
0.8738710284233093,-0.13733592629432678,0.8613170385360718
0.34992551803588867,0.4969925284385681,0.000985636725090444
0.34992551803588867,0.42714303731918335,0.000985636725090444
0.08795278519392014,0.46206778287887573,0.000985636725090444
0.6118982434272766,0.46206778287887573,0.000985636725090444
0.34992551803588867,0.4969925284385681,0.5440513491630554
0.34992551803588867,0.42714303731918335,0.5440513491630554
0.6118982434272766,0.46206778287887573,0.5440513491630554
0.08795278519392014,0.46206778287887573,0.5440513491630554
0.6118982434272766,0.5319172739982605,0.27251848578453064
0.08795278519392014,0.5319172739982605,0.27251848578453064
0.34992551803588867,0.5319172739982605,0.40828484296798706
0.34992551803588867,0.5319172739982605,0.13675205409526825
-0.1740199327468872,0.4969925284385681,0.27251848578453064
-0.1740199327468872,0.42714303731918335,0.27251848578453064
-0.1740199327468872,0.46206778287887573,0.40828484296798706
-0.1740199327468872,0.46206778287887573,0.13675205409526825
0.08795278519392014,0.3922182619571686,0.27251848578453064
0.6118982434272766,0.3922182619571686,0.27251848578453064
0.34992551803588867,0.3922182619571686,0.40828484296798706
0.34992551803588867,0.3922182619571686,0.13675205409526825
0.8738709688186646,0.42714303731918335,0.27251848578453064
0.8738709688186646,0.4969925284385681,0.27251848578453064
0.8738709688186646,0.46206778287887573,0.40828484296798706
0.8738709688186646,0.46206778287887573,0.13675205409526825
0.34992554783821106,-0.25624850392341614,0.0009856325341388583
0.34992554783821106,-0.3260979950428009,0.0009856325341388583
0.08795278519392014,-0.2911732494831085,0.0009856325341388583
0.6118982434272766,-0.2911732494831085,0.0009856325341388583
0.34992554783821106,-0.25624850392341614,0.5440513491630554
0.34992554783821106,-0.3260979950428009,0.5440513491630554
0.6118982434272766,-0.2911732494831085,0.5440513491630554
0.08795278519392014,-0.2911732494831085,0.5440513491630554
0.6118982434272766,-0.22132377326488495,0.27251848578453064
0.08795278519392014,-0.22132377326488495,0.27251848578453064
0.34992554783821106,-0.22132377326488495,0.40828484296798706
0.34992554783821106,-0.22132377326488495,0.13675205409526825
-0.1740199625492096,-0.25624850392341614,0.27251848578453064
-0.1740199625492096,-0.3260979950428009,0.27251848578453064
-0.1740199625492096,-0.2911732494831085,0.40828484296798706
-0.1740199625492096,-0.2911732494831085,0.13675205409526825
0.08795278519392014,-0.3610227406024933,0.27251848578453064
0.6118982434272766,-0.3610227406024933,0.27251848578453064
0.34992554783821106,-0.3610227406024933,0.40828484296798706
0.34992554783821106,-0.3610227406024933,0.13675205409526825
0.8738710284233093,-0.3260979950428009,0.27251848578453064
0.8738710284233093,-0.25624850392341614,0.27251848578453064
0.8738710284233093,-0.2911732494831085,0.40828484296798706
0.8738710284233093,-0.2911732494831085,0.13675205409526825
0.8738710284233093,-0.25624850392341614,0.13675205409526825
0.8738710284233093,-0.25624850392341614,0.40828484296798706
0.8738710284233093,-0.3260979950428009,0.40828484296798706
0.6118982434272766,-0.3610227406024933,0.13675205409526825
0.6118982434272766,-0.3610227406024933,0.40828484296798706
0.08795278519392014,-0.3610227406024933,0.40828484296798706
-0.1740199625492096,-0.3260979950428009,0.13675205409526825
-0.1740199625492096,-0.3260979950428009,0.40828484296798706
-0.1740199625492096,-0.25624850392341614,0.40828484296798706
0.08795278519392014,-0.22132377326488495,0.13675205409526825
0.08795278519392014,-0.22132377326488495,0.40828484296798706
0.6118982434272766,-0.22132377326488495,0.40828484296798706
0.08795278519392014,-0.3260979950428009,0.5440513491630554
0.6118982434272766,-0.3260979950428009,0.5440513491630554
0.6118982434272766,-0.25624850392341614,0.5440513491630554
0.6118982434272766,-0.3260979950428009,0.0009856325341388583
0.08795278519392014,-0.3260979950428009,0.0009856325341388583
0.08795278519392014,-0.25624850392341614,0.0009856325341388583
0.8738709688186646,0.4969925284385681,0.13675205409526825
0.8738709688186646,0.4969925284385681,0.40828484296798706
0.8738709688186646,0.42714303731918335,0.40828484296798706
0.6118982434272766,0.3922182619571686,0.13675205409526825
0.6118982434272766,0.3922182619571686,0.40828484296798706
0.08795278519392014,0.3922182619571686,0.40828484296798706
-0.1740199327468872,0.42714303731918335,0.13675205409526825
-0.1740199327468872,0.42714303731918335,0.40828484296798706
-0.1740199327468872,0.4969925284385681,0.40828484296798706
0.08795278519392014,0.5319172739982605,0.13675205409526825
0.08795278519392014,0.5319172739982605,0.40828484296798706
0.6118982434272766,0.5319172739982605,0.40828484296798706
0.08795278519392014,0.42714303731918335,0.5440513491630554
0.6118982434272766,0.42714303731918335,0.5440513491630554
0.6118982434272766,0.4969925284385681,0.5440513491630554
0.6118982434272766,0.42714303731918335,0.000985636725090444
0.08795278519392014,0.42714303731918335,0.000985636725090444
0.08795278519392014,0.4969925284385681,0.000985636725090444
0.8738710284233093,-0.13729168474674225,0.8263922929763794
0.8738710284233093,0.32001370191574097,0.826608419418335
0.8738710284233093,0.3199252486228943,0.8964579105377197
0.6118982434272766,-0.13742439448833466,0.9311665296554565
0.6118982434272766,0.31988102197647095,0.9313826560974121
0.08795275539159775,0.31988102197647095,0.9313826560974121
-0.17402002215385437,-0.13738016784191132,0.8962417840957642
-0.17402002215385437,0.3199252486228943,0.8964579105377197
-0.17402002215385437,0.32001370191574097,0.826608419418335
0.08795272558927536,-0.1372474730014801,0.791467547416687
0.08795272558927536,0.3200579583644867,0.7916836738586426
0.6118982434272766,0.3200579583644867,0.7916836738586426
0.08795272558927536,0.5485779643058777,0.8965660929679871
0.6118982434272766,0.5485779643058777,0.8965660929679871
0.6118982434272766,0.5486664175987244,0.8267165422439575
0.6118982434272766,-0.3660328686237335,0.8961336612701416
0.08795275539159775,-0.3660328686237335,0.8961336612701416
0.08795272558927536,-0.36594441533088684,0.8262841105461121
0.6118982434272766,-0.36594441533088684,0.8262841105461121
0.08795272558927536,0.5486664175987244,0.8267165422439575
0.6118982434272766,-0.13724744319915771,0.791467547416687
-0.17402002215385437,-0.13729169964790344,0.8263922929763794
0.08795275539159775,-0.13742439448833466,0.9311665296554565
0.8738710284233093,-0.13738016784191132,0.8962417840957642
0.6118982434272766,0.4969925284385681,0.000985636725090444
0.08795278519392014,0.4969925284385681,0.5440513491630554
0.6118982434272766,0.5319172739982605,0.13675205409526825
-0.1740199327468872,0.4969925284385681,0.13675205409526825
0.08795278519392014,0.3922182619571686,0.13675205409526825
0.8738709688186646,0.42714303731918335,0.13675205409526825
0.6118982434272766,-0.25624850392341614,0.0009856325341388583
0.08795278519392014,-0.25624850392341614,0.5440513491630554
0.6118982434272766,-0.22132377326488495,0.13675205409526825
-0.1740199625492096,-0.25624850392341614,0.13675205409526825
0.08795278519392014,-0.3610227406024933,0.13675205409526825
0.8738710284233093,-0.3260979950428009,0.13675205409526825
0.8738710284233093,-0.23878614604473114,0.5440513491630554
0.8738710284233093,-0.22132377326488495,0.06886884570121765
0.8738710284233093,-0.3435603678226471,0.0009856325341388583
0.8738710284233093,-0.3610227406024933,0.47616806626319885
0.742884635925293,-0.3610227406024933,0.5440513491630554
-0.04303358867764473,-0.3610227406024933,0.0009856325341388583
-0.1740199625492096,-0.3610227406024933,0.47616806626319885
-0.1740199625492096,-0.3435603678226471,0.5440513491630554
-0.1740199625492096,-0.23878614604473114,0.0009856325341388583
-0.1740199625492096,-0.22132377326488495,0.47616806626319885
-0.04303358867764473,-0.22132377326488495,0.5440513491630554
0.742884635925293,-0.22132377326488495,0.0009856325341388583
0.8738709688186646,0.5144549012184143,0.5440513491630554
0.8738709688186646,0.5319172739982605,0.06886884570121765
0.8738709688186646,0.40968063473701477,0.000985636725090444
0.8738709688186646,0.3922182619571686,0.47616806626319885
0.742884635925293,0.3922182619571686,0.5440513491630554
-0.04303358867764473,0.3922182619571686,0.000985636725090444
-0.1740199327468872,0.3922182619571686,0.47616806626319885
-0.1740199327468872,0.40968063473701477,0.5440513491630554
-0.1740199327468872,0.5144549012184143,0.000985636725090444
-0.1740199327468872,0.5319172739982605,0.47616806626319885
-0.04303358867764473,0.5319172739982605,0.5440513491630554
0.742884635925293,0.5319172739982605,0.000985636725090444
0.8738710284233093,0.548688530921936,0.8092541694641113
0.8738710284233093,-0.2515738010406494,0.791413426399231
0.8738710284233093,-0.3660549819469452,0.9135960340499878
0.8738710284233093,0.43420740962028503,0.9314367771148682
0.742884635925293,0.5485337376594543,0.9314907789230347
-0.0430336520075798,-0.36607709527015686,0.931058406829834
-0.17402002215385437,0.43420740962028503,0.9314367771148682
-0.17402002215385437,0.548555850982666,0.9140284657478333
-0.17402002215385437,-0.36592230200767517,0.8088217377662659
-0.17402002215385437,0.4343843460083008,0.7917377352714539
-0.0430336520075798,0.5487106442451477,0.7917917966842651
0.742884635925293,-0.3659001588821411,0.7913594245910645
0.8738710284233093,-0.3086356222629547,0.5440513491630554
0.8738710284233093,-0.22132377326488495,0.34040164947509766
0.8738710284233093,-0.27371087670326233,0.0009856325341388583
0.8738710284233093,-0.3610227406024933,0.20463524758815765
0.2189391702413559,-0.3610227406024933,0.5440513491630554
0.4809119403362274,-0.3610227406024933,0.0009856325341388583
-0.1740199625492096,-0.3610227406024933,0.20463524758815765
-0.1740199625492096,-0.27371087670326233,0.5440513491630554
-0.1740199625492096,-0.3086356222629547,0.0009856325341388583
-0.1740199625492096,-0.22132377326488495,0.20463524758815765
0.4809119403362274,-0.22132377326488495,0.5440513491630554
0.2189391702413559,-0.22132377326488495,0.0009856325341388583
0.8738709688186646,0.44460541009902954,0.5440513491630554
0.8738709688186646,0.5319172739982605,0.34040164947509766
0.8738709688186646,0.4795301556587219,0.000985636725090444
0.8738709688186646,0.3922182619571686,0.20463524758815765
0.2189391553401947,0.3922182619571686,0.5440513491630554
0.48091191053390503,0.3922182619571686,0.000985636725090444
-0.1740199327468872,0.3922182619571686,0.20463524758815765
-0.1740199327468872,0.4795301556587219,0.5440513491630554
-0.1740199327468872,0.44460541009902954,0.000985636725090444
-0.1740199327468872,0.5319172739982605,0.20463524758815765
0.48091191053390503,0.5319172739982605,0.5440513491630554
0.2189391553401947,0.5319172739982605,0.000985636725090444
0.8738710284233093,0.5486000776290894,0.8791037201881409
0.8738710284233093,0.205731600522995,0.7916296720504761
0.8738710284233093,-0.3659665286540985,0.843746542930603
0.8738710284233093,-0.023098023608326912,0.931220531463623
0.21893911063671112,0.5485337376594543,0.9314907789230347
0.4809119403362274,-0.36607709527015686,0.931058406829834
-0.17402002215385437,-0.023098023608326912,0.931220531463623
-0.17402002215385437,0.5486443042755127,0.8441789746284485
-0.17402002215385437,-0.36601075530052185,0.8786712884902954
-0.17402002215385437,-0.02292109839618206,0.7915215492248535
0.4809119403362274,0.5487106442451477,0.7917917966842651
0.21893911063671112,-0.3659001588821411,0.7913594245910645
0.3499254584312439,-0.36592230200767517,0.8088217377662659
0.34992551803588867,-0.36601075530052185,0.8786712884902954
-0.0430336520075798,-0.3659886419773102,0.8612089157104492
0.48091191053390503,-0.3659886419773102,0.8612089157104492
0.34992554783821106,0.548688530921936,0.8092541694641113
0.34992551803588867,0.5486000776290894,0.8791037201881409
0.742884635925293,0.548622190952301,0.8616413474082947
0.21893912553787231,0.548622190952301,0.8616413474082947
0.742884635925293,0.09140525013208389,0.7915756106376648
0.21893911063671112,0.09140525013208389,0.7915756106376648
0.34992551803588867,0.4343843460083008,0.7917377352714539
0.3499254584312439,-0.02292109839618206,0.7915215492248535
-0.17402002215385437,0.09138312935829163,0.809037983417511
-0.17402002215385437,0.09129466861486435,0.8788875341415405
-0.17402002215385437,0.4342958927154541,0.8615872859954834
-0.17402002215385437,-0.023009561002254486,0.8613710403442383
-0.0430336520075798,0.09122832119464874,0.9312746524810791
0.4809119403362274,0.09122832119464874,0.9312746524810791
0.34992551803588867,0.43420740962028503,0.9314367771148682
0.34992554783821106,-0.023098023608326912,0.931220531463623
0.8738710284233093,0.09125044196844101,0.9138122797012329
0.8738710284233093,0.09133890271186829,0.8439627885818481
0.8738710284233093,0.4342958927154541,0.8615872859954834
0.8738710284233093,-0.023009561002254486,0.8613710403442383
0.34992551803588867,0.5144549012184143,0.000985636725090444
0.34992551803588867,0.44460541009902954,0.000985636725090444
-0.04303358867764473,0.46206778287887573,0.000985636725090444
0.48091191053390503,0.46206778287887573,0.000985636725090444
0.34992551803588867,0.5144549012184143,0.5440513491630554
0.34992551803588867,0.44460541009902954,0.5440513491630554
0.742884635925293,0.46206778287887573,0.5440513491630554
0.2189391553401947,0.46206778287887573,0.5440513491630554
0.742884635925293,0.5319172739982605,0.27251848578453064
0.2189391553401947,0.5319172739982605,0.27251848578453064
0.34992551803588867,0.5319172739982605,0.47616806626319885
0.34992551803588867,0.5319172739982605,0.20463524758815765
-0.1740199327468872,0.5144549012184143,0.27251848578453064
-0.1740199327468872,0.44460541009902954,0.27251848578453064
-0.1740199327468872,0.46206778287887573,0.47616806626319885
-0.1740199327468872,0.46206778287887573,0.20463524758815765
-0.04303358867764473,0.3922182619571686,0.27251848578453064
0.48091191053390503,0.3922182619571686,0.27251848578453064
0.34992551803588867,0.3922182619571686,0.47616806626319885
0.34992551803588867,0.3922182619571686,0.20463524758815765
0.8738709688186646,0.40968063473701477,0.27251848578453064
0.8738709688186646,0.4795301556587219,0.27251848578453064
0.8738709688186646,0.46206778287887573,0.47616806626319885
0.8738709688186646,0.46206778287887573,0.20463524758815765
0.34992554783821106,-0.23878614604473114,0.0009856325341388583
0.34992554783821106,-0.3086356222629547,0.0009856325341388583
-0.04303358867764473,-0.2911732494831085,0.0009856325341388583
0.4809119403362274,-0.2911732494831085,0.0009856325341388583
0.34992554783821106,-0.23878614604473114,0.5440513491630554
0.34992554783821106,-0.3086356222629547,0.5440513491630554
0.742884635925293,-0.2911732494831085,0.5440513491630554
0.2189391702413559,-0.2911732494831085,0.5440513491630554
0.742884635925293,-0.22132377326488495,0.27251848578453064
0.2189391702413559,-0.22132377326488495,0.27251848578453064
0.34992554783821106,-0.22132377326488495,0.47616806626319885
0.34992554783821106,-0.22132377326488495,0.20463524758815765
-0.1740199625492096,-0.23878614604473114,0.27251848578453064
-0.1740199625492096,-0.3086356222629547,0.27251848578453064
-0.1740199625492096,-0.2911732494831085,0.47616806626319885
-0.1740199625492096,-0.2911732494831085,0.20463524758815765
-0.04303358867764473,-0.3610227406024933,0.27251848578453064
0.4809119403362274,-0.3610227406024933,0.27251848578453064
0.34992554783821106,-0.3610227406024933,0.47616806626319885
0.34992554783821106,-0.3610227406024933,0.20463524758815765
0.8738710284233093,-0.3435603678226471,0.27251848578453064
0.8738710284233093,-0.27371087670326233,0.27251848578453064
0.8738710284233093,-0.2911732494831085,0.47616806626319885
0.8738710284233093,-0.2911732494831085,0.20463524758815765
0.8738710284233093,-0.27371087670326233,0.5440513491630554
0.8738710284233093,-0.22132377326488495,0.20463524758815765
0.8738710284233093,-0.3086356222629547,0.0009856325341388583
0.8738710284233093,-0.3610227406024933,0.34040164947509766
0.4809119403362274,-0.3610227406024933,0.5440513491630554
0.2189391702413559,-0.3610227406024933,0.0009856325341388583
-0.1740199625492096,-0.3610227406024933,0.34040164947509766
-0.1740199625492096,-0.3086356222629547,0.5440513491630554
-0.1740199625492096,-0.27371087670326233,0.0009856325341388583
-0.1740199625492096,-0.22132377326488495,0.34040164947509766
0.2189391702413559,-0.22132377326488495,0.5440513491630554
0.4809119403362274,-0.22132377326488495,0.0009856325341388583
0.8738709688186646,0.4795301556587219,0.5440513491630554
0.8738709688186646,0.5319172739982605,0.20463524758815765
0.8738709688186646,0.44460541009902954,0.000985636725090444
0.8738709688186646,0.3922182619571686,0.34040164947509766
0.48091191053390503,0.3922182619571686,0.5440513491630554
0.2189391553401947,0.3922182619571686,0.000985636725090444
-0.1740199327468872,0.3922182619571686,0.34040164947509766
-0.1740199327468872,0.44460541009902954,0.5440513491630554
-0.1740199327468872,0.4795301556587219,0.000985636725090444
-0.1740199327468872,0.5319172739982605,0.34040164947509766
0.2189391553401947,0.5319172739982605,0.5440513491630554
0.48091191053390503,0.5319172739982605,0.000985636725090444
0.8738710284233093,0.5486443042755127,0.8441789746284485
0.8738710284233093,-0.02292109839618206,0.7915215492248535
0.8738710284233093,-0.36601075530052185,0.8786712884902954
0.8738710284233093,0.20555466413497925,0.9313286542892456
0.48091191053390503,0.5485337376594543,0.9314907789230347
0.2189391553401947,-0.36607709527015686,0.931058406829834
-0.17402002215385437,0.20555466413497925,0.9313286542892456
-0.17402002215385437,0.5486000776290894,0.8791037201881409
-0.17402002215385437,-0.3659665286540985,0.843746542930603
-0.17402002215385437,0.205731600522995,0.7916296720504761
0.2189391553401947,0.5487106442451477,0.7917917966842651
0.48091191053390503,-0.3659001588821411,0.7913594245910645
0.8738710284233093,-0.3435603678226471,0.5440513491630554
0.8738710284233093,-0.22132377326488495,0.47616806626319885
0.8738710284233093,-0.23878614604473114,0.0009856325341388583
0.8738710284233093,-0.3610227406024933,0.06886884570121765
-0.04303358867764473,-0.3610227406024933,0.5440513491630554
0.742884635925293,-0.3610227406024933,0.0009856325341388583
-0.1740199625492096,-0.3610227406024933,0.06886884570121765
-0.1740199625492096,-0.23878614604473114,0.5440513491630554
-0.1740199625492096,-0.3435603678226471,0.0009856325341388583
-0.1740199625492096,-0.22132377326488495,0.06886884570121765
0.742884635925293,-0.22132377326488495,0.5440513491630554
-0.04303358867764473,-0.22132377326488495,0.0009856325341388583
0.8738709688186646,0.40968063473701477,0.5440513491630554
0.8738709688186646,0.5319172739982605,0.47616806626319885
0.8738709688186646,0.5144549012184143,0.000985636725090444
0.8738709688186646,0.3922182619571686,0.06886884570121765
-0.04303358867764473,0.3922182619571686,0.5440513491630554
0.742884635925293,0.3922182619571686,0.000985636725090444
-0.1740199327468872,0.3922182619571686,0.06886884570121765
-0.1740199327468872,0.5144549012184143,0.5440513491630554
-0.1740199327468872,0.40968063473701477,0.000985636725090444
-0.1740199327468872,0.5319172739982605,0.06886884570121765
0.742884635925293,0.5319172739982605,0.5440513491630554
-0.04303358867764473,0.5319172739982605,0.000985636725090444
0.8738710284233093,0.548555850982666,0.9140284657478333
0.8738710284233093,0.4343843460083008,0.7917377352714539
0.8738710284233093,-0.36592230200767517,0.8088217377662659
0.8738710284233093,-0.25175073742866516,0.9311124682426453
-0.0430336520075798,0.5485337376594543,0.9314907789230347
0.742884635925293,-0.36607709527015686,0.931058406829834
-0.17402002215385437,-0.25175073742866516,0.9311124682426453
-0.17402002215385437,0.548688530921936,0.8092541694641113
-0.17402002215385437,-0.3660549819469452,0.9135960340499878
-0.17402002215385437,-0.2515738308429718,0.791413426399231
0.742884635925293,0.5487106442451477,0.7917917966842651
-0.0430336520075798,-0.3659001588821411,0.7913594245910645
0.34992551803588867,-0.3659665286540985,0.843746542930603
0.34992554783821106,-0.3660549819469452,0.9135960340499878
0.2189391404390335,-0.3659886419773102,0.8612089157104492
0.742884635925293,-0.3659886419773102,0.8612089157104492
0.34992551803588867,0.5486443042755127,0.8441789746284485
0.3499254584312439,0.548555850982666,0.9140284657478333
0.48091191053390503,0.548622190952301,0.8616413474082947
-0.0430336520075798,0.548622190952301,0.8616413474082947
0.48091191053390503,0.09140525013208389,0.7915756106376648
-0.0430336520075798,0.09140525013208389,0.7915756106376648
0.34992551803588867,0.205731600522995,0.7916296720504761
0.3499254584312439,-0.2515738308429718,0.791413426399231
-0.17402002215385437,0.09133890271186829,0.8439627885818481
-0.17402002215385437,0.09125044196844101,0.9138122797012329
-0.17402002215385437,0.20564313232898712,0.8614792227745056
-0.17402002215385437,-0.2516622841358185,0.8612629771232605
0.2189391553401947,0.09122832119464874,0.9312746524810791
0.742884635925293,0.09122832119464874,0.9312746524810791
0.34992551803588867,0.20555466413497925,0.9313286542892456
0.34992554783821106,-0.25175073742866516,0.9311124682426453
0.8738710284233093,0.09129466861486435,0.8788875341415405
0.8738710284233093,0.09138312935829163,0.809037983417511
0.8738710284233093,0.20564313232898712,0.8614792227745056
0.8738710284233093,-0.2516622841358185,0.8612629771232605
0.34992551803588867,0.4795301556587219,0.000985636725090444
0.34992551803588867,0.40968063473701477,0.000985636725090444
0.2189391553401947,0.46206778287887573,0.000985636725090444
0.742884635925293,0.46206778287887573,0.000985636725090444
0.34992551803588867,0.4795301556587219,0.5440513491630554
0.34992551803588867,0.40968063473701477,0.5440513491630554
0.48091191053390503,0.46206778287887573,0.5440513491630554
-0.04303358867764473,0.46206778287887573,0.5440513491630554
0.48091191053390503,0.5319172739982605,0.27251848578453064
-0.04303358867764473,0.5319172739982605,0.27251848578453064
0.34992551803588867,0.5319172739982605,0.34040164947509766
0.34992551803588867,0.5319172739982605,0.06886884570121765
-0.1740199327468872,0.4795301556587219,0.27251848578453064
-0.1740199327468872,0.40968063473701477,0.27251848578453064
-0.1740199327468872,0.46206778287887573,0.34040164947509766
-0.1740199327468872,0.46206778287887573,0.06886884570121765
0.2189391553401947,0.3922182619571686,0.27251848578453064
0.742884635925293,0.3922182619571686,0.27251848578453064
0.34992551803588867,0.3922182619571686,0.34040164947509766
0.34992551803588867,0.3922182619571686,0.06886884570121765
0.8738709688186646,0.44460541009902954,0.27251848578453064
0.8738709688186646,0.5144549012184143,0.27251848578453064
0.8738709688186646,0.46206778287887573,0.34040164947509766
0.8738709688186646,0.46206778287887573,0.06886884570121765
0.34992554783821106,-0.27371087670326233,0.0009856325341388583
0.34992554783821106,-0.3435603678226471,0.0009856325341388583
0.2189391702413559,-0.2911732494831085,0.0009856325341388583
0.742884635925293,-0.2911732494831085,0.0009856325341388583
0.34992554783821106,-0.27371087670326233,0.5440513491630554
0.34992554783821106,-0.3435603678226471,0.5440513491630554
0.4809119403362274,-0.2911732494831085,0.5440513491630554
-0.04303358867764473,-0.2911732494831085,0.5440513491630554
0.4809119403362274,-0.22132377326488495,0.27251848578453064
-0.04303358867764473,-0.22132377326488495,0.27251848578453064
0.34992554783821106,-0.22132377326488495,0.34040164947509766
0.34992554783821106,-0.22132377326488495,0.06886884570121765
-0.1740199625492096,-0.27371087670326233,0.27251848578453064
-0.1740199625492096,-0.3435603678226471,0.27251848578453064
-0.1740199625492096,-0.2911732494831085,0.34040164947509766
-0.1740199625492096,-0.2911732494831085,0.06886884570121765
0.2189391702413559,-0.3610227406024933,0.27251848578453064
0.742884635925293,-0.3610227406024933,0.27251848578453064
0.34992554783821106,-0.3610227406024933,0.34040164947509766
0.34992554783821106,-0.3610227406024933,0.06886884570121765
0.8738710284233093,-0.3086356222629547,0.27251848578453064
0.8738710284233093,-0.23878614604473114,0.27251848578453064
0.8738710284233093,-0.2911732494831085,0.34040164947509766
0.8738710284233093,-0.2911732494831085,0.06886884570121765
0.8738710284233093,-0.27371087670326233,0.13675205409526825
0.8738710284233093,-0.23878614604473114,0.13675205409526825
0.8738710284233093,-0.25624850392341614,0.20463524758815765
0.8738710284233093,-0.25624850392341614,0.06886884570121765
0.8738710284233093,-0.27371087670326233,0.40828484296798706
0.8738710284233093,-0.23878614604473114,0.40828484296798706
0.8738710284233093,-0.25624850392341614,0.47616806626319885
0.8738710284233093,-0.25624850392341614,0.34040164947509766
0.8738710284233093,-0.3435603678226471,0.40828484296798706
0.8738710284233093,-0.3086356222629547,0.40828484296798706
0.8738710284233093,-0.3260979950428009,0.47616806626319885
0.8738710284233093,-0.3260979950428009,0.34040164947509766
0.4809119403362274,-0.3610227406024933,0.13675205409526825
0.742884635925293,-0.3610227406024933,0.13675205409526825
0.6118982434272766,-0.3610227406024933,0.20463524758815765
0.6118982434272766,-0.3610227406024933,0.06886884570121765
0.4809119403362274,-0.3610227406024933,0.40828484296798706
0.742884635925293,-0.3610227406024933,0.40828484296798706
0.6118982434272766,-0.3610227406024933,0.47616806626319885
0.6118982434272766,-0.3610227406024933,0.34040164947509766
-0.04303358867764473,-0.3610227406024933,0.40828484296798706
0.2189391702413559,-0.3610227406024933,0.40828484296798706
0.08795278519392014,-0.3610227406024933,0.47616806626319885
0.08795278519392014,-0.3610227406024933,0.34040164947509766
-0.1740199625492096,-0.3086356222629547,0.13675205409526825
-0.1740199625492096,-0.3435603678226471,0.13675205409526825
-0.1740199625492096,-0.3260979950428009,0.20463524758815765
-0.1740199625492096,-0.3260979950428009,0.06886884570121765
-0.1740199625492096,-0.3086356222629547,0.40828484296798706
-0.1740199625492096,-0.3435603678226471,0.40828484296798706
-0.1740199625492096,-0.3260979950428009,0.47616806626319885
-0.1740199625492096,-0.3260979950428009,0.34040164947509766
-0.1740199625492096,-0.23878614604473114,0.40828484296798706
-0.1740199625492096,-0.27371087670326233,0.40828484296798706
-0.1740199625492096,-0.25624850392341614,0.47616806626319885
-0.1740199625492096,-0.25624850392341614,0.34040164947509766
0.2189391702413559,-0.22132377326488495,0.13675205409526825
-0.04303358867764473,-0.22132377326488495,0.13675205409526825
0.08795278519392014,-0.22132377326488495,0.20463524758815765
0.08795278519392014,-0.22132377326488495,0.06886884570121765
0.2189391702413559,-0.22132377326488495,0.40828484296798706
-0.04303358867764473,-0.22132377326488495,0.40828484296798706
0.08795278519392014,-0.22132377326488495,0.47616806626319885
0.08795278519392014,-0.22132377326488495,0.34040164947509766
0.742884635925293,-0.22132377326488495,0.40828484296798706
0.4809119403362274,-0.22132377326488495,0.40828484296798706
0.6118982434272766,-0.22132377326488495,0.47616806626319885
0.6118982434272766,-0.22132377326488495,0.34040164947509766
0.08795278519392014,-0.3086356222629547,0.5440513491630554
0.08795278519392014,-0.3435603678226471,0.5440513491630554
0.2189391702413559,-0.3260979950428009,0.5440513491630554
-0.04303358867764473,-0.3260979950428009,0.5440513491630554
0.6118982434272766,-0.3086356222629547,0.5440513491630554
0.6118982434272766,-0.3435603678226471,0.5440513491630554
0.742884635925293,-0.3260979950428009,0.5440513491630554
0.4809119403362274,-0.3260979950428009,0.5440513491630554
0.6118982434272766,-0.23878614604473114,0.5440513491630554
0.6118982434272766,-0.27371087670326233,0.5440513491630554
0.742884635925293,-0.25624850392341614,0.5440513491630554
0.4809119403362274,-0.25624850392341614,0.5440513491630554
0.6118982434272766,-0.3086356222629547,0.0009856325341388583
0.6118982434272766,-0.3435603678226471,0.0009856325341388583
0.4809119403362274,-0.3260979950428009,0.0009856325341388583
0.742884635925293,-0.3260979950428009,0.0009856325341388583
0.08795278519392014,-0.3086356222629547,0.0009856325341388583
0.08795278519392014,-0.3435603678226471,0.0009856325341388583
-0.04303358867764473,-0.3260979950428009,0.0009856325341388583
0.2189391702413559,-0.3260979950428009,0.0009856325341388583
0.08795278519392014,-0.23878614604473114,0.0009856325341388583
0.08795278519392014,-0.27371087670326233,0.0009856325341388583
-0.04303358867764473,-0.25624850392341614,0.0009856325341388583
0.2189391702413559,-0.25624850392341614,0.0009856325341388583
0.8738709688186646,0.4795301556587219,0.13675205409526825
0.8738709688186646,0.5144549012184143,0.13675205409526825
0.8738709688186646,0.4969925284385681,0.20463524758815765
0.8738709688186646,0.4969925284385681,0.06886884570121765
0.8738709688186646,0.4795301556587219,0.40828484296798706
0.8738709688186646,0.5144549012184143,0.40828484296798706
0.8738709688186646,0.4969925284385681,0.47616806626319885
0.8738709688186646,0.4969925284385681,0.34040164947509766
0.8738709688186646,0.40968063473701477,0.40828484296798706
0.8738709688186646,0.44460541009902954,0.40828484296798706
0.8738709688186646,0.42714303731918335,0.47616806626319885
0.8738709688186646,0.42714303731918335,0.34040164947509766
0.48091191053390503,0.3922182619571686,0.13675205409526825
0.742884635925293,0.3922182619571686,0.13675205409526825
0.6118982434272766,0.3922182619571686,0.20463524758815765
0.6118982434272766,0.3922182619571686,0.06886884570121765
0.48091191053390503,0.3922182619571686,0.40828484296798706
0.742884635925293,0.3922182619571686,0.40828484296798706
0.6118982434272766,0.3922182619571686,0.47616806626319885
0.6118982434272766,0.3922182619571686,0.34040164947509766
-0.04303358867764473,0.3922182619571686,0.40828484296798706
0.2189391553401947,0.3922182619571686,0.40828484296798706
0.08795278519392014,0.3922182619571686,0.47616806626319885
0.08795278519392014,0.3922182619571686,0.34040164947509766
-0.1740199327468872,0.44460541009902954,0.13675205409526825
-0.1740199327468872,0.40968063473701477,0.13675205409526825
-0.1740199327468872,0.42714303731918335,0.20463524758815765
-0.1740199327468872,0.42714303731918335,0.06886884570121765
-0.1740199327468872,0.44460541009902954,0.40828484296798706
-0.1740199327468872,0.40968063473701477,0.40828484296798706
-0.1740199327468872,0.42714303731918335,0.47616806626319885
-0.1740199327468872,0.42714303731918335,0.34040164947509766
-0.1740199327468872,0.5144549012184143,0.40828484296798706
-0.1740199327468872,0.4795301556587219,0.40828484296798706
-0.1740199327468872,0.4969925284385681,0.47616806626319885
-0.1740199327468872,0.4969925284385681,0.34040164947509766
0.2189391553401947,0.5319172739982605,0.13675205409526825
-0.04303358867764473,0.5319172739982605,0.13675205409526825
0.08795278519392014,0.5319172739982605,0.20463524758815765
0.08795278519392014,0.5319172739982605,0.06886884570121765
0.2189391553401947,0.5319172739982605,0.40828484296798706
-0.04303358867764473,0.5319172739982605,0.40828484296798706
0.08795278519392014,0.5319172739982605,0.47616806626319885
0.08795278519392014,0.5319172739982605,0.34040164947509766
0.742884635925293,0.5319172739982605,0.40828484296798706
0.48091191053390503,0.5319172739982605,0.40828484296798706
0.6118982434272766,0.5319172739982605,0.47616806626319885
0.6118982434272766,0.5319172739982605,0.34040164947509766
0.08795278519392014,0.44460541009902954,0.5440513491630554
0.08795278519392014,0.40968063473701477,0.5440513491630554
0.2189391553401947,0.42714303731918335,0.5440513491630554
-0.04303358867764473,0.42714303731918335,0.5440513491630554
0.6118982434272766,0.44460541009902954,0.5440513491630554
0.6118982434272766,0.40968063473701477,0.5440513491630554
0.742884635925293,0.42714303731918335,0.5440513491630554
0.48091191053390503,0.42714303731918335,0.5440513491630554
0.6118982434272766,0.5144549012184143,0.5440513491630554
0.6118982434272766,0.4795301556587219,0.5440513491630554
0.742884635925293,0.4969925284385681,0.5440513491630554
0.48091191053390503,0.4969925284385681,0.5440513491630554
0.6118982434272766,0.44460541009902954,0.000985636725090444
0.6118982434272766,0.40968063473701477,0.000985636725090444
0.48091191053390503,0.42714303731918335,0.000985636725090444
0.742884635925293,0.42714303731918335,0.000985636725090444
0.08795278519392014,0.44460541009902954,0.000985636725090444
0.08795278519392014,0.40968063473701477,0.000985636725090444
-0.04303358867764473,0.42714303731918335,0.000985636725090444
0.2189391553401947,0.42714303731918335,0.000985636725090444
0.08795278519392014,0.5144549012184143,0.000985636725090444
0.08795278519392014,0.4795301556587219,0.000985636725090444
-0.04303358867764473,0.4969925284385681,0.000985636725090444
0.2189391553401947,0.4969925284385681,0.000985636725090444
0.8738710284233093,-0.13731379806995392,0.8438547253608704
0.8738710284233093,-0.13726957142353058,0.8089299201965332
0.8738710284233093,-0.022965330630540848,0.8264462947845459
0.8738710284233093,-0.25161802768707275,0.8263381719589233
0.8738710284233093,0.3199915885925293,0.8440709114074707
0.8738710284233093,0.320035845041275,0.8091460466384888
0.8738710284233093,0.43434011936187744,0.8266624808311462
0.8738710284233093,0.20568735897541046,0.8265544176101685
0.8738710284233093,0.3199031352996826,0.9139202833175659
0.8738710284233093,0.31994736194610596,0.8789955377578735
0.8738710284233093,0.43425166606903076,0.8965120315551758
0.8738710284233093,0.20559890568256378,0.8964039087295532
0.4809119403362274,-0.13742439448833466,0.9311665296554565
0.742884635925293,-0.13742439448833466,0.9311665296554565
0.6118982434272766,-0.023098023608326912,0.931220531463623
0.6118982434272766,-0.25175073742866516,0.9311124682426453
0.48091191053390503,0.31988102197647095,0.9313826560974121
0.742884635925293,0.31988102197647095,0.9313826560974121
0.6118982434272766,0.43420740962028503,0.9314367771148682
0.6118982434272766,0.20555466413497925,0.9313286542892456
-0.0430336520075798,0.31988102197647095,0.9313826560974121
0.2189391404390335,0.31988102197647095,0.9313826560974121
0.08795272558927536,0.43420740962028503,0.9314367771148682
0.08795275539159775,0.20555466413497925,0.9313286542892456
-0.17402002215385437,-0.13735803961753845,0.878779411315918
-0.17402002215385437,-0.13740228116512299,0.9137041568756104
-0.17402002215385437,-0.023053793236613274,0.8962957859039307
-0.17402002215385437,-0.2517065107822418,0.8961877226829529
-0.17402002215385437,0.31994736194610596,0.8789955377578735
-0.17402002215385437,0.3199031352996826,0.9139202833175659
-0.17402002215385437,0.43425166606903076,0.8965120315551758
-0.17402002215385437,0.20559890568256378,0.8964039087295532
-0.17402002215385437,0.320035845041275,0.8091460466384888
-0.17402002215385437,0.3199915885925293,0.8440709114074707
-0.17402002215385437,0.43434011936187744,0.8266624808311462
-0.17402002215385437,0.20568735897541046,0.8265544176101685
0.21893911063671112,-0.1372474730014801,0.791467547416687
-0.0430336520075798,-0.1372474730014801,0.791467547416687
0.08795272558927536,-0.02292109839618206,0.7915215492248535
0.08795272558927536,-0.2515738308429718,0.791413426399231
0.21893912553787231,0.3200579583644867,0.7916836738586426
-0.0430336520075798,0.3200579583644867,0.7916836738586426
0.08795272558927536,0.4343843460083008,0.7917377352714539
0.08795272558927536,0.205731600522995,0.7916296720504761
0.742884635925293,0.3200579583644867,0.7916836738586426
0.48091191053390503,0.3200579583644867,0.7916836738586426
0.6118982434272766,0.4343843460083008,0.7917377352714539
0.6118982434272766,0.205731600522995,0.7916296720504761
0.08795272558927536,0.5486000776290894,0.8791037201881409
0.08795272558927536,0.548555850982666,0.9140284657478333
0.21893911063671112,0.5485779643058777,0.8965660929679871
-0.0430336520075798,0.5485779643058777,0.8965660929679871
0.6118982434272766,0.5486000776290894,0.8791037201881409
0.6118982434272766,0.548555850982666,0.9140284657478333
0.742884635925293,0.5485779643058777,0.8965660929679871
0.48091191053390503,0.5485779643058777,0.8965660929679871
0.6118982434272766,0.548688530921936,0.8092541694641113
0.6118982434272766,0.5486443042755127,0.8441789746284485
0.742884635925293,0.5486664175987244,0.8267165422439575
0.48091191053390503,0.5486664175987244,0.8267165422439575
0.6118982434272766,-0.36601075530052185,0.8786712884902954
0.6118982434272766,-0.3660549819469452,0.9135960340499878
0.4809119403362274,-0.3660328686237335,0.8961336612701416
0.742884635925293,-0.3660328686237335,0.8961336612701416
0.08795275539159775,-0.36601075530052185,0.8786712884902954
0.08795275539159775,-0.3660549819469452,0.9135960340499878
-0.0430336520075798,-0.3660328686237335,0.8961336612701416
0.2189391553401947,-0.3660328686237335,0.8961336612701416
0.08795272558927536,-0.36592230200767517,0.8088217377662659
0.08795272558927536,-0.3659665286540985,0.843746542930603
-0.0430336520075798,-0.36594441533088684,0.8262841105461121
0.21893912553787231,-0.36594441533088684,0.8262841105461121
0.6118982434272766,-0.36592230200767517,0.8088217377662659
0.6118982434272766,-0.3659665286540985,0.843746542930603
0.48091191053390503,-0.36594441533088684,0.8262841105461121
0.742884635925293,-0.36594441533088684,0.8262841105461121
0.08795272558927536,0.548688530921936,0.8092541694641113
0.08795272558927536,0.5486443042755127,0.8441789746284485
0.2189391404390335,0.5486664175987244,0.8267165422439575
-0.0430336520075798,0.5486664175987244,0.8267165422439575
0.742884635925293,-0.13724744319915771,0.791467547416687
0.48091191053390503,-0.13724744319915771,0.791467547416687
0.6118982434272766,-0.02292109839618206,0.7915215492248535
0.6118982434272766,-0.2515738010406494,0.791413426399231
-0.17402002215385437,-0.13726958632469177,0.8089299201965332
-0.17402002215385437,-0.1373138129711151,0.8438547253608704
-0.17402002215385437,-0.022965330630540848,0.8264462947845459
-0.17402002215385437,-0.25161805748939514,0.8263381719589233
-0.0430336520075798,-0.13742439448833466,0.9311665296554565
0.2189391553401947,-0.13742439448833466,0.9311665296554565
0.08795275539159775,-0.023098023608326912,0.931220531463623
0.08795275539159775,-0.25175073742866516,0.9311124682426453
0.8738710284233093,-0.13740228116512299,0.9137041568756104
0.8738710284233093,-0.13735803961753845,0.878779411315918
0.8738710284233093,-0.023053793236613274,0.8962957859039307
0.8738710284233093,-0.2517065107822418,0.8961877226829529
0.6118982434272766,0.5144549012184143,0.000985636725090444
0.6118982434272766,0.4795301556587219,0.000985636725090444
0.48091191053390503,0.4969925284385681,0.000985636725090444
0.742884635925293,0.4969925284385681,0.000985636725090444
0.08795278519392014,0.5144549012184143,0.5440513491630554
0.08795278519392014,0.4795301556587219,0.5440513491630554
0.2189391553401947,0.4969925284385681,0.5440513491630554
-0.04303358867764473,0.4969925284385681,0.5440513491630554
0.742884635925293,0.5319172739982605,0.13675205409526825
0.48091191053390503,0.5319172739982605,0.13675205409526825
0.6118982434272766,0.5319172739982605,0.20463524758815765
0.6118982434272766,0.5319172739982605,0.06886884570121765
-0.1740199327468872,0.5144549012184143,0.13675205409526825
-0.1740199327468872,0.4795301556587219,0.13675205409526825
-0.1740199327468872,0.4969925284385681,0.20463524758815765
-0.1740199327468872,0.4969925284385681,0.06886884570121765
-0.04303358867764473,0.3922182619571686,0.13675205409526825
0.2189391553401947,0.3922182619571686,0.13675205409526825
0.08795278519392014,0.3922182619571686,0.20463524758815765
0.08795278519392014,0.3922182619571686,0.06886884570121765
0.8738709688186646,0.40968063473701477,0.13675205409526825
0.8738709688186646,0.44460541009902954,0.13675205409526825
0.8738709688186646,0.42714303731918335,0.20463524758815765
0.8738709688186646,0.42714303731918335,0.06886884570121765
0.6118982434272766,-0.23878614604473114,0.0009856325341388583
0.6118982434272766,-0.27371087670326233,0.0009856325341388583
0.4809119403362274,-0.25624850392341614,0.0009856325341388583
0.742884635925293,-0.25624850392341614,0.0009856325341388583
0.08795278519392014,-0.23878614604473114,0.5440513491630554
0.08795278519392014,-0.27371087670326233,0.5440513491630554
0.2189391702413559,-0.25624850392341614,0.5440513491630554
-0.04303358867764473,-0.25624850392341614,0.5440513491630554
0.742884635925293,-0.22132377326488495,0.13675205409526825
0.4809119403362274,-0.22132377326488495,0.13675205409526825
0.6118982434272766,-0.22132377326488495,0.20463524758815765
0.6118982434272766,-0.22132377326488495,0.06886884570121765
-0.1740199625492096,-0.23878614604473114,0.13675205409526825
-0.1740199625492096,-0.27371087670326233,0.13675205409526825
-0.1740199625492096,-0.25624850392341614,0.20463524758815765
-0.1740199625492096,-0.25624850392341614,0.06886884570121765
-0.04303358867764473,-0.3610227406024933,0.13675205409526825
0.2189391702413559,-0.3610227406024933,0.13675205409526825
0.08795278519392014,-0.3610227406024933,0.20463524758815765
0.08795278519392014,-0.3610227406024933,0.06886884570121765
0.8738710284233093,-0.3435603678226471,0.13675205409526825
0.8738710284233093,-0.3086356222629547,0.13675205409526825
0.8738710284233093,-0.3260979950428009,0.20463524758815765
0.8738710284233093,-0.3260979950428009,0.06886884570121765
0.8738710284233093,-0.3086356222629547,0.06886884570121765
0.8738710284233093,-0.3086356222629547,0.20463524758815765
0.8738710284233093,-0.3435603678226471,0.20463524758815765
0.2189391702413559,-0.3610227406024933,0.06886884570121765
0.2189391702413559,-0.3610227406024933,0.20463524758815765
-0.04303358867764473,-0.3610227406024933,0.20463524758815765
-0.1740199625492096,-0.27371087670326233,0.06886884570121765
-0.1740199625492096,-0.27371087670326233,0.20463524758815765
-0.1740199625492096,-0.23878614604473114,0.20463524758815765
0.4809119403362274,-0.22132377326488495,0.06886884570121765
0.4809119403362274,-0.22132377326488495,0.20463524758815765
0.742884635925293,-0.22132377326488495,0.20463524758815765
-0.04303358867764473,-0.27371087670326233,0.5440513491630554
0.2189391702413559,-0.27371087670326233,0.5440513491630554
0.2189391702413559,-0.23878614604473114,0.5440513491630554
0.742884635925293,-0.27371087670326233,0.0009856325341388583
0.4809119403362274,-0.27371087670326233,0.0009856325341388583
0.4809119403362274,-0.23878614604473114,0.0009856325341388583
0.8738709688186646,0.44460541009902954,0.06886884570121765
0.8738709688186646,0.44460541009902954,0.20463524758815765
0.8738709688186646,0.40968063473701477,0.20463524758815765
0.2189391553401947,0.3922182619571686,0.06886884570121765
0.2189391553401947,0.3922182619571686,0.20463524758815765
-0.04303358867764473,0.3922182619571686,0.20463524758815765
-0.1740199327468872,0.4795301556587219,0.06886884570121765
-0.1740199327468872,0.4795301556587219,0.20463524758815765
-0.1740199327468872,0.5144549012184143,0.20463524758815765
0.48091191053390503,0.5319172739982605,0.06886884570121765
0.48091191053390503,0.5319172739982605,0.20463524758815765
0.742884635925293,0.5319172739982605,0.20463524758815765
-0.04303358867764473,0.4795301556587219,0.5440513491630554
0.2189391553401947,0.4795301556587219,0.5440513491630554
0.2189391553401947,0.5144549012184143,0.5440513491630554
0.742884635925293,0.4795301556587219,0.000985636725090444
0.48091191053390503,0.4795301556587219,0.000985636725090444
0.48091191053390503,0.5144549012184143,0.000985636725090444
0.8738710284233093,-0.25168439745903015,0.8787253499031067
0.8738710284233093,-0.023031676188111305,0.8788334131240845
0.8738710284233093,-0.023075908422470093,0.9137581586837769
0.2189391553401947,-0.25175073742866516,0.9311124682426453
0.2189391553401947,-0.023098023608326912,0.931220531463623
-0.0430336520075798,-0.023098023608326912,0.931220531463623
-0.17402002215385437,-0.2516401708126068,0.8438006043434143
-0.17402002215385437,-0.022987445816397667,0.8439086675643921
-0.17402002215385437,-0.02294321358203888,0.8089839220046997
0.48091191053390503,-0.2515738308429718,0.791413426399231
0.48091191053390503,-0.02292109839618206,0.7915215492248535
0.742884635925293,-0.02292109839618206,0.7915215492248535
-0.0430336520075798,0.5486443042755127,0.8441789746284485
0.2189391404390335,0.5486443042755127,0.8441789746284485
0.2189391404390335,0.548688530921936,0.8092541694641113
0.742884635925293,-0.3659665286540985,0.843746542930603
0.48091191053390503,-0.3659665286540985,0.843746542930603
0.48091191053390503,-0.36592230200767517,0.8088217377662659
0.2189391404390335,-0.3659665286540985,0.843746542930603
-0.0430336520075798,-0.3659665286540985,0.843746542930603
-0.0430336520075798,-0.36592230200767517,0.8088217377662659
0.2189391553401947,-0.3660549819469452,0.9135960340499878
-0.0430336520075798,-0.3660549819469452,0.9135960340499878
-0.0430336520075798,-0.36601075530052185,0.8786712884902954
0.742884635925293,-0.3660549819469452,0.9135960340499878
0.4809119403362274,-0.3660549819469452,0.9135960340499878
0.4809119403362274,-0.36601075530052185,0.8786712884902954
0.48091191053390503,0.5486443042755127,0.8441789746284485
0.742884635925293,0.5486443042755127,0.8441789746284485
0.742884635925293,0.548688530921936,0.8092541694641113
0.48091191053390503,0.548555850982666,0.9140284657478333
0.742884635925293,0.548555850982666,0.9140284657478333
0.742884635925293,0.5486000776290894,0.8791037201881409
-0.0430336520075798,0.548555850982666,0.9140284657478333
0.21893911063671112,0.548555850982666,0.9140284657478333
0.21893911063671112,0.5486000776290894,0.8791037201881409
0.48091191053390503,0.205731600522995,0.7916296720504761
0.48091191053390503,0.4343843460083008,0.7917377352714539
0.742884635925293,0.4343843460083008,0.7917377352714539
-0.0430336520075798,0.205731600522995,0.7916296720504761
-0.0430336520075798,0.4343843460083008,0.7917377352714539
0.2189391404390335,0.4343843460083008,0.7917377352714539
-0.0430336520075798,-0.2515738308429718,0.791413426399231
-0.0430336520075798,-0.02292109839618206,0.7915215492248535
0.21893911063671112,-0.02292109839618206,0.7915215492248535
-0.17402002215385437,0.2056652456521988,0.8440168499946594
-0.17402002215385437,0.43431800603866577,0.8441249132156372
-0.17402002215385437,0.4343622326850891,0.8092001080513
-0.17402002215385437,0.20557677745819092,0.9138662815093994
-0.17402002215385437,0.4342295527458191,0.913974404335022
-0.17402002215385437,0.43427377939224243,0.8790496587753296
-0.17402002215385437,-0.2517286241054535,0.9136500954627991
-0.17402002215385437,-0.023075908422470093,0.9137581586837769
-0.17402002215385437,-0.023031676188111305,0.8788334131240845
0.2189391553401947,0.20555466413497925,0.9313286542892456
0.21893912553787231,0.43420740962028503,0.9314367771148682
-0.0430336520075798,0.43420740962028503,0.9314367771148682
0.742884635925293,0.20555466413497925,0.9313286542892456
0.742884635925293,0.43420740962028503,0.9314367771148682
0.48091191053390503,0.43420740962028503,0.9314367771148682
0.742884635925293,-0.25175073742866516,0.9311124682426453
0.742884635925293,-0.023098023608326912,0.931220531463623
0.4809119403362274,-0.023098023608326912,0.931220531463623
0.8738710284233093,0.20562101900577545,0.8789415955543518
0.8738710284233093,0.43427377939224243,0.8790496587753296
0.8738710284233093,0.4342295527458191,0.913974404335022
0.8738710284233093,0.20570947229862213,0.8090920448303223
0.8738710284233093,0.4343622326850891,0.8092001080513
0.8738710284233093,0.43431800603866577,0.8441249132156372
0.8738710284233093,-0.2515959143638611,0.8088757991790771
0.8738710284233093,-0.02294321358203888,0.8089839220046997
0.8738710284233093,-0.022987445816397667,0.8439086675643921
0.2189391553401947,0.4795301556587219,0.000985636725090444
-0.04303358867764473,0.4795301556587219,0.000985636725090444
-0.04303358867764473,0.5144549012184143,0.000985636725090444
0.2189391553401947,0.40968063473701477,0.000985636725090444
-0.04303358867764473,0.40968063473701477,0.000985636725090444
-0.04303358867764473,0.44460541009902954,0.000985636725090444
0.742884635925293,0.40968063473701477,0.000985636725090444
0.48091191053390503,0.40968063473701477,0.000985636725090444
0.48091191053390503,0.44460541009902954,0.000985636725090444
0.48091191053390503,0.4795301556587219,0.5440513491630554
0.742884635925293,0.4795301556587219,0.5440513491630554
0.742884635925293,0.5144549012184143,0.5440513491630554
0.48091191053390503,0.40968063473701477,0.5440513491630554
0.742884635925293,0.40968063473701477,0.5440513491630554
0.742884635925293,0.44460541009902954,0.5440513491630554
-0.04303358867764473,0.40968063473701477,0.5440513491630554
0.2189391553401947,0.40968063473701477,0.5440513491630554
0.2189391553401947,0.44460541009902954,0.5440513491630554
0.48091191053390503,0.5319172739982605,0.34040164947509766
0.48091191053390503,0.5319172739982605,0.47616806626319885
0.742884635925293,0.5319172739982605,0.47616806626319885
-0.04303358867764473,0.5319172739982605,0.34040164947509766
-0.04303358867764473,0.5319172739982605,0.47616806626319885
0.2189391553401947,0.5319172739982605,0.47616806626319885
-0.04303358867764473,0.5319172739982605,0.06886884570121765
-0.04303358867764473,0.5319172739982605,0.20463524758815765
0.2189391553401947,0.5319172739982605,0.20463524758815765
-0.1740199327468872,0.4795301556587219,0.34040164947509766
-0.1740199327468872,0.4795301556587219,0.47616806626319885
-0.1740199327468872,0.5144549012184143,0.47616806626319885
-0.1740199327468872,0.40968063473701477,0.34040164947509766
-0.1740199327468872,0.40968063473701477,0.47616806626319885
-0.1740199327468872,0.44460541009902954,0.47616806626319885
-0.1740199327468872,0.40968063473701477,0.06886884570121765
-0.1740199327468872,0.40968063473701477,0.20463524758815765
-0.1740199327468872,0.44460541009902954,0.20463524758815765
0.2189391553401947,0.3922182619571686,0.34040164947509766
0.2189391553401947,0.3922182619571686,0.47616806626319885
-0.04303358867764473,0.3922182619571686,0.47616806626319885
0.742884635925293,0.3922182619571686,0.34040164947509766
0.742884635925293,0.3922182619571686,0.47616806626319885
0.48091191053390503,0.3922182619571686,0.47616806626319885
0.742884635925293,0.3922182619571686,0.06886884570121765
0.742884635925293,0.3922182619571686,0.20463524758815765
0.48091191053390503,0.3922182619571686,0.20463524758815765
0.8738709688186646,0.44460541009902954,0.34040164947509766
0.8738709688186646,0.44460541009902954,0.47616806626319885
0.8738709688186646,0.40968063473701477,0.47616806626319885
0.8738709688186646,0.5144549012184143,0.34040164947509766
0.8738709688186646,0.5144549012184143,0.47616806626319885
0.8738709688186646,0.4795301556587219,0.47616806626319885
0.8738709688186646,0.5144549012184143,0.06886884570121765
0.8738709688186646,0.5144549012184143,0.20463524758815765
0.8738709688186646,0.4795301556587219,0.20463524758815765
0.2189391702413559,-0.27371087670326233,0.0009856325341388583
-0.04303358867764473,-0.27371087670326233,0.0009856325341388583
-0.04303358867764473,-0.23878614604473114,0.0009856325341388583
0.2189391702413559,-0.3435603678226471,0.0009856325341388583
-0.04303358867764473,-0.3435603678226471,0.0009856325341388583
-0.04303358867764473,-0.3086356222629547,0.0009856325341388583
0.742884635925293,-0.3435603678226471,0.0009856325341388583
0.4809119403362274,-0.3435603678226471,0.0009856325341388583
0.4809119403362274,-0.3086356222629547,0.0009856325341388583
0.4809119403362274,-0.27371087670326233,0.5440513491630554
0.742884635925293,-0.27371087670326233,0.5440513491630554
0.742884635925293,-0.23878614604473114,0.5440513491630554
0.4809119403362274,-0.3435603678226471,0.5440513491630554
0.742884635925293,-0.3435603678226471,0.5440513491630554
0.742884635925293,-0.3086356222629547,0.5440513491630554
-0.04303358867764473,-0.3435603678226471,0.5440513491630554
0.2189391702413559,-0.3435603678226471,0.5440513491630554
0.2189391702413559,-0.3086356222629547,0.5440513491630554
0.4809119403362274,-0.22132377326488495,0.34040164947509766
0.4809119403362274,-0.22132377326488495,0.47616806626319885
0.742884635925293,-0.22132377326488495,0.47616806626319885
-0.04303358867764473,-0.22132377326488495,0.34040164947509766
-0.04303358867764473,-0.22132377326488495,0.47616806626319885
0.2189391702413559,-0.22132377326488495,0.47616806626319885
-0.04303358867764473,-0.22132377326488495,0.06886884570121765
-0.04303358867764473,-0.22132377326488495,0.20463524758815765
0.2189391702413559,-0.22132377326488495,0.20463524758815765
-0.1740199625492096,-0.27371087670326233,0.34040164947509766
-0.1740199625492096,-0.27371087670326233,0.47616806626319885
-0.1740199625492096,-0.23878614604473114,0.47616806626319885
-0.1740199625492096,-0.3435603678226471,0.34040164947509766
-0.1740199625492096,-0.3435603678226471,0.47616806626319885
-0.1740199625492096,-0.3086356222629547,0.47616806626319885
-0.1740199625492096,-0.3435603678226471,0.06886884570121765
-0.1740199625492096,-0.3435603678226471,0.20463524758815765
-0.1740199625492096,-0.3086356222629547,0.20463524758815765
0.2189391702413559,-0.3610227406024933,0.34040164947509766
0.2189391702413559,-0.3610227406024933,0.47616806626319885
-0.04303358867764473,-0.3610227406024933,0.47616806626319885
0.742884635925293,-0.3610227406024933,0.34040164947509766
0.742884635925293,-0.3610227406024933,0.47616806626319885
0.4809119403362274,-0.3610227406024933,0.47616806626319885
0.742884635925293,-0.3610227406024933,0.06886884570121765
0.742884635925293,-0.3610227406024933,0.20463524758815765
0.4809119403362274,-0.3610227406024933,0.20463524758815765
0.8738710284233093,-0.3086356222629547,0.34040164947509766
0.8738710284233093,-0.3086356222629547,0.47616806626319885
0.8738710284233093,-0.3435603678226471,0.47616806626319885
0.8738710284233093,-0.23878614604473114,0.34040164947509766
0.8738710284233093,-0.23878614604473114,0.47616806626319885
0.8738710284233093,-0.27371087670326233,0.47616806626319885
0.8738710284233093,-0.23878614604473114,0.06886884570121765
0.8738710284233093,-0.23878614604473114,0.20463524758815765
0.8738710284233093,-0.27371087670326233,0.20463524758815765
0.8738710284233093,-0.27371087670326233,0.06886884570121765
0.8738710284233093,-0.27371087670326233,0.34040164947509766
0.8738710284233093,-0.3435603678226471,0.34040164947509766
0.4809119403362274,-0.3610227406024933,0.06886884570121765
0.4809119403362274,-0.3610227406024933,0.34040164947509766
-0.04303358867764473,-0.3610227406024933,0.34040164947509766
-0.1740199625492096,-0.3086356222629547,0.06886884570121765
-0.1740199625492096,-0.3086356222629547,0.34040164947509766
-0.1740199625492096,-0.23878614604473114,0.34040164947509766
0.2189391702413559,-0.22132377326488495,0.06886884570121765
0.2189391702413559,-0.22132377326488495,0.34040164947509766
0.742884635925293,-0.22132377326488495,0.34040164947509766
-0.04303358867764473,-0.3086356222629547,0.5440513491630554
0.4809119403362274,-0.3086356222629547,0.5440513491630554
0.4809119403362274,-0.23878614604473114,0.5440513491630554
0.742884635925293,-0.3086356222629547,0.0009856325341388583
0.2189391702413559,-0.3086356222629547,0.0009856325341388583
0.2189391702413559,-0.23878614604473114,0.0009856325341388583
0.8738709688186646,0.4795301556587219,0.06886884570121765
0.8738709688186646,0.4795301556587219,0.34040164947509766
0.8738709688186646,0.40968063473701477,0.34040164947509766
0.48091191053390503,0.3922182619571686,0.06886884570121765
0.48091191053390503,0.3922182619571686,0.34040164947509766
-0.04303358867764473,0.3922182619571686,0.34040164947509766
-0.1740199327468872,0.44460541009902954,0.06886884570121765
-0.1740199327468872,0.44460541009902954,0.34040164947509766
-0.1740199327468872,0.5144549012184143,0.34040164947509766
0.2189391553401947,0.5319172739982605,0.06886884570121765
0.2189391553401947,0.5319172739982605,0.34040164947509766
0.742884635925293,0.5319172739982605,0.34040164947509766
-0.04303358867764473,0.44460541009902954,0.5440513491630554
0.48091191053390503,0.44460541009902954,0.5440513491630554
0.48091191053390503,0.5144549012184143,0.5440513491630554
0.742884635925293,0.44460541009902954,0.000985636725090444
0.2189391553401947,0.44460541009902954,0.000985636725090444
0.2189391553401947,0.5144549012184143,0.000985636725090444
0.8738710284233093,-0.2516401708126068,0.8438006043434143
0.8738710284233093,0.2056652456521988,0.8440168499946594
0.8738710284233093,0.20557677745819092,0.9138662815093994
0.4809119403362274,-0.25175073742866516,0.9311124682426453
0.4809119403362274,0.20555466413497925,0.9313286542892456
-0.0430336520075798,0.20555466413497925,0.9313286542892456
-0.17402002215385437,-0.25168439745903015,0.8787253499031067
-0.17402002215385437,0.20562101900577545,0.8789415955543518
-0.17402002215385437,0.20570947229862213,0.8090920448303223
0.21893911063671112,-0.2515738308429718,0.791413426399231
0.21893911063671112,0.205731600522995,0.7916296720504761
0.742884635925293,0.205731600522995,0.7916296720504761
-0.0430336520075798,0.5486000776290894,0.8791037201881409
0.48091191053390503,0.5486000776290894,0.8791037201881409
0.4809119403362274,0.548688530921936,0.8092541694641113
0.742884635925293,-0.36601075530052185,0.8786712884902954
0.2189391404390335,-0.36601075530052185,0.8786712884902954
0.21893911063671112,-0.36592230200767517,0.8088217377662659
0.742884635925293,-0.36592230200767517,0.8088217377662659
-0.0430336520075798,0.548688530921936,0.8092541694641113
0.742884635925293,-0.2515738010406494,0.791413426399231
-0.17402002215385437,-0.25159594416618347,0.8088757991790771
-0.0430336520075798,-0.25175073742866516,0.9311124682426453
0.8738710284233093,-0.2517286241054535,0.9136500954627991
0.742884635925293,0.5144549012184143,0.000985636725090444
-0.04303358867764473,0.5144549012184143,0.5440513491630554
0.742884635925293,0.5319172739982605,0.06886884570121765
-0.1740199327468872,0.5144549012184143,0.06886884570121765
-0.04303358867764473,0.3922182619571686,0.06886884570121765
0.8738709688186646,0.40968063473701477,0.06886884570121765
0.742884635925293,-0.23878614604473114,0.0009856325341388583
-0.04303358867764473,-0.23878614604473114,0.5440513491630554
0.742884635925293,-0.22132377326488495,0.06886884570121765
-0.1740199625492096,-0.23878614604473114,0.06886884570121765
-0.04303358867764473,-0.3610227406024933,0.06886884570121765
0.8738710284233093,-0.3435603678226471,0.06886884570121765
