-1.0,-1.0,0.6909725069999695
1.0,-1.0,0.6909725069999695
-1.0,1.0,0.6909725069999695
1.0,1.0,0.6909725069999695
-1.0,0.0,0.6909725069999695
0.0,-1.0,0.6909725069999695
1.0,0.0,0.6909725069999695
0.0,1.0,0.6909725069999695
0.0,0.0,0.6909725069999695
-1.0,-0.5,0.6909725069999695
0.5,-1.0,0.6909725069999695
1.0,0.5,0.6909725069999695
-0.5,1.0,0.6909725069999695
-1.0,0.5,0.6909725069999695
-0.5,-1.0,0.6909725069999695
1.0,-0.5,0.6909725069999695
0.5,1.0,0.6909725069999695
0.0,0.5,0.6909725069999695
0.0,-0.5,0.6909725069999695
-0.5,0.0,0.6909725069999695
0.5,0.0,0.6909725069999695
0.5,-0.5,0.6909725069999695
-0.5,-0.5,0.6909725069999695
-0.5,0.5,0.6909725069999695
0.5,0.5,0.6909725069999695
-1.0,-0.75,0.6909725069999695
0.75,-1.0,0.6909725069999695
1.0,0.75,0.6909725069999695
-0.75,1.0,0.6909725069999695
-1.0,0.25,0.6909725069999695
-0.25,-1.0,0.6909725069999695
1.0,-0.25,0.6909725069999695
0.25,1.0,0.6909725069999695
0.0,0.75,0.6909725069999695
0.0,-0.25,0.6909725069999695
-0.75,0.0,0.6909725069999695
0.25,0.0,0.6909725069999695
-1.0,-0.25,0.6909725069999695
0.25,-1.0,0.6909725069999695
1.0,0.25,0.6909725069999695
-0.25,1.0,0.6909725069999695
-1.0,0.75,0.6909725069999695
-0.75,-1.0,0.6909725069999695
1.0,-0.75,0.6909725069999695
0.75,1.0,0.6909725069999695
0.0,0.25,0.6909725069999695
0.0,-0.75,0.6909725069999695
-0.25,0.0,0.6909725069999695
0.75,0.0,0.6909725069999695
0.5,-0.25,0.6909725069999695
0.5,-0.75,0.6909725069999695
0.25,-0.5,0.6909725069999695
0.75,-0.5,0.6909725069999695
-0.5,-0.25,0.6909725069999695
-0.5,-0.75,0.6909725069999695
-0.75,-0.5,0.6909725069999695
-0.25,-0.5,0.6909725069999695
-0.5,0.75,0.6909725069999695
-0.5,0.25,0.6909725069999695
-0.75,0.5,0.6909725069999695
-0.25,0.5,0.6909725069999695
0.5,0.75,0.6909725069999695
0.5,0.25,0.6909725069999695
0.25,0.5,0.6909725069999695
0.75,0.5,0.6909725069999695
0.75,0.25,0.6909725069999695
0.25,0.25,0.6909725069999695
0.25,0.75,0.6909725069999695
-0.25,0.25,0.6909725069999695
-0.75,0.25,0.6909725069999695
-0.75,0.75,0.6909725069999695
-0.25,-0.75,0.6909725069999695
-0.75,-0.75,0.6909725069999695
-0.75,-0.25,0.6909725069999695
0.75,-0.75,0.6909725069999695
0.25,-0.75,0.6909725069999695
0.25,-0.25,0.6909725069999695
0.75,-0.25,0.6909725069999695
-0.25,-0.25,0.6909725069999695
-0.25,0.75,0.6909725069999695
0.75,0.75,0.6909725069999695
-1.0,-0.875,0.6909725069999695
0.875,-1.0,0.6909725069999695
1.0,0.875,0.6909725069999695
-0.875,1.0,0.6909725069999695
-1.0,0.125,0.6909725069999695
-0.125,-1.0,0.6909725069999695
1.0,-0.125,0.6909725069999695
0.125,1.0,0.6909725069999695
0.0,0.875,0.6909725069999695
0.0,-0.125,0.6909725069999695
-0.875,0.0,0.6909725069999695
0.125,0.0,0.6909725069999695
-1.0,-0.375,0.6909725069999695
0.375,-1.0,0.6909725069999695
1.0,0.375,0.6909725069999695
-0.375,1.0,0.6909725069999695
-1.0,0.625,0.6909725069999695
-0.625,-1.0,0.6909725069999695
1.0,-0.625,0.6909725069999695
0.625,1.0,0.6909725069999695
0.0,0.375,0.6909725069999695
0.0,-0.625,0.6909725069999695
-0.375,0.0,0.6909725069999695
0.625,0.0,0.6909725069999695
0.5,-0.125,0.6909725069999695
0.5,-0.625,0.6909725069999695
0.125,-0.5,0.6909725069999695
0.625,-0.5,0.6909725069999695
-0.5,-0.125,0.6909725069999695
-0.5,-0.625,0.6909725069999695
-0.875,-0.5,0.6909725069999695
-0.375,-0.5,0.6909725069999695
-0.5,0.875,0.6909725069999695
-0.5,0.375,0.6909725069999695
-0.875,0.5,0.6909725069999695
-0.375,0.5,0.6909725069999695
0.5,0.875,0.6909725069999695
0.5,0.375,0.6909725069999695
0.125,0.5,0.6909725069999695
0.625,0.5,0.6909725069999695
-1.0,-0.625,0.6909725069999695
0.625,-1.0,0.6909725069999695
1.0,0.625,0.6909725069999695
-0.625,1.0,0.6909725069999695
-1.0,0.375,0.6909725069999695
-0.375,-1.0,0.6909725069999695
1.0,-0.375,0.6909725069999695
0.375,1.0,0.6909725069999695
0.0,0.625,0.6909725069999695
0.0,-0.375,0.6909725069999695
-0.625,0.0,0.6909725069999695
0.375,0.0,0.6909725069999695
-1.0,-0.125,0.6909725069999695
0.125,-1.0,0.6909725069999695
1.0,0.125,0.6909725069999695
-0.125,1.0,0.6909725069999695
-1.0,0.875,0.6909725069999695
-0.875,-1.0,0.6909725069999695
1.0,-0.875,0.6909725069999695
0.875,1.0,0.6909725069999695
0.0,0.125,0.6909725069999695
0.0,-0.875,0.6909725069999695
-0.125,0.0,0.6909725069999695
0.875,0.0,0.6909725069999695
0.5,-0.375,0.6909725069999695
0.5,-0.875,0.6909725069999695
0.375,-0.5,0.6909725069999695
0.875,-0.5,0.6909725069999695
-0.5,-0.375,0.6909725069999695
-0.5,-0.875,0.6909725069999695
-0.625,-0.5,0.6909725069999695
-0.125,-0.5,0.6909725069999695
-0.5,0.625,0.6909725069999695
-0.5,0.125,0.6909725069999695
-0.625,0.5,0.6909725069999695
-0.125,0.5,0.6909725069999695
0.5,0.625,0.6909725069999695
0.5,0.125,0.6909725069999695
0.375,0.5,0.6909725069999695
0.875,0.5,0.6909725069999695
0.75,0.375,0.6909725069999695
0.75,0.125,0.6909725069999695
0.625,0.25,0.6909725069999695
0.875,0.25,0.6909725069999695
0.25,0.375,0.6909725069999695
0.25,0.125,0.6909725069999695
0.125,0.25,0.6909725069999695
0.375,0.25,0.6909725069999695
0.25,0.875,0.6909725069999695
0.25,0.625,0.6909725069999695
0.125,0.75,0.6909725069999695
0.375,0.75,0.6909725069999695
-0.25,0.375,0.6909725069999695
-0.25,0.125,0.6909725069999695
-0.375,0.25,0.6909725069999695
-0.125,0.25,0.6909725069999695
-0.75,0.375,0.6909725069999695
-0.75,0.125,0.6909725069999695
-0.875,0.25,0.6909725069999695
-0.625,0.25,0.6909725069999695
-0.75,0.875,0.6909725069999695
-0.75,0.625,0.6909725069999695
-0.875,0.75,0.6909725069999695
-0.625,0.75,0.6909725069999695
-0.25,-0.625,0.6909725069999695
-0.25,-0.875,0.6909725069999695
-0.375,-0.75,0.6909725069999695
-0.125,-0.75,0.6909725069999695
-0.75,-0.625,0.6909725069999695
-0.75,-0.875,0.6909725069999695
-0.875,-0.75,0.6909725069999695
-0.625,-0.75,0.6909725069999695
-0.75,-0.125,0.6909725069999695
-0.75,-0.375,0.6909725069999695
-0.875,-0.25,0.6909725069999695
-0.625,-0.25,0.6909725069999695
0.75,-0.625,0.6909725069999695
0.75,-0.875,0.6909725069999695
0.625,-0.75,0.6909725069999695
0.875,-0.75,0.6909725069999695
0.25,-0.625,0.6909725069999695
0.25,-0.875,0.6909725069999695
0.125,-0.75,0.6909725069999695
0.375,-0.75,0.6909725069999695
0.25,-0.125,0.6909725069999695
0.25,-0.375,0.6909725069999695
0.125,-0.25,0.6909725069999695
0.375,-0.25,0.6909725069999695
0.75,-0.125,0.6909725069999695
0.75,-0.375,0.6909725069999695
0.625,-0.25,0.6909725069999695
0.875,-0.25,0.6909725069999695
-0.25,-0.125,0.6909725069999695
-0.25,-0.375,0.6909725069999695
-0.375,-0.25,0.6909725069999695
-0.125,-0.25,0.6909725069999695
-0.25,0.875,0.6909725069999695
-0.25,0.625,0.6909725069999695
-0.375,0.75,0.6909725069999695
-0.125,0.75,0.6909725069999695
0.75,0.875,0.6909725069999695
0.75,0.625,0.6909725069999695
0.625,0.75,0.6909725069999695
0.875,0.75,0.6909725069999695
0.875,0.625,0.6909725069999695
0.625,0.625,0.6909725069999695
0.625,0.875,0.6909725069999695
-0.125,0.625,0.6909725069999695
-0.375,0.625,0.6909725069999695
-0.375,0.875,0.6909725069999695
-0.125,-0.375,0.6909725069999695
-0.375,-0.375,0.6909725069999695
-0.375,-0.125,0.6909725069999695
0.875,-0.375,0.6909725069999695
0.625,-0.375,0.6909725069999695
0.625,-0.125,0.6909725069999695
0.375,-0.375,0.6909725069999695
0.125,-0.375,0.6909725069999695
0.125,-0.125,0.6909725069999695
0.375,-0.875,0.6909725069999695
0.125,-0.875,0.6909725069999695
0.125,-0.625,0.6909725069999695
0.875,-0.875,0.6909725069999695
0.625,-0.875,0.6909725069999695
0.625,-0.625,0.6909725069999695
-0.625,-0.375,0.6909725069999695
-0.875,-0.375,0.6909725069999695
-0.875,-0.125,0.6909725069999695
-0.625,-0.875,0.6909725069999695
-0.875,-0.875,0.6909725069999695
-0.875,-0.625,0.6909725069999695
-0.125,-0.875,0.6909725069999695
-0.375,-0.875,0.6909725069999695
-0.375,-0.625,0.6909725069999695
-0.625,0.625,0.6909725069999695
-0.875,0.625,0.6909725069999695
-0.875,0.875,0.6909725069999695
-0.625,0.125,0.6909725069999695
-0.875,0.125,0.6909725069999695
-0.875,0.375,0.6909725069999695
-0.125,0.125,0.6909725069999695
-0.375,0.125,0.6909725069999695
-0.375,0.375,0.6909725069999695
0.375,0.625,0.6909725069999695
0.125,0.625,0.6909725069999695
0.125,0.875,0.6909725069999695
0.375,0.125,0.6909725069999695
0.125,0.125,0.6909725069999695
0.125,0.375,0.6909725069999695
0.875,0.125,0.6909725069999695
0.625,0.125,0.6909725069999695
0.625,0.375,0.6909725069999695
0.875,0.375,0.6909725069999695
0.375,0.375,0.6909725069999695
0.375,0.875,0.6909725069999695
-0.125,0.375,0.6909725069999695
-0.625,0.375,0.6909725069999695
-0.625,0.875,0.6909725069999695
-0.125,-0.625,0.6909725069999695
-0.625,-0.625,0.6909725069999695
-0.625,-0.125,0.6909725069999695
0.875,-0.625,0.6909725069999695
0.375,-0.625,0.6909725069999695
0.375,-0.125,0.6909725069999695
0.875,-0.125,0.6909725069999695
-0.125,-0.125,0.6909725069999695
-0.125,0.875,0.6909725069999695
0.875,0.875,0.6909725069999695
-1.0,-1.0,-0.10314643383026123
1.0,-1.0,-0.10314643383026123
-1.0,1.0,-0.10314643383026123
1.0,1.0,-0.10314643383026123
-1.0,0.0,-0.10314643383026123
0.0,-1.0,-0.10314643383026123
1.0,0.0,-0.10314643383026123
0.0,1.0,-0.10314643383026123
0.0,0.0,-0.10314643383026123
-1.0,-0.5,-0.10314643383026123
0.5,-1.0,-0.10314643383026123
1.0,0.5,-0.10314643383026123
-0.5,1.0,-0.10314643383026123
-1.0,0.5,-0.10314643383026123
-0.5,-1.0,-0.10314643383026123
1.0,-0.5,-0.10314643383026123
0.5,1.0,-0.10314643383026123
0.0,0.5,-0.10314643383026123
0.0,-0.5,-0.10314643383026123
-0.5,0.0,-0.10314643383026123
0.5,0.0,-0.10314643383026123
0.5,-0.5,-0.10314643383026123
-0.5,-0.5,-0.10314643383026123
-0.5,0.5,-0.10314643383026123
0.5,0.5,-0.10314643383026123
-1.0,-0.75,-0.10314643383026123
0.75,-1.0,-0.10314643383026123
1.0,0.75,-0.10314643383026123
-0.75,1.0,-0.10314643383026123
-1.0,0.25,-0.10314643383026123
-0.25,-1.0,-0.10314643383026123
1.0,-0.25,-0.10314643383026123
0.25,1.0,-0.10314643383026123
0.0,0.75,-0.10314643383026123
0.0,-0.25,-0.10314643383026123
-0.75,0.0,-0.10314643383026123
0.25,0.0,-0.10314643383026123
-1.0,-0.25,-0.10314643383026123
0.25,-1.0,-0.10314643383026123
1.0,0.25,-0.10314643383026123
-0.25,1.0,-0.10314643383026123
-1.0,0.75,-0.10314643383026123
-0.75,-1.0,-0.10314643383026123
1.0,-0.75,-0.10314643383026123
0.75,1.0,-0.10314643383026123
0.0,0.25,-0.10314643383026123
0.0,-0.75,-0.10314643383026123
-0.25,0.0,-0.10314643383026123
0.75,0.0,-0.10314643383026123
0.5,-0.25,-0.10314643383026123
0.5,-0.75,-0.10314643383026123
0.25,-0.5,-0.10314643383026123
0.75,-0.5,-0.10314643383026123
-0.5,-0.25,-0.10314643383026123
-0.5,-0.75,-0.10314643383026123
-0.75,-0.5,-0.10314643383026123
-0.25,-0.5,-0.10314643383026123
-0.5,0.75,-0.10314643383026123
-0.5,0.25,-0.10314643383026123
-0.75,0.5,-0.10314643383026123
-0.25,0.5,-0.10314643383026123
0.5,0.75,-0.10314643383026123
0.5,0.25,-0.10314643383026123
0.25,0.5,-0.10314643383026123
0.75,0.5,-0.10314643383026123
0.75,0.25,-0.10314643383026123
0.25,0.25,-0.10314643383026123
0.25,0.75,-0.10314643383026123
-0.25,0.25,-0.10314643383026123
-0.75,0.25,-0.10314643383026123
-0.75,0.75,-0.10314643383026123
-0.25,-0.75,-0.10314643383026123
-0.75,-0.75,-0.10314643383026123
-0.75,-0.25,-0.10314643383026123
0.75,-0.75,-0.10314643383026123
0.25,-0.75,-0.10314643383026123
0.25,-0.25,-0.10314643383026123
0.75,-0.25,-0.10314643383026123
-0.25,-0.25,-0.10314643383026123
-0.25,0.75,-0.10314643383026123
0.75,0.75,-0.10314643383026123
-1.0,-0.875,-0.10314643383026123
0.875,-1.0,-0.10314643383026123
1.0,0.875,-0.10314643383026123
-0.875,1.0,-0.10314643383026123
-1.0,0.125,-0.10314643383026123
-0.125,-1.0,-0.10314643383026123
1.0,-0.125,-0.10314643383026123
0.125,1.0,-0.10314643383026123
0.0,0.875,-0.10314643383026123
0.0,-0.125,-0.10314643383026123
-0.875,0.0,-0.10314643383026123
0.125,0.0,-0.10314643383026123
-1.0,-0.375,-0.10314643383026123
0.375,-1.0,-0.10314643383026123
1.0,0.375,-0.10314643383026123
-0.375,1.0,-0.10314643383026123
-1.0,0.625,-0.10314643383026123
-0.625,-1.0,-0.10314643383026123
1.0,-0.625,-0.10314643383026123
0.625,1.0,-0.10314643383026123
0.0,0.375,-0.10314643383026123
0.0,-0.625,-0.10314643383026123
-0.375,0.0,-0.10314643383026123
0.625,0.0,-0.10314643383026123
0.5,-0.125,-0.10314643383026123
0.5,-0.625,-0.10314643383026123
0.125,-0.5,-0.10314643383026123
0.625,-0.5,-0.10314643383026123
-0.5,-0.125,-0.10314643383026123
-0.5,-0.625,-0.10314643383026123
-0.875,-0.5,-0.10314643383026123
-0.375,-0.5,-0.10314643383026123
-0.5,0.875,-0.10314643383026123
-0.5,0.375,-0.10314643383026123
-0.875,0.5,-0.10314643383026123
-0.375,0.5,-0.10314643383026123
0.5,0.875,-0.10314643383026123
0.5,0.375,-0.10314643383026123
0.125,0.5,-0.10314643383026123
0.625,0.5,-0.10314643383026123
-1.0,-0.625,-0.10314643383026123
0.625,-1.0,-0.10314643383026123
1.0,0.625,-0.10314643383026123
-0.625,1.0,-0.10314643383026123
-1.0,0.375,-0.10314643383026123
-0.375,-1.0,-0.10314643383026123
1.0,-0.375,-0.10314643383026123
0.375,1.0,-0.10314643383026123
0.0,0.625,-0.10314643383026123
0.0,-0.375,-0.10314643383026123
-0.625,0.0,-0.10314643383026123
0.375,0.0,-0.10314643383026123
-1.0,-0.125,-0.10314643383026123
0.125,-1.0,-0.10314643383026123
1.0,0.125,-0.10314643383026123
-0.125,1.0,-0.10314643383026123
-1.0,0.875,-0.10314643383026123
-0.875,-1.0,-0.10314643383026123
1.0,-0.875,-0.10314643383026123
0.875,1.0,-0.10314643383026123
0.0,0.125,-0.10314643383026123
0.0,-0.875,-0.10314643383026123
-0.125,0.0,-0.10314643383026123
0.875,0.0,-0.10314643383026123
0.5,-0.375,-0.10314643383026123
0.5,-0.875,-0.10314643383026123
0.375,-0.5,-0.10314643383026123
0.875,-0.5,-0.10314643383026123
-0.5,-0.375,-0.10314643383026123
-0.5,-0.875,-0.10314643383026123
-0.625,-0.5,-0.10314643383026123
-0.125,-0.5,-0.10314643383026123
-0.5,0.625,-0.10314643383026123
-0.5,0.125,-0.10314643383026123
-0.625,0.5,-0.10314643383026123
-0.125,0.5,-0.10314643383026123
0.5,0.625,-0.10314643383026123
0.5,0.125,-0.10314643383026123
0.375,0.5,-0.10314643383026123
0.875,0.5,-0.10314643383026123
0.75,0.375,-0.10314643383026123
0.75,0.125,-0.10314643383026123
0.625,0.25,-0.10314643383026123
0.875,0.25,-0.10314643383026123
0.25,0.375,-0.10314643383026123
0.25,0.125,-0.10314643383026123
0.125,0.25,-0.10314643383026123
0.375,0.25,-0.10314643383026123
0.25,0.875,-0.10314643383026123
0.25,0.625,-0.10314643383026123
0.125,0.75,-0.10314643383026123
0.375,0.75,-0.10314643383026123
-0.25,0.375,-0.10314643383026123
-0.25,0.125,-0.10314643383026123
-0.375,0.25,-0.10314643383026123
-0.125,0.25,-0.10314643383026123
-0.75,0.375,-0.10314643383026123
-0.75,0.125,-0.10314643383026123
-0.875,0.25,-0.10314643383026123
-0.625,0.25,-0.10314643383026123
-0.75,0.875,-0.10314643383026123
-0.75,0.625,-0.10314643383026123
-0.875,0.75,-0.10314643383026123
-0.625,0.75,-0.10314643383026123
-0.25,-0.625,-0.10314643383026123
-0.25,-0.875,-0.10314643383026123
-0.375,-0.75,-0.10314643383026123
-0.125,-0.75,-0.10314643383026123
-0.75,-0.625,-0.10314643383026123
-0.75,-0.875,-0.10314643383026123
-0.875,-0.75,-0.10314643383026123
-0.625,-0.75,-0.10314643383026123
-0.75,-0.125,-0.10314643383026123
-0.75,-0.375,-0.10314643383026123
-0.875,-0.25,-0.10314643383026123
-0.625,-0.25,-0.10314643383026123
0.75,-0.625,-0.10314643383026123
0.75,-0.875,-0.10314643383026123
0.625,-0.75,-0.10314643383026123
0.875,-0.75,-0.10314643383026123
0.25,-0.625,-0.10314643383026123
0.25,-0.875,-0.10314643383026123
0.125,-0.75,-0.10314643383026123
0.375,-0.75,-0.10314643383026123
0.25,-0.125,-0.10314643383026123
0.25,-0.375,-0.10314643383026123
0.125,-0.25,-0.10314643383026123
0.375,-0.25,-0.10314643383026123
0.75,-0.125,-0.10314643383026123
0.75,-0.375,-0.10314643383026123
0.625,-0.25,-0.10314643383026123
0.875,-0.25,-0.10314643383026123
-0.25,-0.125,-0.10314643383026123
-0.25,-0.375,-0.10314643383026123
-0.375,-0.25,-0.10314643383026123
-0.125,-0.25,-0.10314643383026123
-0.25,0.875,-0.10314643383026123
-0.25,0.625,-0.10314643383026123
-0.375,0.75,-0.10314643383026123
-0.125,0.75,-0.10314643383026123
0.75,0.875,-0.10314643383026123
0.75,0.625,-0.10314643383026123
0.625,0.75,-0.10314643383026123
0.875,0.75,-0.10314643383026123
0.875,0.625,-0.10314643383026123
0.625,0.625,-0.10314643383026123
0.625,0.875,-0.10314643383026123
-0.125,0.625,-0.10314643383026123
-0.375,0.625,-0.10314643383026123
-0.375,0.875,-0.10314643383026123
-0.125,-0.375,-0.10314643383026123
-0.375,-0.375,-0.10314643383026123
-0.375,-0.125,-0.10314643383026123
0.875,-0.375,-0.10314643383026123
0.625,-0.375,-0.10314643383026123
0.625,-0.125,-0.10314643383026123
0.375,-0.375,-0.10314643383026123
0.125,-0.375,-0.10314643383026123
0.125,-0.125,-0.10314643383026123
0.375,-0.875,-0.10314643383026123
0.125,-0.875,-0.10314643383026123
0.125,-0.625,-0.10314643383026123
0.875,-0.875,-0.10314643383026123
0.625,-0.875,-0.10314643383026123
0.625,-0.625,-0.10314643383026123
-0.625,-0.375,-0.10314643383026123
-0.875,-0.375,-0.10314643383026123
-0.875,-0.125,-0.10314643383026123
-0.625,-0.875,-0.10314643383026123
-0.875,-0.875,-0.10314643383026123
-0.875,-0.625,-0.10314643383026123
-0.125,-0.875,-0.10314643383026123
-0.375,-0.875,-0.10314643383026123
-0.375,-0.625,-0.10314643383026123
-0.625,0.625,-0.10314643383026123
-0.875,0.625,-0.10314643383026123
-0.875,0.875,-0.10314643383026123
-0.625,0.125,-0.10314643383026123
-0.875,0.125,-0.10314643383026123
-0.875,0.375,-0.10314643383026123
-0.125,0.125,-0.10314643383026123
-0.375,0.125,-0.10314643383026123
-0.375,0.375,-0.10314643383026123
0.375,0.625,-0.10314643383026123
0.125,0.625,-0.10314643383026123
0.125,0.875,-0.10314643383026123
0.375,0.125,-0.10314643383026123
0.125,0.125,-0.10314643383026123
0.125,0.375,-0.10314643383026123
0.875,0.125,-0.10314643383026123
0.625,0.125,-0.10314643383026123
0.625,0.375,-0.10314643383026123
0.875,0.375,-0.10314643383026123
0.375,0.375,-0.10314643383026123
0.375,0.875,-0.10314643383026123
-0.125,0.375,-0.10314643383026123
-0.625,0.375,-0.10314643383026123
-0.625,0.875,-0.10314643383026123
-0.125,-0.625,-0.10314643383026123
-0.625,-0.625,-0.10314643383026123
-0.625,-0.125,-0.10314643383026123
0.875,-0.625,-0.10314643383026123
0.375,-0.625,-0.10314643383026123
0.375,-0.125,-0.10314643383026123
0.875,-0.125,-0.10314643383026123
-0.125,-0.125,-0.10314643383026123
-0.125,0.875,-0.10314643383026123
0.875,0.875,-0.10314643383026123
-1.0,-0.9375,0.6909725069999695
0.9375,-1.0,0.6909725069999695
1.0,0.9375,0.6909725069999695
-0.9375,1.0,0.6909725069999695
-1.0,0.0625,0.6909725069999695
-0.0625,-1.0,0.6909725069999695
1.0,-0.0625,0.6909725069999695
0.0625,1.0,0.6909725069999695
0.0,0.9375,0.6909725069999695
0.0,-0.0625,0.6909725069999695
-0.9375,0.0,0.6909725069999695
0.0625,0.0,0.6909725069999695
-1.0,-0.4375,0.6909725069999695
0.4375,-1.0,0.6909725069999695
1.0,0.4375,0.6909725069999695
-0.4375,1.0,0.6909725069999695
-1.0,0.5625,0.6909725069999695
-0.5625,-1.0,0.6909725069999695
1.0,-0.5625,0.6909725069999695
0.5625,1.0,0.6909725069999695
0.0,0.4375,0.6909725069999695
0.0,-0.5625,0.6909725069999695
-0.4375,0.0,0.6909725069999695
0.5625,0.0,0.6909725069999695
0.5,-0.0625,0.6909725069999695
0.5,-0.5625,0.6909725069999695
0.0625,-0.5,0.6909725069999695
0.5625,-0.5,0.6909725069999695
-0.5,-0.0625,0.6909725069999695
-0.5,-0.5625,0.6909725069999695
-0.9375,-0.5,0.6909725069999695
-0.4375,-0.5,0.6909725069999695
-0.5,0.9375,0.6909725069999695
-0.5,0.4375,0.6909725069999695
-0.9375,0.5,0.6909725069999695
-0.4375,0.5,0.6909725069999695
0.5,0.9375,0.6909725069999695
0.5,0.4375,0.6909725069999695
0.0625,0.5,0.6909725069999695
0.5625,0.5,0.6909725069999695
-1.0,-0.6875,0.6909725069999695
0.6875,-1.0,0.6909725069999695
1.0,0.6875,0.6909725069999695
-0.6875,1.0,0.6909725069999695
-1.0,0.3125,0.6909725069999695
-0.3125,-1.0,0.6909725069999695
1.0,-0.3125,0.6909725069999695
0.3125,1.0,0.6909725069999695
0.0,0.6875,0.6909725069999695
0.0,-0.3125,0.6909725069999695
-0.6875,0.0,0.6909725069999695
0.3125,0.0,0.6909725069999695
-1.0,-0.1875,0.6909725069999695
0.1875,-1.0,0.6909725069999695
1.0,0.1875,0.6909725069999695
-0.1875,1.0,0.6909725069999695
-1.0,0.8125,0.6909725069999695
-0.8125,-1.0,0.6909725069999695
1.0,-0.8125,0.6909725069999695
0.8125,1.0,0.6909725069999695
0.0,0.1875,0.6909725069999695
0.0,-0.8125,0.6909725069999695
-0.1875,0.0,0.6909725069999695
0.8125,0.0,0.6909725069999695
0.5,-0.3125,0.6909725069999695
0.5,-0.8125,0.6909725069999695
0.3125,-0.5,0.6909725069999695
0.8125,-0.5,0.6909725069999695
-0.5,-0.3125,0.6909725069999695
-0.5,-0.8125,0.6909725069999695
-0.6875,-0.5,0.6909725069999695
-0.1875,-0.5,0.6909725069999695
-0.5,0.6875,0.6909725069999695
-0.5,0.1875,0.6909725069999695
-0.6875,0.5,0.6909725069999695
-0.1875,0.5,0.6909725069999695
0.5,0.6875,0.6909725069999695
0.5,0.1875,0.6909725069999695
0.3125,0.5,0.6909725069999695
0.8125,0.5,0.6909725069999695
0.75,0.4375,0.6909725069999695
0.75,0.1875,0.6909725069999695
0.5625,0.25,0.6909725069999695
0.8125,0.25,0.6909725069999695
0.25,0.4375,0.6909725069999695
0.25,0.1875,0.6909725069999695
0.0625,0.25,0.6909725069999695
0.3125,0.25,0.6909725069999695
0.25,0.9375,0.6909725069999695
0.25,0.6875,0.6909725069999695
0.0625,0.75,0.6909725069999695
0.3125,0.75,0.6909725069999695
-0.25,0.4375,0.6909725069999695
-0.25,0.1875,0.6909725069999695
-0.4375,0.25,0.6909725069999695
-0.1875,0.25,0.6909725069999695
-0.75,0.4375,0.6909725069999695
-0.75,0.1875,0.6909725069999695
-0.9375,0.25,0.6909725069999695
-0.6875,0.25,0.6909725069999695
-0.75,0.9375,0.6909725069999695
-0.75,0.6875,0.6909725069999695
-0.9375,0.75,0.6909725069999695
-0.6875,0.75,0.6909725069999695
-0.25,-0.5625,0.6909725069999695
-0.25,-0.8125,0.6909725069999695
-0.4375,-0.75,0.6909725069999695
-0.1875,-0.75,0.6909725069999695
-0.75,-0.5625,0.6909725069999695
-0.75,-0.8125,0.6909725069999695
-0.9375,-0.75,0.6909725069999695
-0.6875,-0.75,0.6909725069999695
-0.75,-0.0625,0.6909725069999695
-0.75,-0.3125,0.6909725069999695
-0.9375,-0.25,0.6909725069999695
-0.6875,-0.25,0.6909725069999695
0.75,-0.5625,0.6909725069999695
0.75,-0.8125,0.6909725069999695
0.5625,-0.75,0.6909725069999695
0.8125,-0.75,0.6909725069999695
0.25,-0.5625,0.6909725069999695
0.25,-0.8125,0.6909725069999695
0.0625,-0.75,0.6909725069999695
0.3125,-0.75,0.6909725069999695
0.25,-0.0625,0.6909725069999695
0.25,-0.3125,0.6909725069999695
0.0625,-0.25,0.6909725069999695
0.3125,-0.25,0.6909725069999695
0.75,-0.0625,0.6909725069999695
0.75,-0.3125,0.6909725069999695
0.5625,-0.25,0.6909725069999695
0.8125,-0.25,0.6909725069999695
-0.25,-0.0625,0.6909725069999695
-0.25,-0.3125,0.6909725069999695
-0.4375,-0.25,0.6909725069999695
-0.1875,-0.25,0.6909725069999695
-0.25,0.9375,0.6909725069999695
-0.25,0.6875,0.6909725069999695
-0.4375,0.75,0.6909725069999695
-0.1875,0.75,0.6909725069999695
0.75,0.9375,0.6909725069999695
0.75,0.6875,0.6909725069999695
0.5625,0.75,0.6909725069999695
0.8125,0.75,0.6909725069999695
-1.0,-0.8125,0.6909725069999695
0.8125,-1.0,0.6909725069999695
1.0,0.8125,0.6909725069999695
-0.8125,1.0,0.6909725069999695
-1.0,0.1875,0.6909725069999695
-0.1875,-1.0,0.6909725069999695
1.0,-0.1875,0.6909725069999695
0.1875,1.0,0.6909725069999695
0.0,0.8125,0.6909725069999695
0.0,-0.1875,0.6909725069999695
-0.8125,0.0,0.6909725069999695
0.1875,0.0,0.6909725069999695
-1.0,-0.3125,0.6909725069999695
0.3125,-1.0,0.6909725069999695
1.0,0.3125,0.6909725069999695
-0.3125,1.0,0.6909725069999695
-1.0,0.6875,0.6909725069999695
-0.6875,-1.0,0.6909725069999695
1.0,-0.6875,0.6909725069999695
0.6875,1.0,0.6909725069999695
0.0,0.3125,0.6909725069999695
0.0,-0.6875,0.6909725069999695
-0.3125,0.0,0.6909725069999695
0.6875,0.0,0.6909725069999695
0.5,-0.1875,0.6909725069999695
0.5,-0.6875,0.6909725069999695
0.1875,-0.5,0.6909725069999695
0.6875,-0.5,0.6909725069999695
-0.5,-0.1875,0.6909725069999695
-0.5,-0.6875,0.6909725069999695
-0.8125,-0.5,0.6909725069999695
-0.3125,-0.5,0.6909725069999695
-0.5,0.8125,0.6909725069999695
-0.5,0.3125,0.6909725069999695
-0.8125,0.5,0.6909725069999695
-0.3125,0.5,0.6909725069999695
0.5,0.8125,0.6909725069999695
0.5,0.3125,0.6909725069999695
0.1875,0.5,0.6909725069999695
0.6875,0.5,0.6909725069999695
-1.0,-0.5625,0.6909725069999695
0.5625,-1.0,0.6909725069999695
1.0,0.5625,0.6909725069999695
-0.5625,1.0,0.6909725069999695
-1.0,0.4375,0.6909725069999695
-0.4375,-1.0,0.6909725069999695
1.0,-0.4375,0.6909725069999695
0.4375,1.0,0.6909725069999695
0.0,0.5625,0.6909725069999695
0.0,-0.4375,0.6909725069999695
-0.5625,0.0,0.6909725069999695
0.4375,0.0,0.6909725069999695
-1.0,-0.0625,0.6909725069999695
0.0625,-1.0,0.6909725069999695
1.0,0.0625,0.6909725069999695
-0.0625,1.0,0.6909725069999695
-1.0,0.9375,0.6909725069999695
-0.9375,-1.0,0.6909725069999695
1.0,-0.9375,0.6909725069999695
0.9375,1.0,0.6909725069999695
0.0,0.0625,0.6909725069999695
0.0,-0.9375,0.6909725069999695
-0.0625,0.0,0.6909725069999695
0.9375,0.0,0.6909725069999695
0.5,-0.4375,0.6909725069999695
0.5,-0.9375,0.6909725069999695
0.4375,-0.5,0.6909725069999695
0.9375,-0.5,0.6909725069999695
-0.5,-0.4375,0.6909725069999695
-0.5,-0.9375,0.6909725069999695
-0.5625,-0.5,0.6909725069999695
-0.0625,-0.5,0.6909725069999695
-0.5,0.5625,0.6909725069999695
-0.5,0.0625,0.6909725069999695
-0.5625,0.5,0.6909725069999695
-0.0625,0.5,0.6909725069999695
0.5,0.5625,0.6909725069999695
0.5,0.0625,0.6909725069999695
0.4375,0.5,0.6909725069999695
0.9375,0.5,0.6909725069999695
0.75,0.3125,0.6909725069999695
0.75,0.0625,0.6909725069999695
0.6875,0.25,0.6909725069999695
0.9375,0.25,0.6909725069999695
0.25,0.3125,0.6909725069999695
0.25,0.0625,0.6909725069999695
0.1875,0.25,0.6909725069999695
0.4375,0.25,0.6909725069999695
0.25,0.8125,0.6909725069999695
0.25,0.5625,0.6909725069999695
0.1875,0.75,0.6909725069999695
0.4375,0.75,0.6909725069999695
-0.25,0.3125,0.6909725069999695
-0.25,0.0625,0.6909725069999695
-0.3125,0.25,0.6909725069999695
-0.0625,0.25,0.6909725069999695
-0.75,0.3125,0.6909725069999695
-0.75,0.0625,0.6909725069999695
-0.8125,0.25,0.6909725069999695
-0.5625,0.25,0.6909725069999695
-0.75,0.8125,0.6909725069999695
-0.75,0.5625,0.6909725069999695
-0.8125,0.75,0.6909725069999695
-0.5625,0.75,0.6909725069999695
-0.25,-0.6875,0.6909725069999695
-0.25,-0.9375,0.6909725069999695
-0.3125,-0.75,0.6909725069999695
-0.0625,-0.75,0.6909725069999695
-0.75,-0.6875,0.6909725069999695
-0.75,-0.9375,0.6909725069999695
-0.8125,-0.75,0.6909725069999695
-0.5625,-0.75,0.6909725069999695
-0.75,-0.1875,0.6909725069999695
-0.75,-0.4375,0.6909725069999695
-0.8125,-0.25,0.6909725069999695
-0.5625,-0.25,0.6909725069999695
0.75,-0.6875,0.6909725069999695
0.75,-0.9375,0.6909725069999695
0.6875,-0.75,0.6909725069999695
0.9375,-0.75,0.6909725069999695
0.25,-0.6875,0.6909725069999695
0.25,-0.9375,0.6909725069999695
0.1875,-0.75,0.6909725069999695
0.4375,-0.75,0.6909725069999695
0.25,-0.1875,0.6909725069999695
0.25,-0.4375,0.6909725069999695
0.1875,-0.25,0.6909725069999695
0.4375,-0.25,0.6909725069999695
0.75,-0.1875,0.6909725069999695
0.75,-0.4375,0.6909725069999695
0.6875,-0.25,0.6909725069999695
0.9375,-0.25,0.6909725069999695
-0.25,-0.1875,0.6909725069999695
-0.25,-0.4375,0.6909725069999695
-0.3125,-0.25,0.6909725069999695
-0.0625,-0.25,0.6909725069999695
-0.25,0.8125,0.6909725069999695
-0.25,0.5625,0.6909725069999695
-0.3125,0.75,0.6909725069999695
-0.0625,0.75,0.6909725069999695
0.75,0.8125,0.6909725069999695
0.75,0.5625,0.6909725069999695
0.6875,0.75,0.6909725069999695
0.9375,0.75,0.6909725069999695
0.875,0.6875,0.6909725069999695
0.875,0.5625,0.6909725069999695
0.8125,0.625,0.6909725069999695
0.9375,0.625,0.6909725069999695
0.625,0.6875,0.6909725069999695
0.625,0.5625,0.6909725069999695
0.5625,0.625,0.6909725069999695
0.6875,0.625,0.6909725069999695
0.625,0.9375,0.6909725069999695
0.625,0.8125,0.6909725069999695
0.5625,0.875,0.6909725069999695
0.6875,0.875,0.6909725069999695
-0.125,0.6875,0.6909725069999695
-0.125,0.5625,0.6909725069999695
-0.1875,0.625,0.6909725069999695
-0.0625,0.625,0.6909725069999695
-0.375,0.6875,0.6909725069999695
-0.375,0.5625,0.6909725069999695
-0.4375,0.625,0.6909725069999695
-0.3125,0.625,0.6909725069999695
-0.375,0.9375,0.6909725069999695
-0.375,0.8125,0.6909725069999695
-0.4375,0.875,0.6909725069999695
-0.3125,0.875,0.6909725069999695
-0.125,-0.3125,0.6909725069999695
-0.125,-0.4375,0.6909725069999695
-0.1875,-0.375,0.6909725069999695
-0.0625,-0.375,0.6909725069999695
-0.375,-0.3125,0.6909725069999695
-0.375,-0.4375,0.6909725069999695
-0.4375,-0.375,0.6909725069999695
-0.3125,-0.375,0.6909725069999695
-0.375,-0.0625,0.6909725069999695
-0.375,-0.1875,0.6909725069999695
-0.4375,-0.125,0.6909725069999695
-0.3125,-0.125,0.6909725069999695
0.875,-0.3125,0.6909725069999695
0.875,-0.4375,0.6909725069999695
0.8125,-0.375,0.6909725069999695
0.9375,-0.375,0.6909725069999695
0.625,-0.3125,0.6909725069999695
0.625,-0.4375,0.6909725069999695
0.5625,-0.375,0.6909725069999695
0.6875,-0.375,0.6909725069999695
0.625,-0.0625,0.6909725069999695
0.625,-0.1875,0.6909725069999695
0.5625,-0.125,0.6909725069999695
0.6875,-0.125,0.6909725069999695
0.375,-0.3125,0.6909725069999695
0.375,-0.4375,0.6909725069999695
0.3125,-0.375,0.6909725069999695
0.4375,-0.375,0.6909725069999695
0.125,-0.3125,0.6909725069999695
0.125,-0.4375,0.6909725069999695
0.0625,-0.375,0.6909725069999695
0.1875,-0.375,0.6909725069999695
0.125,-0.0625,0.6909725069999695
0.125,-0.1875,0.6909725069999695
0.0625,-0.125,0.6909725069999695
0.1875,-0.125,0.6909725069999695
0.375,-0.8125,0.6909725069999695
0.375,-0.9375,0.6909725069999695
0.3125,-0.875,0.6909725069999695
0.4375,-0.875,0.6909725069999695
0.125,-0.8125,0.6909725069999695
0.125,-0.9375,0.6909725069999695
0.0625,-0.875,0.6909725069999695
0.1875,-0.875,0.6909725069999695
0.125,-0.5625,0.6909725069999695
0.125,-0.6875,0.6909725069999695
0.0625,-0.625,0.6909725069999695
0.1875,-0.625,0.6909725069999695
0.875,-0.8125,0.6909725069999695
0.875,-0.9375,0.6909725069999695
0.8125,-0.875,0.6909725069999695
0.9375,-0.875,0.6909725069999695
0.625,-0.8125,0.6909725069999695
0.625,-0.9375,0.6909725069999695
0.5625,-0.875,0.6909725069999695
0.6875,-0.875,0.6909725069999695
0.625,-0.5625,0.6909725069999695
0.625,-0.6875,0.6909725069999695
0.5625,-0.625,0.6909725069999695
0.6875,-0.625,0.6909725069999695
-0.625,-0.3125,0.6909725069999695
-0.625,-0.4375,0.6909725069999695
-0.6875,-0.375,0.6909725069999695
-0.5625,-0.375,0.6909725069999695
-0.875,-0.3125,0.6909725069999695
-0.875,-0.4375,0.6909725069999695
-0.9375,-0.375,0.6909725069999695
-0.8125,-0.375,0.6909725069999695
-0.875,-0.0625,0.6909725069999695
-0.875,-0.1875,0.6909725069999695
-0.9375,-0.125,0.6909725069999695
-0.8125,-0.125,0.6909725069999695
-0.625,-0.8125,0.6909725069999695
-0.625,-0.9375,0.6909725069999695
-0.6875,-0.875,0.6909725069999695
-0.5625,-0.875,0.6909725069999695
-0.875,-0.8125,0.6909725069999695
-0.875,-0.9375,0.6909725069999695
-0.9375,-0.875,0.6909725069999695
-0.8125,-0.875,0.6909725069999695
-0.875,-0.5625,0.6909725069999695
-0.875,-0.6875,0.6909725069999695
-0.9375,-0.625,0.6909725069999695
-0.8125,-0.625,0.6909725069999695
-0.125,-0.8125,0.6909725069999695
-0.125,-0.9375,0.6909725069999695
-0.1875,-0.875,0.6909725069999695
-0.0625,-0.875,0.6909725069999695
-0.375,-0.8125,0.6909725069999695
-0.375,-0.9375,0.6909725069999695
-0.4375,-0.875,0.6909725069999695
-0.3125,-0.875,0.6909725069999695
-0.375,-0.5625,0.6909725069999695
-0.375,-0.6875,0.6909725069999695
-0.4375,-0.625,0.6909725069999695
-0.3125,-0.625,0.6909725069999695
-0.625,0.6875,0.6909725069999695
-0.625,0.5625,0.6909725069999695
-0.6875,0.625,0.6909725069999695
-0.5625,0.625,0.6909725069999695
-0.875,0.6875,0.6909725069999695
-0.875,0.5625,0.6909725069999695
-0.9375,0.625,0.6909725069999695
-0.8125,0.625,0.6909725069999695
-0.875,0.9375,0.6909725069999695
-0.875,0.8125,0.6909725069999695
-0.9375,0.875,0.6909725069999695
-0.8125,0.875,0.6909725069999695
-0.625,0.1875,0.6909725069999695
-0.625,0.0625,0.6909725069999695
-0.6875,0.125,0.6909725069999695
-0.5625,0.125,0.6909725069999695
-0.875,0.1875,0.6909725069999695
-0.875,0.0625,0.6909725069999695
-0.9375,0.125,0.6909725069999695
-0.8125,0.125,0.6909725069999695
-0.875,0.4375,0.6909725069999695
-0.875,0.3125,0.6909725069999695
-0.9375,0.375,0.6909725069999695
-0.8125,0.375,0.6909725069999695
-0.125,0.1875,0.6909725069999695
-0.125,0.0625,0.6909725069999695
-0.1875,0.125,0.6909725069999695
-0.0625,0.125,0.6909725069999695
-0.375,0.1875,0.6909725069999695
-0.375,0.0625,0.6909725069999695
-0.4375,0.125,0.6909725069999695
-0.3125,0.125,0.6909725069999695
-0.375,0.4375,0.6909725069999695
-0.375,0.3125,0.6909725069999695
-0.4375,0.375,0.6909725069999695
-0.3125,0.375,0.6909725069999695
0.375,0.6875,0.6909725069999695
0.375,0.5625,0.6909725069999695
0.3125,0.625,0.6909725069999695
0.4375,0.625,0.6909725069999695
0.125,0.6875,0.6909725069999695
0.125,0.5625,0.6909725069999695
0.0625,0.625,0.6909725069999695
0.1875,0.625,0.6909725069999695
0.125,0.9375,0.6909725069999695
0.125,0.8125,0.6909725069999695
0.0625,0.875,0.6909725069999695
0.1875,0.875,0.6909725069999695
0.375,0.1875,0.6909725069999695
0.375,0.0625,0.6909725069999695
0.3125,0.125,0.6909725069999695
0.4375,0.125,0.6909725069999695
0.125,0.1875,0.6909725069999695
0.125,0.0625,0.6909725069999695
0.0625,0.125,0.6909725069999695
0.1875,0.125,0.6909725069999695
0.125,0.4375,0.6909725069999695
0.125,0.3125,0.6909725069999695
0.0625,0.375,0.6909725069999695
0.1875,0.375,0.6909725069999695
0.875,0.1875,0.6909725069999695
0.875,0.0625,0.6909725069999695
0.8125,0.125,0.6909725069999695
0.9375,0.125,0.6909725069999695
0.625,0.1875,0.6909725069999695
0.625,0.0625,0.6909725069999695
0.5625,0.125,0.6909725069999695
0.6875,0.125,0.6909725069999695
0.625,0.4375,0.6909725069999695
0.625,0.3125,0.6909725069999695
0.5625,0.375,0.6909725069999695
0.6875,0.375,0.6909725069999695
0.875,0.4375,0.6909725069999695
0.875,0.3125,0.6909725069999695
0.8125,0.375,0.6909725069999695
0.9375,0.375,0.6909725069999695
0.375,0.4375,0.6909725069999695
0.375,0.3125,0.6909725069999695
0.3125,0.375,0.6909725069999695
0.4375,0.375,0.6909725069999695
0.375,0.9375,0.6909725069999695
0.375,0.8125,0.6909725069999695
0.3125,0.875,0.6909725069999695
0.4375,0.875,0.6909725069999695
-0.125,0.4375,0.6909725069999695
-0.125,0.3125,0.6909725069999695
-0.1875,0.375,0.6909725069999695
-0.0625,0.375,0.6909725069999695
-0.625,0.4375,0.6909725069999695
-0.625,0.3125,0.6909725069999695
-0.6875,0.375,0.6909725069999695
-0.5625,0.375,0.6909725069999695
-0.625,0.9375,0.6909725069999695
-0.625,0.8125,0.6909725069999695
-0.6875,0.875,0.6909725069999695
-0.5625,0.875,0.6909725069999695
-0.125,-0.5625,0.6909725069999695
-0.125,-0.6875,0.6909725069999695
-0.1875,-0.625,0.6909725069999695
-0.0625,-0.625,0.6909725069999695
-0.625,-0.5625,0.6909725069999695
-0.625,-0.6875,0.6909725069999695
-0.6875,-0.625,0.6909725069999695
-0.5625,-0.625,0.6909725069999695
-0.625,-0.0625,0.6909725069999695
-0.625,-0.1875,0.6909725069999695
-0.6875,-0.125,0.6909725069999695
-0.5625,-0.125,0.6909725069999695
0.875,-0.5625,0.6909725069999695
0.875,-0.6875,0.6909725069999695
0.8125,-0.625,0.6909725069999695
0.9375,-0.625,0.6909725069999695
0.375,-0.5625,0.6909725069999695
0.375,-0.6875,0.6909725069999695
0.3125,-0.625,0.6909725069999695
0.4375,-0.625,0.6909725069999695
0.375,-0.0625,0.6909725069999695
0.375,-0.1875,0.6909725069999695
0.3125,-0.125,0.6909725069999695
0.4375,-0.125,0.6909725069999695
0.875,-0.0625,0.6909725069999695
0.875,-0.1875,0.6909725069999695
0.8125,-0.125,0.6909725069999695
0.9375,-0.125,0.6909725069999695
-0.125,-0.0625,0.6909725069999695
-0.125,-0.1875,0.6909725069999695
-0.1875,-0.125,0.6909725069999695
-0.0625,-0.125,0.6909725069999695
-0.125,0.9375,0.6909725069999695
-0.125,0.8125,0.6909725069999695
-0.1875,0.875,0.6909725069999695
-0.0625,0.875,0.6909725069999695
0.875,0.9375,0.6909725069999695
0.875,0.8125,0.6909725069999695
0.8125,0.875,0.6909725069999695
0.9375,0.875,0.6909725069999695
0.9375,0.8125,0.6909725069999695
0.8125,0.8125,0.6909725069999695
0.8125,0.9375,0.6909725069999695
-0.0625,0.8125,0.6909725069999695
-0.1875,0.8125,0.6909725069999695
-0.1875,0.9375,0.6909725069999695
-0.0625,-0.1875,0.6909725069999695
-0.1875,-0.1875,0.6909725069999695
-0.1875,-0.0625,0.6909725069999695
0.9375,-0.1875,0.6909725069999695
0.8125,-0.1875,0.6909725069999695
0.8125,-0.0625,0.6909725069999695
0.4375,-0.1875,0.6909725069999695
0.3125,-0.1875,0.6909725069999695
0.3125,-0.0625,0.6909725069999695
0.4375,-0.6875,0.6909725069999695
0.3125,-0.6875,0.6909725069999695
0.3125,-0.5625,0.6909725069999695
0.9375,-0.6875,0.6909725069999695
0.8125,-0.6875,0.6909725069999695
0.8125,-0.5625,0.6909725069999695
-0.5625,-0.1875,0.6909725069999695
-0.6875,-0.1875,0.6909725069999695
-0.6875,-0.0625,0.6909725069999695
-0.5625,-0.6875,0.6909725069999695
-0.6875,-0.6875,0.6909725069999695
-0.6875,-0.5625,0.6909725069999695
-0.0625,-0.6875,0.6909725069999695
-0.1875,-0.6875,0.6909725069999695
-0.1875,-0.5625,0.6909725069999695
-0.5625,0.8125,0.6909725069999695
-0.6875,0.8125,0.6909725069999695
-0.6875,0.9375,0.6909725069999695
-0.5625,0.3125,0.6909725069999695
-0.6875,0.3125,0.6909725069999695
-0.6875,0.4375,0.6909725069999695
-0.0625,0.3125,0.6909725069999695
-0.1875,0.3125,0.6909725069999695
-0.1875,0.4375,0.6909725069999695
0.4375,0.8125,0.6909725069999695
0.3125,0.8125,0.6909725069999695
0.3125,0.9375,0.6909725069999695
0.4375,0.3125,0.6909725069999695
0.3125,0.3125,0.6909725069999695
0.3125,0.4375,0.6909725069999695
0.9375,0.3125,0.6909725069999695
0.8125,0.3125,0.6909725069999695
0.8125,0.4375,0.6909725069999695
0.6875,0.3125,0.6909725069999695
0.5625,0.3125,0.6909725069999695
0.5625,0.4375,0.6909725069999695
0.6875,0.0625,0.6909725069999695
0.5625,0.0625,0.6909725069999695
0.5625,0.1875,0.6909725069999695
0.9375,0.0625,0.6909725069999695
0.8125,0.0625,0.6909725069999695
0.8125,0.1875,0.6909725069999695
0.1875,0.3125,0.6909725069999695
0.0625,0.3125,0.6909725069999695
0.0625,0.4375,0.6909725069999695
0.1875,0.0625,0.6909725069999695
0.0625,0.0625,0.6909725069999695
0.0625,0.1875,0.6909725069999695
0.4375,0.0625,0.6909725069999695
0.3125,0.0625,0.6909725069999695
0.3125,0.1875,0.6909725069999695
0.1875,0.8125,0.6909725069999695
0.0625,0.8125,0.6909725069999695
0.0625,0.9375,0.6909725069999695
0.1875,0.5625,0.6909725069999695
0.0625,0.5625,0.6909725069999695
0.0625,0.6875,0.6909725069999695
0.4375,0.5625,0.6909725069999695
0.3125,0.5625,0.6909725069999695
0.3125,0.6875,0.6909725069999695
-0.3125,0.3125,0.6909725069999695
-0.4375,0.3125,0.6909725069999695
-0.4375,0.4375,0.6909725069999695
-0.3125,0.0625,0.6909725069999695
-0.4375,0.0625,0.6909725069999695
-0.4375,0.1875,0.6909725069999695
-0.0625,0.0625,0.6909725069999695
-0.1875,0.0625,0.6909725069999695
-0.1875,0.1875,0.6909725069999695
-0.8125,0.3125,0.6909725069999695
-0.9375,0.3125,0.6909725069999695
-0.9375,0.4375,0.6909725069999695
-0.8125,0.0625,0.6909725069999695
-0.9375,0.0625,0.6909725069999695
-0.9375,0.1875,0.6909725069999695
-0.5625,0.0625,0.6909725069999695
-0.6875,0.0625,0.6909725069999695
-0.6875,0.1875,0.6909725069999695
-0.8125,0.8125,0.6909725069999695
-0.9375,0.8125,0.6909725069999695
-0.9375,0.9375,0.6909725069999695
-0.8125,0.5625,0.6909725069999695
-0.9375,0.5625,0.6909725069999695
-0.9375,0.6875,0.6909725069999695
-0.5625,0.5625,0.6909725069999695
-0.6875,0.5625,0.6909725069999695
-0.6875,0.6875,0.6909725069999695
-0.3125,-0.6875,0.6909725069999695
-0.4375,-0.6875,0.6909725069999695
-0.4375,-0.5625,0.6909725069999695
-0.3125,-0.9375,0.6909725069999695
-0.4375,-0.9375,0.6909725069999695
-0.4375,-0.8125,0.6909725069999695
-0.0625,-0.9375,0.6909725069999695
-0.1875,-0.9375,0.6909725069999695
-0.1875,-0.8125,0.6909725069999695
-0.8125,-0.6875,0.6909725069999695
-0.9375,-0.6875,0.6909725069999695
-0.9375,-0.5625,0.6909725069999695
-0.8125,-0.9375,0.6909725069999695
-0.9375,-0.9375,0.6909725069999695
-0.9375,-0.8125,0.6909725069999695
-0.5625,-0.9375,0.6909725069999695
-0.6875,-0.9375,0.6909725069999695
-0.6875,-0.8125,0.6909725069999695
-0.8125,-0.1875,0.6909725069999695
-0.9375,-0.1875,0.6909725069999695
-0.9375,-0.0625,0.6909725069999695
-0.8125,-0.4375,0.6909725069999695
-0.9375,-0.4375,0.6909725069999695
-0.9375,-0.3125,0.6909725069999695
-0.5625,-0.4375,0.6909725069999695
-0.6875,-0.4375,0.6909725069999695
-0.6875,-0.3125,0.6909725069999695
0.6875,-0.6875,0.6909725069999695
0.5625,-0.6875,0.6909725069999695
0.5625,-0.5625,0.6909725069999695
0.6875,-0.9375,0.6909725069999695
0.5625,-0.9375,0.6909725069999695
0.5625,-0.8125,0.6909725069999695
0.9375,-0.9375,0.6909725069999695
0.8125,-0.9375,0.6909725069999695
0.8125,-0.8125,0.6909725069999695
0.1875,-0.6875,0.6909725069999695
0.0625,-0.6875,0.6909725069999695
0.0625,-0.5625,0.6909725069999695
0.1875,-0.9375,0.6909725069999695
0.0625,-0.9375,0.6909725069999695
0.0625,-0.8125,0.6909725069999695
0.4375,-0.9375,0.6909725069999695
0.3125,-0.9375,0.6909725069999695
0.3125,-0.8125,0.6909725069999695
0.1875,-0.1875,0.6909725069999695
0.0625,-0.1875,0.6909725069999695
0.0625,-0.0625,0.6909725069999695
0.1875,-0.4375,0.6909725069999695
0.0625,-0.4375,0.6909725069999695
0.0625,-0.3125,0.6909725069999695
0.4375,-0.4375,0.6909725069999695
0.3125,-0.4375,0.6909725069999695
0.3125,-0.3125,0.6909725069999695
0.6875,-0.1875,0.6909725069999695
0.5625,-0.1875,0.6909725069999695
0.5625,-0.0625,0.6909725069999695
0.6875,-0.4375,0.6909725069999695
0.5625,-0.4375,0.6909725069999695
0.5625,-0.3125,0.6909725069999695
0.9375,-0.4375,0.6909725069999695
0.8125,-0.4375,0.6909725069999695
0.8125,-0.3125,0.6909725069999695
-0.3125,-0.1875,0.6909725069999695
-0.4375,-0.1875,0.6909725069999695
-0.4375,-0.0625,0.6909725069999695
-0.3125,-0.4375,0.6909725069999695
-0.4375,-0.4375,0.6909725069999695
-0.4375,-0.3125,0.6909725069999695
-0.0625,-0.4375,0.6909725069999695
-0.1875,-0.4375,0.6909725069999695
-0.1875,-0.3125,0.6909725069999695
-0.3125,0.8125,0.6909725069999695
-0.4375,0.8125,0.6909725069999695
-0.4375,0.9375,0.6909725069999695
-0.3125,0.5625,0.6909725069999695
-0.4375,0.5625,0.6909725069999695
-0.4375,0.6875,0.6909725069999695
-0.0625,0.5625,0.6909725069999695
-0.1875,0.5625,0.6909725069999695
-0.1875,0.6875,0.6909725069999695
0.6875,0.8125,0.6909725069999695
0.5625,0.8125,0.6909725069999695
0.5625,0.9375,0.6909725069999695
0.6875,0.5625,0.6909725069999695
0.5625,0.5625,0.6909725069999695
0.5625,0.6875,0.6909725069999695
0.9375,0.5625,0.6909725069999695
0.8125,0.5625,0.6909725069999695
0.8125,0.6875,0.6909725069999695
0.9375,0.6875,0.6909725069999695
0.6875,0.6875,0.6909725069999695
0.6875,0.9375,0.6909725069999695
-0.0625,0.6875,0.6909725069999695
-0.3125,0.6875,0.6909725069999695
-0.3125,0.9375,0.6909725069999695
-0.0625,-0.3125,0.6909725069999695
-0.3125,-0.3125,0.6909725069999695
-0.3125,-0.0625,0.6909725069999695
0.9375,-0.3125,0.6909725069999695
0.6875,-0.3125,0.6909725069999695
0.6875,-0.0625,0.6909725069999695
0.4375,-0.3125,0.6909725069999695
0.1875,-0.3125,0.6909725069999695
0.1875,-0.0625,0.6909725069999695
0.4375,-0.8125,0.6909725069999695
0.1875,-0.8125,0.6909725069999695
0.1875,-0.5625,0.6909725069999695
0.9375,-0.8125,0.6909725069999695
0.6875,-0.8125,0.6909725069999695
0.6875,-0.5625,0.6909725069999695
-0.5625,-0.3125,0.6909725069999695
-0.8125,-0.3125,0.6909725069999695
-0.8125,-0.0625,0.6909725069999695
-0.5625,-0.8125,0.6909725069999695
-0.8125,-0.8125,0.6909725069999695
-0.8125,-0.5625,0.6909725069999695
-0.0625,-0.8125,0.6909725069999695
-0.3125,-0.8125,0.6909725069999695
-0.3125,-0.5625,0.6909725069999695
-0.5625,0.6875,0.6909725069999695
-0.8125,0.6875,0.6909725069999695
-0.8125,0.9375,0.6909725069999695
-0.5625,0.1875,0.6909725069999695
-0.8125,0.1875,0.6909725069999695
-0.8125,0.4375,0.6909725069999695
-0.0625,0.1875,0.6909725069999695
-0.3125,0.1875,0.6909725069999695
-0.3125,0.4375,0.6909725069999695
0.4375,0.6875,0.6909725069999695
0.1875,0.6875,0.6909725069999695
0.1875,0.9375,0.6909725069999695
0.4375,0.1875,0.6909725069999695
0.1875,0.1875,0.6909725069999695
0.1875,0.4375,0.6909725069999695
0.9375,0.1875,0.6909725069999695
0.6875,0.1875,0.6909725069999695
0.6875,0.4375,0.6909725069999695
0.9375,0.4375,0.6909725069999695
0.4375,0.4375,0.6909725069999695
0.4375,0.9375,0.6909725069999695
-0.0625,0.4375,0.6909725069999695
-0.5625,0.4375,0.6909725069999695
-0.5625,0.9375,0.6909725069999695
-0.0625,-0.5625,0.6909725069999695
-0.5625,-0.5625,0.6909725069999695
-0.5625,-0.0625,0.6909725069999695
0.9375,-0.5625,0.6909725069999695
0.4375,-0.5625,0.6909725069999695
0.4375,-0.0625,0.6909725069999695
0.9375,-0.0625,0.6909725069999695
-0.0625,-0.0625,0.6909725069999695
-0.0625,0.9375,0.6909725069999695
0.9375,0.9375,0.6909725069999695
-1.0,-0.9375,-0.10314643383026123
0.9375,-1.0,-0.10314643383026123
1.0,0.9375,-0.10314643383026123
-0.9375,1.0,-0.10314643383026123
-1.0,0.0625,-0.10314643383026123
-0.0625,-1.0,-0.10314643383026123
1.0,-0.0625,-0.10314643383026123
0.0625,1.0,-0.10314643383026123
0.0,0.9375,-0.10314643383026123
0.0,-0.0625,-0.10314643383026123
-0.9375,0.0,-0.10314643383026123
0.0625,0.0,-0.10314643383026123
-1.0,-0.4375,-0.10314643383026123
0.4375,-1.0,-0.10314643383026123
1.0,0.4375,-0.10314643383026123
-0.4375,1.0,-0.10314643383026123
-1.0,0.5625,-0.10314643383026123
-0.5625,-1.0,-0.10314643383026123
1.0,-0.5625,-0.10314643383026123
0.5625,1.0,-0.10314643383026123
0.0,0.4375,-0.10314643383026123
0.0,-0.5625,-0.10314643383026123
-0.4375,0.0,-0.10314643383026123
0.5625,0.0,-0.10314643383026123
0.5,-0.0625,-0.10314643383026123
0.5,-0.5625,-0.10314643383026123
0.0625,-0.5,-0.10314643383026123
0.5625,-0.5,-0.10314643383026123
-0.5,-0.0625,-0.10314643383026123
-0.5,-0.5625,-0.10314643383026123
-0.9375,-0.5,-0.10314643383026123
-0.4375,-0.5,-0.10314643383026123
-0.5,0.9375,-0.10314643383026123
-0.5,0.4375,-0.10314643383026123
-0.9375,0.5,-0.10314643383026123
-0.4375,0.5,-0.10314643383026123
0.5,0.9375,-0.10314643383026123
0.5,0.4375,-0.10314643383026123
0.0625,0.5,-0.10314643383026123
0.5625,0.5,-0.10314643383026123
-1.0,-0.6875,-0.10314643383026123
0.6875,-1.0,-0.10314643383026123
1.0,0.6875,-0.10314643383026123
-0.6875,1.0,-0.10314643383026123
-1.0,0.3125,-0.10314643383026123
-0.3125,-1.0,-0.10314643383026123
1.0,-0.3125,-0.10314643383026123
0.3125,1.0,-0.10314643383026123
0.0,0.6875,-0.10314643383026123
0.0,-0.3125,-0.10314643383026123
-0.6875,0.0,-0.10314643383026123
0.3125,0.0,-0.10314643383026123
-1.0,-0.1875,-0.10314643383026123
0.1875,-1.0,-0.10314643383026123
1.0,0.1875,-0.10314643383026123
-0.1875,1.0,-0.10314643383026123
-1.0,0.8125,-0.10314643383026123
-0.8125,-1.0,-0.10314643383026123
1.0,-0.8125,-0.10314643383026123
0.8125,1.0,-0.10314643383026123
0.0,0.1875,-0.10314643383026123
0.0,-0.8125,-0.10314643383026123
-0.1875,0.0,-0.10314643383026123
0.8125,0.0,-0.10314643383026123
0.5,-0.3125,-0.10314643383026123
0.5,-0.8125,-0.10314643383026123
0.3125,-0.5,-0.10314643383026123
0.8125,-0.5,-0.10314643383026123
-0.5,-0.3125,-0.10314643383026123
-0.5,-0.8125,-0.10314643383026123
-0.6875,-0.5,-0.10314643383026123
-0.1875,-0.5,-0.10314643383026123
-0.5,0.6875,-0.10314643383026123
-0.5,0.1875,-0.10314643383026123
-0.6875,0.5,-0.10314643383026123
-0.1875,0.5,-0.10314643383026123
0.5,0.6875,-0.10314643383026123
0.5,0.1875,-0.10314643383026123
0.3125,0.5,-0.10314643383026123
0.8125,0.5,-0.10314643383026123
0.75,0.4375,-0.10314643383026123
0.75,0.1875,-0.10314643383026123
0.5625,0.25,-0.10314643383026123
0.8125,0.25,-0.10314643383026123
0.25,0.4375,-0.10314643383026123
0.25,0.1875,-0.10314643383026123
0.0625,0.25,-0.10314643383026123
0.3125,0.25,-0.10314643383026123
0.25,0.9375,-0.10314643383026123
0.25,0.6875,-0.10314643383026123
0.0625,0.75,-0.10314643383026123
0.3125,0.75,-0.10314643383026123
-0.25,0.4375,-0.10314643383026123
-0.25,0.1875,-0.10314643383026123
-0.4375,0.25,-0.10314643383026123
-0.1875,0.25,-0.10314643383026123
-0.75,0.4375,-0.10314643383026123
-0.75,0.1875,-0.10314643383026123
-0.9375,0.25,-0.10314643383026123
-0.6875,0.25,-0.10314643383026123
-0.75,0.9375,-0.10314643383026123
-0.75,0.6875,-0.10314643383026123
-0.9375,0.75,-0.10314643383026123
-0.6875,0.75,-0.10314643383026123
-0.25,-0.5625,-0.10314643383026123
-0.25,-0.8125,-0.10314643383026123
-0.4375,-0.75,-0.10314643383026123
-0.1875,-0.75,-0.10314643383026123
-0.75,-0.5625,-0.10314643383026123
-0.75,-0.8125,-0.10314643383026123
-0.9375,-0.75,-0.10314643383026123
-0.6875,-0.75,-0.10314643383026123
-0.75,-0.0625,-0.10314643383026123
-0.75,-0.3125,-0.10314643383026123
-0.9375,-0.25,-0.10314643383026123
-0.6875,-0.25,-0.10314643383026123
0.75,-0.5625,-0.10314643383026123
0.75,-0.8125,-0.10314643383026123
0.5625,-0.75,-0.10314643383026123
0.8125,-0.75,-0.10314643383026123
0.25,-0.5625,-0.10314643383026123
0.25,-0.8125,-0.10314643383026123
0.0625,-0.75,-0.10314643383026123
0.3125,-0.75,-0.10314643383026123
0.25,-0.0625,-0.10314643383026123
0.25,-0.3125,-0.10314643383026123
0.0625,-0.25,-0.10314643383026123
0.3125,-0.25,-0.10314643383026123
0.75,-0.0625,-0.10314643383026123
0.75,-0.3125,-0.10314643383026123
0.5625,-0.25,-0.10314643383026123
0.8125,-0.25,-0.10314643383026123
-0.25,-0.0625,-0.10314643383026123
-0.25,-0.3125,-0.10314643383026123
-0.4375,-0.25,-0.10314643383026123
-0.1875,-0.25,-0.10314643383026123
-0.25,0.9375,-0.10314643383026123
-0.25,0.6875,-0.10314643383026123
-0.4375,0.75,-0.10314643383026123
-0.1875,0.75,-0.10314643383026123
0.75,0.9375,-0.10314643383026123
0.75,0.6875,-0.10314643383026123
0.5625,0.75,-0.10314643383026123
0.8125,0.75,-0.10314643383026123
-1.0,-0.8125,-0.10314643383026123
0.8125,-1.0,-0.10314643383026123
1.0,0.8125,-0.10314643383026123
-0.8125,1.0,-0.10314643383026123
-1.0,0.1875,-0.10314643383026123
-0.1875,-1.0,-0.10314643383026123
1.0,-0.1875,-0.10314643383026123
0.1875,1.0,-0.10314643383026123
0.0,0.8125,-0.10314643383026123
0.0,-0.1875,-0.10314643383026123
-0.8125,0.0,-0.10314643383026123
0.1875,0.0,-0.10314643383026123
-1.0,-0.3125,-0.10314643383026123
0.3125,-1.0,-0.10314643383026123
1.0,0.3125,-0.10314643383026123
-0.3125,1.0,-0.10314643383026123
-1.0,0.6875,-0.10314643383026123
-0.6875,-1.0,-0.10314643383026123
1.0,-0.6875,-0.10314643383026123
0.6875,1.0,-0.10314643383026123
0.0,0.3125,-0.10314643383026123
0.0,-0.6875,-0.10314643383026123
-0.3125,0.0,-0.10314643383026123
0.6875,0.0,-0.10314643383026123
0.5,-0.1875,-0.10314643383026123
0.5,-0.6875,-0.10314643383026123
0.1875,-0.5,-0.10314643383026123
0.6875,-0.5,-0.10314643383026123
-0.5,-0.1875,-0.10314643383026123
-0.5,-0.6875,-0.10314643383026123
-0.8125,-0.5,-0.10314643383026123
-0.3125,-0.5,-0.10314643383026123
-0.5,0.8125,-0.10314643383026123
-0.5,0.3125,-0.10314643383026123
-0.8125,0.5,-0.10314643383026123
-0.3125,0.5,-0.10314643383026123
0.5,0.8125,-0.10314643383026123
0.5,0.3125,-0.10314643383026123
0.1875,0.5,-0.10314643383026123
0.6875,0.5,-0.10314643383026123
-1.0,-0.5625,-0.10314643383026123
0.5625,-1.0,-0.10314643383026123
1.0,0.5625,-0.10314643383026123
-0.5625,1.0,-0.10314643383026123
-1.0,0.4375,-0.10314643383026123
-0.4375,-1.0,-0.10314643383026123
1.0,-0.4375,-0.10314643383026123
0.4375,1.0,-0.10314643383026123
0.0,0.5625,-0.10314643383026123
0.0,-0.4375,-0.10314643383026123
-0.5625,0.0,-0.10314643383026123
0.4375,0.0,-0.10314643383026123
-1.0,-0.0625,-0.10314643383026123
0.0625,-1.0,-0.10314643383026123
1.0,0.0625,-0.10314643383026123
-0.0625,1.0,-0.10314643383026123
-1.0,0.9375,-0.10314643383026123
-0.9375,-1.0,-0.10314643383026123
1.0,-0.9375,-0.10314643383026123
0.9375,1.0,-0.10314643383026123
0.0,0.0625,-0.10314643383026123
0.0,-0.9375,-0.10314643383026123
-0.0625,0.0,-0.10314643383026123
0.9375,0.0,-0.10314643383026123
0.5,-0.4375,-0.10314643383026123
0.5,-0.9375,-0.10314643383026123
0.4375,-0.5,-0.10314643383026123
0.9375,-0.5,-0.10314643383026123
-0.5,-0.4375,-0.10314643383026123
-0.5,-0.9375,-0.10314643383026123
-0.5625,-0.5,-0.10314643383026123
-0.0625,-0.5,-0.10314643383026123
-0.5,0.5625,-0.10314643383026123
-0.5,0.0625,-0.10314643383026123
-0.5625,0.5,-0.10314643383026123
-0.0625,0.5,-0.10314643383026123
0.5,0.5625,-0.10314643383026123
0.5,0.0625,-0.10314643383026123
0.4375,0.5,-0.10314643383026123
0.9375,0.5,-0.10314643383026123
0.75,0.3125,-0.10314643383026123
0.75,0.0625,-0.10314643383026123
0.6875,0.25,-0.10314643383026123
0.9375,0.25,-0.10314643383026123
0.25,0.3125,-0.10314643383026123
0.25,0.0625,-0.10314643383026123
0.1875,0.25,-0.10314643383026123
0.4375,0.25,-0.10314643383026123
0.25,0.8125,-0.10314643383026123
0.25,0.5625,-0.10314643383026123
0.1875,0.75,-0.10314643383026123
0.4375,0.75,-0.10314643383026123
-0.25,0.3125,-0.10314643383026123
-0.25,0.0625,-0.10314643383026123
-0.3125,0.25,-0.10314643383026123
-0.0625,0.25,-0.10314643383026123
-0.75,0.3125,-0.10314643383026123
-0.75,0.0625,-0.10314643383026123
-0.8125,0.25,-0.10314643383026123
-0.5625,0.25,-0.10314643383026123
-0.75,0.8125,-0.10314643383026123
-0.75,0.5625,-0.10314643383026123
-0.8125,0.75,-0.10314643383026123
-0.5625,0.75,-0.10314643383026123
-0.25,-0.6875,-0.10314643383026123
-0.25,-0.9375,-0.10314643383026123
-0.3125,-0.75,-0.10314643383026123
-0.0625,-0.75,-0.10314643383026123
-0.75,-0.6875,-0.10314643383026123
-0.75,-0.9375,-0.10314643383026123
-0.8125,-0.75,-0.10314643383026123
-0.5625,-0.75,-0.10314643383026123
-0.75,-0.1875,-0.10314643383026123
-0.75,-0.4375,-0.10314643383026123
-0.8125,-0.25,-0.10314643383026123
-0.5625,-0.25,-0.10314643383026123
0.75,-0.6875,-0.10314643383026123
0.75,-0.9375,-0.10314643383026123
0.6875,-0.75,-0.10314643383026123
0.9375,-0.75,-0.10314643383026123
0.25,-0.6875,-0.10314643383026123
0.25,-0.9375,-0.10314643383026123
0.1875,-0.75,-0.10314643383026123
0.4375,-0.75,-0.10314643383026123
0.25,-0.1875,-0.10314643383026123
0.25,-0.4375,-0.10314643383026123
0.1875,-0.25,-0.10314643383026123
0.4375,-0.25,-0.10314643383026123
0.75,-0.1875,-0.10314643383026123
0.75,-0.4375,-0.10314643383026123
0.6875,-0.25,-0.10314643383026123
0.9375,-0.25,-0.10314643383026123
-0.25,-0.1875,-0.10314643383026123
-0.25,-0.4375,-0.10314643383026123
-0.3125,-0.25,-0.10314643383026123
-0.0625,-0.25,-0.10314643383026123
-0.25,0.8125,-0.10314643383026123
-0.25,0.5625,-0.10314643383026123
-0.3125,0.75,-0.10314643383026123
-0.0625,0.75,-0.10314643383026123
0.75,0.8125,-0.10314643383026123
0.75,0.5625,-0.10314643383026123
0.6875,0.75,-0.10314643383026123
0.9375,0.75,-0.10314643383026123
0.875,0.6875,-0.10314643383026123
0.875,0.5625,-0.10314643383026123
0.8125,0.625,-0.10314643383026123
0.9375,0.625,-0.10314643383026123
0.625,0.6875,-0.10314643383026123
0.625,0.5625,-0.10314643383026123
0.5625,0.625,-0.10314643383026123
0.6875,0.625,-0.10314643383026123
0.625,0.9375,-0.10314643383026123
0.625,0.8125,-0.10314643383026123
0.5625,0.875,-0.10314643383026123
0.6875,0.875,-0.10314643383026123
-0.125,0.6875,-0.10314643383026123
-0.125,0.5625,-0.10314643383026123
-0.1875,0.625,-0.10314643383026123
-0.0625,0.625,-0.10314643383026123
-0.375,0.6875,-0.10314643383026123
-0.375,0.5625,-0.10314643383026123
-0.4375,0.625,-0.10314643383026123
-0.3125,0.625,-0.10314643383026123
-0.375,0.9375,-0.10314643383026123
-0.375,0.8125,-0.10314643383026123
-0.4375,0.875,-0.10314643383026123
-0.3125,0.875,-0.10314643383026123
-0.125,-0.3125,-0.10314643383026123
-0.125,-0.4375,-0.10314643383026123
-0.1875,-0.375,-0.10314643383026123
-0.0625,-0.375,-0.10314643383026123
-0.375,-0.3125,-0.10314643383026123
-0.375,-0.4375,-0.10314643383026123
-0.4375,-0.375,-0.10314643383026123
-0.3125,-0.375,-0.10314643383026123
-0.375,-0.0625,-0.10314643383026123
-0.375,-0.1875,-0.10314643383026123
-0.4375,-0.125,-0.10314643383026123
-0.3125,-0.125,-0.10314643383026123
0.875,-0.3125,-0.10314643383026123
0.875,-0.4375,-0.10314643383026123
0.8125,-0.375,-0.10314643383026123
0.9375,-0.375,-0.10314643383026123
0.625,-0.3125,-0.10314643383026123
0.625,-0.4375,-0.10314643383026123
0.5625,-0.375,-0.10314643383026123
0.6875,-0.375,-0.10314643383026123
0.625,-0.0625,-0.10314643383026123
0.625,-0.1875,-0.10314643383026123
0.5625,-0.125,-0.10314643383026123
0.6875,-0.125,-0.10314643383026123
0.375,-0.3125,-0.10314643383026123
0.375,-0.4375,-0.10314643383026123
0.3125,-0.375,-0.10314643383026123
0.4375,-0.375,-0.10314643383026123
0.125,-0.3125,-0.10314643383026123
0.125,-0.4375,-0.10314643383026123
0.0625,-0.375,-0.10314643383026123
0.1875,-0.375,-0.10314643383026123
0.125,-0.0625,-0.10314643383026123
0.125,-0.1875,-0.10314643383026123
0.0625,-0.125,-0.10314643383026123
0.1875,-0.125,-0.10314643383026123
0.375,-0.8125,-0.10314643383026123
0.375,-0.9375,-0.10314643383026123
0.3125,-0.875,-0.10314643383026123
0.4375,-0.875,-0.10314643383026123
0.125,-0.8125,-0.10314643383026123
0.125,-0.9375,-0.10314643383026123
0.0625,-0.875,-0.10314643383026123
0.1875,-0.875,-0.10314643383026123
0.125,-0.5625,-0.10314643383026123
0.125,-0.6875,-0.10314643383026123
0.0625,-0.625,-0.10314643383026123
0.1875,-0.625,-0.10314643383026123
0.875,-0.8125,-0.10314643383026123
0.875,-0.9375,-0.10314643383026123
0.8125,-0.875,-0.10314643383026123
0.9375,-0.875,-0.10314643383026123
0.625,-0.8125,-0.10314643383026123
0.625,-0.9375,-0.10314643383026123
0.5625,-0.875,-0.10314643383026123
0.6875,-0.875,-0.10314643383026123
0.625,-0.5625,-0.10314643383026123
0.625,-0.6875,-0.10314643383026123
0.5625,-0.625,-0.10314643383026123
0.6875,-0.625,-0.10314643383026123
-0.625,-0.3125,-0.10314643383026123
-0.625,-0.4375,-0.10314643383026123
-0.6875,-0.375,-0.10314643383026123
-0.5625,-0.375,-0.10314643383026123
-0.875,-0.3125,-0.10314643383026123
-0.875,-0.4375,-0.10314643383026123
-0.9375,-0.375,-0.10314643383026123
-0.8125,-0.375,-0.10314643383026123
-0.875,-0.0625,-0.10314643383026123
-0.875,-0.1875,-0.10314643383026123
-0.9375,-0.125,-0.10314643383026123
-0.8125,-0.125,-0.10314643383026123
-0.625,-0.8125,-0.10314643383026123
-0.625,-0.9375,-0.10314643383026123
-0.6875,-0.875,-0.10314643383026123
-0.5625,-0.875,-0.10314643383026123
-0.875,-0.8125,-0.10314643383026123
-0.875,-0.9375,-0.10314643383026123
-0.9375,-0.875,-0.10314643383026123
-0.8125,-0.875,-0.10314643383026123
-0.875,-0.5625,-0.10314643383026123
-0.875,-0.6875,-0.10314643383026123
-0.9375,-0.625,-0.10314643383026123
-0.8125,-0.625,-0.10314643383026123
-0.125,-0.8125,-0.10314643383026123
-0.125,-0.9375,-0.10314643383026123
-0.1875,-0.875,-0.10314643383026123
-0.0625,-0.875,-0.10314643383026123
-0.375,-0.8125,-0.10314643383026123
-0.375,-0.9375,-0.10314643383026123
-0.4375,-0.875,-0.10314643383026123
-0.3125,-0.875,-0.10314643383026123
-0.375,-0.5625,-0.10314643383026123
-0.375,-0.6875,-0.10314643383026123
-0.4375,-0.625,-0.10314643383026123
-0.3125,-0.625,-0.10314643383026123
-0.625,0.6875,-0.10314643383026123
-0.625,0.5625,-0.10314643383026123
-0.6875,0.625,-0.10314643383026123
-0.5625,0.625,-0.10314643383026123
-0.875,0.6875,-0.10314643383026123
-0.875,0.5625,-0.10314643383026123
-0.9375,0.625,-0.10314643383026123
-0.8125,0.625,-0.10314643383026123
-0.875,0.9375,-0.10314643383026123
-0.875,0.8125,-0.10314643383026123
-0.9375,0.875,-0.10314643383026123
-0.8125,0.875,-0.10314643383026123
-0.625,0.1875,-0.10314643383026123
-0.625,0.0625,-0.10314643383026123
-0.6875,0.125,-0.10314643383026123
-0.5625,0.125,-0.10314643383026123
-0.875,0.1875,-0.10314643383026123
-0.875,0.0625,-0.10314643383026123
-0.9375,0.125,-0.10314643383026123
-0.8125,0.125,-0.10314643383026123
-0.875,0.4375,-0.10314643383026123
-0.875,0.3125,-0.10314643383026123
-0.9375,0.375,-0.10314643383026123
-0.8125,0.375,-0.10314643383026123
-0.125,0.1875,-0.10314643383026123
-0.125,0.0625,-0.10314643383026123
-0.1875,0.125,-0.10314643383026123
-0.0625,0.125,-0.10314643383026123
-0.375,0.1875,-0.10314643383026123
-0.375,0.0625,-0.10314643383026123
-0.4375,0.125,-0.10314643383026123
-0.3125,0.125,-0.10314643383026123
-0.375,0.4375,-0.10314643383026123
-0.375,0.3125,-0.10314643383026123
-0.4375,0.375,-0.10314643383026123
-0.3125,0.375,-0.10314643383026123
0.375,0.6875,-0.10314643383026123
0.375,0.5625,-0.10314643383026123
0.3125,0.625,-0.10314643383026123
0.4375,0.625,-0.10314643383026123
0.125,0.6875,-0.10314643383026123
0.125,0.5625,-0.10314643383026123
0.0625,0.625,-0.10314643383026123
0.1875,0.625,-0.10314643383026123
0.125,0.9375,-0.10314643383026123
0.125,0.8125,-0.10314643383026123
0.0625,0.875,-0.10314643383026123
0.1875,0.875,-0.10314643383026123
0.375,0.1875,-0.10314643383026123
0.375,0.0625,-0.10314643383026123
0.3125,0.125,-0.10314643383026123
0.4375,0.125,-0.10314643383026123
0.125,0.1875,-0.10314643383026123
0.125,0.0625,-0.10314643383026123
0.0625,0.125,-0.10314643383026123
0.1875,0.125,-0.10314643383026123
0.125,0.4375,-0.10314643383026123
0.125,0.3125,-0.10314643383026123
0.0625,0.375,-0.10314643383026123
0.1875,0.375,-0.10314643383026123
0.875,0.1875,-0.10314643383026123
0.875,0.0625,-0.10314643383026123
0.8125,0.125,-0.10314643383026123
0.9375,0.125,-0.10314643383026123
0.625,0.1875,-0.10314643383026123
0.625,0.0625,-0.10314643383026123
0.5625,0.125,-0.10314643383026123
0.6875,0.125,-0.10314643383026123
0.625,0.4375,-0.10314643383026123
0.625,0.3125,-0.10314643383026123
0.5625,0.375,-0.10314643383026123
0.6875,0.375,-0.10314643383026123
0.875,0.4375,-0.10314643383026123
0.875,0.3125,-0.10314643383026123
0.8125,0.375,-0.10314643383026123
0.9375,0.375,-0.10314643383026123
0.375,0.4375,-0.10314643383026123
0.375,0.3125,-0.10314643383026123
0.3125,0.375,-0.10314643383026123
0.4375,0.375,-0.10314643383026123
0.375,0.9375,-0.10314643383026123
0.375,0.8125,-0.10314643383026123
0.3125,0.875,-0.10314643383026123
0.4375,0.875,-0.10314643383026123
-0.125,0.4375,-0.10314643383026123
-0.125,0.3125,-0.10314643383026123
-0.1875,0.375,-0.10314643383026123
-0.0625,0.375,-0.10314643383026123
-0.625,0.4375,-0.10314643383026123
-0.625,0.3125,-0.10314643383026123
-0.6875,0.375,-0.10314643383026123
-0.5625,0.375,-0.10314643383026123
-0.625,0.9375,-0.10314643383026123
-0.625,0.8125,-0.10314643383026123
-0.6875,0.875,-0.10314643383026123
-0.5625,0.875,-0.10314643383026123
-0.125,-0.5625,-0.10314643383026123
-0.125,-0.6875,-0.10314643383026123
-0.1875,-0.625,-0.10314643383026123
-0.0625,-0.625,-0.10314643383026123
-0.625,-0.5625,-0.10314643383026123
-0.625,-0.6875,-0.10314643383026123
-0.6875,-0.625,-0.10314643383026123
-0.5625,-0.625,-0.10314643383026123
-0.625,-0.0625,-0.10314643383026123
-0.625,-0.1875,-0.10314643383026123
-0.6875,-0.125,-0.10314643383026123
-0.5625,-0.125,-0.10314643383026123
0.875,-0.5625,-0.10314643383026123
0.875,-0.6875,-0.10314643383026123
0.8125,-0.625,-0.10314643383026123
0.9375,-0.625,-0.10314643383026123
0.375,-0.5625,-0.10314643383026123
0.375,-0.6875,-0.10314643383026123
0.3125,-0.625,-0.10314643383026123
0.4375,-0.625,-0.10314643383026123
0.375,-0.0625,-0.10314643383026123
0.375,-0.1875,-0.10314643383026123
0.3125,-0.125,-0.10314643383026123
0.4375,-0.125,-0.10314643383026123
0.875,-0.0625,-0.10314643383026123
0.875,-0.1875,-0.10314643383026123
0.8125,-0.125,-0.10314643383026123
0.9375,-0.125,-0.10314643383026123
-0.125,-0.0625,-0.10314643383026123
-0.125,-0.1875,-0.10314643383026123
-0.1875,-0.125,-0.10314643383026123
-0.0625,-0.125,-0.10314643383026123
-0.125,0.9375,-0.10314643383026123
-0.125,0.8125,-0.10314643383026123
-0.1875,0.875,-0.10314643383026123
-0.0625,0.875,-0.10314643383026123
0.875,0.9375,-0.10314643383026123
0.875,0.8125,-0.10314643383026123
0.8125,0.875,-0.10314643383026123
0.9375,0.875,-0.10314643383026123
0.9375,0.8125,-0.10314643383026123
0.8125,0.8125,-0.10314643383026123
0.8125,0.9375,-0.10314643383026123
-0.0625,0.8125,-0.10314643383026123
-0.1875,0.8125,-0.10314643383026123
-0.1875,0.9375,-0.10314643383026123
-0.0625,-0.1875,-0.10314643383026123
-0.1875,-0.1875,-0.10314643383026123
-0.1875,-0.0625,-0.10314643383026123
0.9375,-0.1875,-0.10314643383026123
0.8125,-0.1875,-0.10314643383026123
0.8125,-0.0625,-0.10314643383026123
0.4375,-0.1875,-0.10314643383026123
0.3125,-0.1875,-0.10314643383026123
0.3125,-0.0625,-0.10314643383026123
0.4375,-0.6875,-0.10314643383026123
0.3125,-0.6875,-0.10314643383026123
0.3125,-0.5625,-0.10314643383026123
0.9375,-0.6875,-0.10314643383026123
0.8125,-0.6875,-0.10314643383026123
0.8125,-0.5625,-0.10314643383026123
-0.5625,-0.1875,-0.10314643383026123
-0.6875,-0.1875,-0.10314643383026123
-0.6875,-0.0625,-0.10314643383026123
-0.5625,-0.6875,-0.10314643383026123
-0.6875,-0.6875,-0.10314643383026123
-0.6875,-0.5625,-0.10314643383026123
-0.0625,-0.6875,-0.10314643383026123
-0.1875,-0.6875,-0.10314643383026123
-0.1875,-0.5625,-0.10314643383026123
-0.5625,0.8125,-0.10314643383026123
-0.6875,0.8125,-0.10314643383026123
-0.6875,0.9375,-0.10314643383026123
-0.5625,0.3125,-0.10314643383026123
-0.6875,0.3125,-0.10314643383026123
-0.6875,0.4375,-0.10314643383026123
-0.0625,0.3125,-0.10314643383026123
-0.1875,0.3125,-0.10314643383026123
-0.1875,0.4375,-0.10314643383026123
0.4375,0.8125,-0.10314643383026123
0.3125,0.8125,-0.10314643383026123
0.3125,0.9375,-0.10314643383026123
0.4375,0.3125,-0.10314643383026123
0.3125,0.3125,-0.10314643383026123
0.3125,0.4375,-0.10314643383026123
0.9375,0.3125,-0.10314643383026123
0.8125,0.3125,-0.10314643383026123
0.8125,0.4375,-0.10314643383026123
0.6875,0.3125,-0.10314643383026123
0.5625,0.3125,-0.10314643383026123
0.5625,0.4375,-0.10314643383026123
0.6875,0.0625,-0.10314643383026123
0.5625,0.0625,-0.10314643383026123
0.5625,0.1875,-0.10314643383026123
0.9375,0.0625,-0.10314643383026123
0.8125,0.0625,-0.10314643383026123
0.8125,0.1875,-0.10314643383026123
0.1875,0.3125,-0.10314643383026123
0.0625,0.3125,-0.10314643383026123
0.0625,0.4375,-0.10314643383026123
0.1875,0.0625,-0.10314643383026123
0.0625,0.0625,-0.10314643383026123
0.0625,0.1875,-0.10314643383026123
0.4375,0.0625,-0.10314643383026123
0.3125,0.0625,-0.10314643383026123
0.3125,0.1875,-0.10314643383026123
0.1875,0.8125,-0.10314643383026123
0.0625,0.8125,-0.10314643383026123
0.0625,0.9375,-0.10314643383026123
0.1875,0.5625,-0.10314643383026123
0.0625,0.5625,-0.10314643383026123
0.0625,0.6875,-0.10314643383026123
0.4375,0.5625,-0.10314643383026123
0.3125,0.5625,-0.10314643383026123
0.3125,0.6875,-0.10314643383026123
-0.3125,0.3125,-0.10314643383026123
-0.4375,0.3125,-0.10314643383026123
-0.4375,0.4375,-0.10314643383026123
-0.3125,0.0625,-0.10314643383026123
-0.4375,0.0625,-0.10314643383026123
-0.4375,0.1875,-0.10314643383026123
-0.0625,0.0625,-0.10314643383026123
-0.1875,0.0625,-0.10314643383026123
-0.1875,0.1875,-0.10314643383026123
-0.8125,0.3125,-0.10314643383026123
-0.9375,0.3125,-0.10314643383026123
-0.9375,0.4375,-0.10314643383026123
-0.8125,0.0625,-0.10314643383026123
-0.9375,0.0625,-0.10314643383026123
-0.9375,0.1875,-0.10314643383026123
-0.5625,0.0625,-0.10314643383026123
-0.6875,0.0625,-0.10314643383026123
-0.6875,0.1875,-0.10314643383026123
-0.8125,0.8125,-0.10314643383026123
-0.9375,0.8125,-0.10314643383026123
-0.9375,0.9375,-0.10314643383026123
-0.8125,0.5625,-0.10314643383026123
-0.9375,0.5625,-0.10314643383026123
-0.9375,0.6875,-0.10314643383026123
-0.5625,0.5625,-0.10314643383026123
-0.6875,0.5625,-0.10314643383026123
-0.6875,0.6875,-0.10314643383026123
-0.3125,-0.6875,-0.10314643383026123
-0.4375,-0.6875,-0.10314643383026123
-0.4375,-0.5625,-0.10314643383026123
-0.3125,-0.9375,-0.10314643383026123
-0.4375,-0.9375,-0.10314643383026123
-0.4375,-0.8125,-0.10314643383026123
-0.0625,-0.9375,-0.10314643383026123
-0.1875,-0.9375,-0.10314643383026123
-0.1875,-0.8125,-0.10314643383026123
-0.8125,-0.6875,-0.10314643383026123
-0.9375,-0.6875,-0.10314643383026123
-0.9375,-0.5625,-0.10314643383026123
-0.8125,-0.9375,-0.10314643383026123
-0.9375,-0.9375,-0.10314643383026123
-0.9375,-0.8125,-0.10314643383026123
-0.5625,-0.9375,-0.10314643383026123
-0.6875,-0.9375,-0.10314643383026123
-0.6875,-0.8125,-0.10314643383026123
-0.8125,-0.1875,-0.10314643383026123
-0.9375,-0.1875,-0.10314643383026123
-0.9375,-0.0625,-0.10314643383026123
-0.8125,-0.4375,-0.10314643383026123
-0.9375,-0.4375,-0.10314643383026123
-0.9375,-0.3125,-0.10314643383026123
-0.5625,-0.4375,-0.10314643383026123
-0.6875,-0.4375,-0.10314643383026123
-0.6875,-0.3125,-0.10314643383026123
0.6875,-0.6875,-0.10314643383026123
0.5625,-0.6875,-0.10314643383026123
0.5625,-0.5625,-0.10314643383026123
0.6875,-0.9375,-0.10314643383026123
0.5625,-0.9375,-0.10314643383026123
0.5625,-0.8125,-0.10314643383026123
0.9375,-0.9375,-0.10314643383026123
0.8125,-0.9375,-0.10314643383026123
0.8125,-0.8125,-0.10314643383026123
0.1875,-0.6875,-0.10314643383026123
0.0625,-0.6875,-0.10314643383026123
0.0625,-0.5625,-0.10314643383026123
0.1875,-0.9375,-0.10314643383026123
0.0625,-0.9375,-0.10314643383026123
0.0625,-0.8125,-0.10314643383026123
0.4375,-0.9375,-0.10314643383026123
0.3125,-0.9375,-0.10314643383026123
0.3125,-0.8125,-0.10314643383026123
0.1875,-0.1875,-0.10314643383026123
0.0625,-0.1875,-0.10314643383026123
0.0625,-0.0625,-0.10314643383026123
0.1875,-0.4375,-0.10314643383026123
0.0625,-0.4375,-0.10314643383026123
0.0625,-0.3125,-0.10314643383026123
0.4375,-0.4375,-0.10314643383026123
0.3125,-0.4375,-0.10314643383026123
0.3125,-0.3125,-0.10314643383026123
0.6875,-0.1875,-0.10314643383026123
0.5625,-0.1875,-0.10314643383026123
0.5625,-0.0625,-0.10314643383026123
0.6875,-0.4375,-0.10314643383026123
0.5625,-0.4375,-0.10314643383026123
0.5625,-0.3125,-0.10314643383026123
0.9375,-0.4375,-0.10314643383026123
0.8125,-0.4375,-0.10314643383026123
0.8125,-0.3125,-0.10314643383026123
-0.3125,-0.1875,-0.10314643383026123
-0.4375,-0.1875,-0.10314643383026123
-0.4375,-0.0625,-0.10314643383026123
-0.3125,-0.4375,-0.10314643383026123
-0.4375,-0.4375,-0.10314643383026123
-0.4375,-0.3125,-0.10314643383026123
-0.0625,-0.4375,-0.10314643383026123
-0.1875,-0.4375,-0.10314643383026123
-0.1875,-0.3125,-0.10314643383026123
-0.3125,0.8125,-0.10314643383026123
-0.4375,0.8125,-0.10314643383026123
-0.4375,0.9375,-0.10314643383026123
-0.3125,0.5625,-0.10314643383026123
-0.4375,0.5625,-0.10314643383026123
-0.4375,0.6875,-0.10314643383026123
-0.0625,0.5625,-0.10314643383026123
-0.1875,0.5625,-0.10314643383026123
-0.1875,0.6875,-0.10314643383026123
0.6875,0.8125,-0.10314643383026123
0.5625,0.8125,-0.10314643383026123
0.5625,0.9375,-0.10314643383026123
0.6875,0.5625,-0.10314643383026123
0.5625,0.5625,-0.10314643383026123
0.5625,0.6875,-0.10314643383026123
0.9375,0.5625,-0.10314643383026123
0.8125,0.5625,-0.10314643383026123
0.8125,0.6875,-0.10314643383026123
0.9375,0.6875,-0.10314643383026123
0.6875,0.6875,-0.10314643383026123
0.6875,0.9375,-0.10314643383026123
-0.0625,0.6875,-0.10314643383026123
-0.3125,0.6875,-0.10314643383026123
-0.3125,0.9375,-0.10314643383026123
-0.0625,-0.3125,-0.10314643383026123
-0.3125,-0.3125,-0.10314643383026123
-0.3125,-0.0625,-0.10314643383026123
0.9375,-0.3125,-0.10314643383026123
0.6875,-0.3125,-0.10314643383026123
0.6875,-0.0625,-0.10314643383026123
0.4375,-0.3125,-0.10314643383026123
0.1875,-0.3125,-0.10314643383026123
0.1875,-0.0625,-0.10314643383026123
0.4375,-0.8125,-0.10314643383026123
0.1875,-0.8125,-0.10314643383026123
0.1875,-0.5625,-0.10314643383026123
0.9375,-0.8125,-0.10314643383026123
0.6875,-0.8125,-0.10314643383026123
0.6875,-0.5625,-0.10314643383026123
-0.5625,-0.3125,-0.10314643383026123
-0.8125,-0.3125,-0.10314643383026123
-0.8125,-0.0625,-0.10314643383026123
-0.5625,-0.8125,-0.10314643383026123
-0.8125,-0.8125,-0.10314643383026123
-0.8125,-0.5625,-0.10314643383026123
-0.0625,-0.8125,-0.10314643383026123
-0.3125,-0.8125,-0.10314643383026123
-0.3125,-0.5625,-0.10314643383026123
-0.5625,0.6875,-0.10314643383026123
-0.8125,0.6875,-0.10314643383026123
-0.8125,0.9375,-0.10314643383026123
-0.5625,0.1875,-0.10314643383026123
-0.8125,0.1875,-0.10314643383026123
-0.8125,0.4375,-0.10314643383026123
-0.0625,0.1875,-0.10314643383026123
-0.3125,0.1875,-0.10314643383026123
-0.3125,0.4375,-0.10314643383026123
0.4375,0.6875,-0.10314643383026123
0.1875,0.6875,-0.10314643383026123
0.1875,0.9375,-0.10314643383026123
0.4375,0.1875,-0.10314643383026123
0.1875,0.1875,-0.10314643383026123
0.1875,0.4375,-0.10314643383026123
0.9375,0.1875,-0.10314643383026123
0.6875,0.1875,-0.10314643383026123
0.6875,0.4375,-0.10314643383026123
0.9375,0.4375,-0.10314643383026123
0.4375,0.4375,-0.10314643383026123
0.4375,0.9375,-0.10314643383026123
-0.0625,0.4375,-0.10314643383026123
-0.5625,0.4375,-0.10314643383026123
-0.5625,0.9375,-0.10314643383026123
-0.0625,-0.5625,-0.10314643383026123
-0.5625,-0.5625,-0.10314643383026123
-0.5625,-0.0625,-0.10314643383026123
0.9375,-0.5625,-0.10314643383026123
0.4375,-0.5625,-0.10314643383026123
0.4375,-0.0625,-0.10314643383026123
0.9375,-0.0625,-0.10314643383026123
-0.0625,-0.0625,-0.10314643383026123
-0.0625,0.9375,-0.10314643383026123
0.9375,0.9375,-0.10314643383026123
