0.34379130601882935,-0.37399786710739136,0.0021814617794007063
0.34379130601882935,-0.37399786710739136,0.18401382863521576
0.34379130601882935,-0.19216549396514893,0.0021814617794007063
0.34379130601882935,-0.19216549396514893,0.18401382863521576
0.5256236791610718,-0.37399786710739136,0.0021814617794007063
0.5256236791610718,-0.37399786710739136,0.18401382863521576
0.5256236791610718,-0.19216549396514893,0.0021814617794007063
0.5256236791610718,-0.19216549396514893,0.18401382863521576
0.34379130601882935,-0.28308168053627014,0.0021814617794007063
0.34379130601882935,-0.37399786710739136,0.09309764206409454
0.34379130601882935,-0.28308168053627014,0.18401382863521576
0.34379130601882935,-0.19216549396514893,0.09309764206409454
0.43470749258995056,-0.19216549396514893,0.0021814617794007063
0.43470749258995056,-0.19216549396514893,0.18401382863521576
0.5256236791610718,-0.19216549396514893,0.09309764206409454
0.5256236791610718,-0.28308168053627014,0.0021814617794007063
0.5256236791610718,-0.28308168053627014,0.18401382863521576
0.5256236791610718,-0.37399786710739136,0.09309764206409454
0.43470749258995056,-0.37399786710739136,0.0021814617794007063
0.43470749258995056,-0.37399786710739136,0.18401382863521576
0.43470749258995056,-0.28308168053627014,0.18401382863521576
0.43470749258995056,-0.28308168053627014,0.0021814617794007063
0.43470749258995056,-0.37399786710739136,0.09309764206409454
0.5256236791610718,-0.28308168053627014,0.09309764206409454
0.43470749258995056,-0.19216549396514893,0.09309764206409454
0.34379130601882935,-0.28308168053627014,0.09309764206409454
0.34379130601882935,-0.32853978872299194,0.0021814617794007063
0.34379130601882935,-0.37399786710739136,0.13855573534965515
0.34379130601882935,-0.23762360215187073,0.18401382863521576
0.34379130601882935,-0.19216549396514893,0.047639552503824234
0.38924938440322876,-0.19216549396514893,0.0021814617794007063
0.48016560077667236,-0.19216549396514893,0.18401382863521576
0.5256236791610718,-0.19216549396514893,0.047639552503824234
0.5256236791610718,-0.23762360215187073,0.0021814617794007063
0.5256236791610718,-0.32853978872299194,0.18401382863521576
0.5256236791610718,-0.37399786710739136,0.047639552503824234
0.48016560077667236,-0.37399786710739136,0.0021814617794007063
0.38924938440322876,-0.37399786710739136,0.18401382863521576
0.34379130601882935,-0.23762360215187073,0.0021814617794007063
0.34379130601882935,-0.37399786710739136,0.047639552503824234
0.34379130601882935,-0.32853978872299194,0.18401382863521576
0.34379130601882935,-0.19216549396514893,0.13855573534965515
0.48016560077667236,-0.19216549396514893,0.0021814617794007063
0.38924938440322876,-0.19216549396514893,0.18401382863521576
0.5256236791610718,-0.19216549396514893,0.13855573534965515
0.5256236791610718,-0.32853978872299194,0.0021814617794007063
0.5256236791610718,-0.23762360215187073,0.18401382863521576
0.5256236791610718,-0.37399786710739136,0.13855573534965515
0.38924938440322876,-0.37399786710739136,0.0021814617794007063
0.48016560077667236,-0.37399786710739136,0.18401382863521576
0.43470749258995056,-0.32853978872299194,0.18401382863521576
0.43470749258995056,-0.23762360215187073,0.18401382863521576
0.48016560077667236,-0.28308168053627014,0.18401382863521576
0.38924938440322876,-0.28308168053627014,0.18401382863521576
0.43470749258995056,-0.32853978872299194,0.0021814617794007063
0.43470749258995056,-0.23762360215187073,0.0021814617794007063
0.38924938440322876,-0.28308168053627014,0.0021814617794007063
0.48016560077667236,-0.28308168053627014,0.0021814617794007063
0.38924938440322876,-0.37399786710739136,0.09309764206409454
0.48016560077667236,-0.37399786710739136,0.09309764206409454
0.43470749258995056,-0.37399786710739136,0.047639552503824234
0.43470749258995056,-0.37399786710739136,0.13855573534965515
0.5256236791610718,-0.32853978872299194,0.09309764206409454
0.5256236791610718,-0.23762360215187073,0.09309764206409454
0.5256236791610718,-0.28308168053627014,0.047639552503824234
0.5256236791610718,-0.28308168053627014,0.13855573534965515
0.48016560077667236,-0.19216549396514893,0.09309764206409454
0.38924938440322876,-0.19216549396514893,0.09309764206409454
0.43470749258995056,-0.19216549396514893,0.047639552503824234
0.43470749258995056,-0.19216549396514893,0.13855573534965515
0.34379130601882935,-0.23762360215187073,0.09309764206409454
0.34379130601882935,-0.32853978872299194,0.09309764206409454
0.34379130601882935,-0.28308168053627014,0.047639552503824234
0.34379130601882935,-0.28308168053627014,0.13855573534965515
0.34379130601882935,-0.32853978872299194,0.13855573534965515
0.34379130601882935,-0.32853978872299194,0.047639552503824234
0.34379130601882935,-0.23762360215187073,0.047639552503824234
0.38924938440322876,-0.19216549396514893,0.13855573534965515
0.38924938440322876,-0.19216549396514893,0.047639552503824234
0.48016560077667236,-0.19216549396514893,0.047639552503824234
0.5256236791610718,-0.23762360215187073,0.13855573534965515
0.5256236791610718,-0.23762360215187073,0.047639552503824234
0.5256236791610718,-0.32853978872299194,0.047639552503824234
0.48016560077667236,-0.37399786710739136,0.13855573534965515
0.48016560077667236,-0.37399786710739136,0.047639552503824234
0.38924938440322876,-0.37399786710739136,0.047639552503824234
0.48016560077667236,-0.23762360215187073,0.0021814617794007063
0.38924938440322876,-0.23762360215187073,0.0021814617794007063
0.38924938440322876,-0.32853978872299194,0.0021814617794007063
0.38924938440322876,-0.23762360215187073,0.18401382863521576
0.48016560077667236,-0.23762360215187073,0.18401382863521576
0.48016560077667236,-0.32853978872299194,0.18401382863521576
0.38924938440322876,-0.32853978872299194,0.18401382863521576
0.48016560077667236,-0.32853978872299194,0.0021814617794007063
0.38924938440322876,-0.37399786710739136,0.13855573534965515
0.5256236791610718,-0.32853978872299194,0.13855573534965515
0.48016560077667236,-0.19216549396514893,0.13855573534965515
0.34379130601882935,-0.23762360215187073,0.13855573534965515
0.34379130601882935,-0.35126882791519165,0.0021814617794007063
0.34379130601882935,-0.37399786710739136,0.16128478944301605
0.34379130601882935,-0.21489454805850983,0.18401382863521576
0.34379130601882935,-0.19216549396514893,0.02491050772368908
0.36652034521102905,-0.19216549396514893,0.0021814617794007063
0.5028946399688721,-0.19216549396514893,0.18401382863521576
0.5256236791610718,-0.19216549396514893,0.02491050772368908
0.5256236791610718,-0.21489454805850983,0.0021814617794007063
0.5256236791610718,-0.35126882791519165,0.18401382863521576
0.5256236791610718,-0.37399786710739136,0.02491050772368908
0.5028946399688721,-0.37399786710739136,0.0021814617794007063
0.36652034521102905,-0.37399786710739136,0.18401382863521576
0.34379130601882935,-0.26035264134407043,0.0021814617794007063
0.34379130601882935,-0.37399786710739136,0.07036860287189484
0.34379130601882935,-0.30581074953079224,0.18401382863521576
0.34379130601882935,-0.19216549396514893,0.11582669615745544
0.45743653178215027,-0.19216549396514893,0.0021814617794007063
0.41197845339775085,-0.19216549396514893,0.18401382863521576
0.5256236791610718,-0.19216549396514893,0.11582669615745544
0.5256236791610718,-0.30581074953079224,0.0021814617794007063
0.5256236791610718,-0.26035264134407043,0.18401382863521576
0.5256236791610718,-0.37399786710739136,0.11582669615745544
0.41197845339775085,-0.37399786710739136,0.0021814617794007063
0.45743653178215027,-0.37399786710739136,0.18401382863521576
0.43470749258995056,-0.35126882791519165,0.18401382863521576
0.43470749258995056,-0.26035264134407043,0.18401382863521576
0.5028946399688721,-0.28308168053627014,0.18401382863521576
0.41197845339775085,-0.28308168053627014,0.18401382863521576
0.43470749258995056,-0.35126882791519165,0.0021814617794007063
0.43470749258995056,-0.26035264134407043,0.0021814617794007063
0.36652034521102905,-0.28308168053627014,0.0021814617794007063
0.45743653178215027,-0.28308168053627014,0.0021814617794007063
0.36652034521102905,-0.37399786710739136,0.09309764206409454
0.45743653178215027,-0.37399786710739136,0.09309764206409454
0.43470749258995056,-0.37399786710739136,0.02491050772368908
0.43470749258995056,-0.37399786710739136,0.11582669615745544
0.5256236791610718,-0.35126882791519165,0.09309764206409454
0.5256236791610718,-0.26035264134407043,0.09309764206409454
0.5256236791610718,-0.28308168053627014,0.02491050772368908
0.5256236791610718,-0.28308168053627014,0.11582669615745544
0.5028946399688721,-0.19216549396514893,0.09309764206409454
0.41197845339775085,-0.19216549396514893,0.09309764206409454
0.43470749258995056,-0.19216549396514893,0.02491050772368908
0.43470749258995056,-0.19216549396514893,0.11582669615745544
0.34379130601882935,-0.21489454805850983,0.09309764206409454
0.34379130601882935,-0.30581074953079224,0.09309764206409454
0.34379130601882935,-0.28308168053627014,0.02491050772368908
0.34379130601882935,-0.28308168053627014,0.11582669615745544
0.34379130601882935,-0.30581074953079224,0.0021814617794007063
0.34379130601882935,-0.37399786710739136,0.11582669615745544
0.34379130601882935,-0.26035264134407043,0.18401382863521576
0.34379130601882935,-0.19216549396514893,0.07036860287189484
0.41197845339775085,-0.19216549396514893,0.0021814617794007063
0.45743653178215027,-0.19216549396514893,0.18401382863521576
0.5256236791610718,-0.19216549396514893,0.07036860287189484
0.5256236791610718,-0.26035264134407043,0.0021814617794007063
0.5256236791610718,-0.30581074953079224,0.18401382863521576
0.5256236791610718,-0.37399786710739136,0.07036860287189484
0.45743653178215027,-0.37399786710739136,0.0021814617794007063
0.41197845339775085,-0.37399786710739136,0.18401382863521576
0.34379130601882935,-0.21489454805850983,0.0021814617794007063
0.34379130601882935,-0.37399786710739136,0.02491050772368908
0.34379130601882935,-0.35126882791519165,0.18401382863521576
0.34379130601882935,-0.19216549396514893,0.16128478944301605
0.5028946399688721,-0.19216549396514893,0.0021814617794007063
0.36652034521102905,-0.19216549396514893,0.18401382863521576
0.5256236791610718,-0.19216549396514893,0.16128478944301605
0.5256236791610718,-0.35126882791519165,0.0021814617794007063
0.5256236791610718,-0.21489454805850983,0.18401382863521576
0.5256236791610718,-0.37399786710739136,0.16128478944301605
0.36652034521102905,-0.37399786710739136,0.0021814617794007063
0.5028946399688721,-0.37399786710739136,0.18401382863521576
0.43470749258995056,-0.30581074953079224,0.18401382863521576
0.43470749258995056,-0.21489454805850983,0.18401382863521576
0.45743653178215027,-0.28308168053627014,0.18401382863521576
0.36652034521102905,-0.28308168053627014,0.18401382863521576
0.43470749258995056,-0.30581074953079224,0.0021814617794007063
0.43470749258995056,-0.21489454805850983,0.0021814617794007063
0.41197845339775085,-0.28308168053627014,0.0021814617794007063
0.5028946399688721,-0.28308168053627014,0.0021814617794007063
0.41197845339775085,-0.37399786710739136,0.09309764206409454
0.5028946399688721,-0.37399786710739136,0.09309764206409454
0.43470749258995056,-0.37399786710739136,0.07036860287189484
0.43470749258995056,-0.37399786710739136,0.16128478944301605
0.5256236791610718,-0.30581074953079224,0.09309764206409454
0.5256236791610718,-0.21489454805850983,0.09309764206409454
0.5256236791610718,-0.28308168053627014,0.07036860287189484
0.5256236791610718,-0.28308168053627014,0.16128478944301605
0.45743653178215027,-0.19216549396514893,0.09309764206409454
0.36652034521102905,-0.19216549396514893,0.09309764206409454
0.43470749258995056,-0.19216549396514893,0.07036860287189484
0.43470749258995056,-0.19216549396514893,0.16128478944301605
0.34379130601882935,-0.26035264134407043,0.09309764206409454
0.34379130601882935,-0.35126882791519165,0.09309764206409454
0.34379130601882935,-0.28308168053627014,0.07036860287189484
0.34379130601882935,-0.28308168053627014,0.16128478944301605
0.34379130601882935,-0.30581074953079224,0.13855573534965515
0.34379130601882935,-0.35126882791519165,0.13855573534965515
0.34379130601882935,-0.32853978872299194,0.11582669615745544
0.34379130601882935,-0.32853978872299194,0.16128478944301605
0.34379130601882935,-0.30581074953079224,0.047639552503824234
0.34379130601882935,-0.35126882791519165,0.047639552503824234
0.34379130601882935,-0.32853978872299194,0.02491050772368908
0.34379130601882935,-0.32853978872299194,0.07036860287189484
0.34379130601882935,-0.21489454805850983,0.047639552503824234
0.34379130601882935,-0.26035264134407043,0.047639552503824234
0.34379130601882935,-0.23762360215187073,0.02491050772368908
0.34379130601882935,-0.23762360215187073,0.07036860287189484
0.41197845339775085,-0.19216549396514893,0.13855573534965515
0.36652034521102905,-0.19216549396514893,0.13855573534965515
0.38924938440322876,-0.19216549396514893,0.11582669615745544
0.38924938440322876,-0.19216549396514893,0.16128478944301605
0.41197845339775085,-0.19216549396514893,0.047639552503824234
0.36652034521102905,-0.19216549396514893,0.047639552503824234
0.38924938440322876,-0.19216549396514893,0.02491050772368908
0.38924938440322876,-0.19216549396514893,0.07036860287189484
0.5028946399688721,-0.19216549396514893,0.047639552503824234
0.45743653178215027,-0.19216549396514893,0.047639552503824234
0.48016560077667236,-0.19216549396514893,0.02491050772368908
0.48016560077667236,-0.19216549396514893,0.07036860287189484
0.5256236791610718,-0.26035264134407043,0.13855573534965515
0.5256236791610718,-0.21489454805850983,0.13855573534965515
0.5256236791610718,-0.23762360215187073,0.11582669615745544
0.5256236791610718,-0.23762360215187073,0.16128478944301605
0.5256236791610718,-0.26035264134407043,0.047639552503824234
0.5256236791610718,-0.21489454805850983,0.047639552503824234
0.5256236791610718,-0.23762360215187073,0.02491050772368908
0.5256236791610718,-0.23762360215187073,0.07036860287189484
0.5256236791610718,-0.35126882791519165,0.047639552503824234
0.5256236791610718,-0.30581074953079224,0.047639552503824234
0.5256236791610718,-0.32853978872299194,0.02491050772368908
0.5256236791610718,-0.32853978872299194,0.07036860287189484
0.45743653178215027,-0.37399786710739136,0.13855573534965515
0.5028946399688721,-0.37399786710739136,0.13855573534965515
0.48016560077667236,-0.37399786710739136,0.11582669615745544
0.48016560077667236,-0.37399786710739136,0.16128478944301605
0.45743653178215027,-0.37399786710739136,0.047639552503824234
0.5028946399688721,-0.37399786710739136,0.047639552503824234
0.48016560077667236,-0.37399786710739136,0.02491050772368908
0.48016560077667236,-0.37399786710739136,0.07036860287189484
0.36652034521102905,-0.37399786710739136,0.047639552503824234
0.41197845339775085,-0.37399786710739136,0.047639552503824234
0.38924938440322876,-0.37399786710739136,0.02491050772368908
0.38924938440322876,-0.37399786710739136,0.07036860287189484
0.48016560077667236,-0.26035264134407043,0.0021814617794007063
0.48016560077667236,-0.21489454805850983,0.0021814617794007063
0.45743653178215027,-0.23762360215187073,0.0021814617794007063
0.5028946399688721,-0.23762360215187073,0.0021814617794007063
0.38924938440322876,-0.26035264134407043,0.0021814617794007063
0.38924938440322876,-0.21489454805850983,0.0021814617794007063
0.36652034521102905,-0.23762360215187073,0.0021814617794007063
0.41197845339775085,-0.23762360215187073,0.0021814617794007063
0.38924938440322876,-0.35126882791519165,0.0021814617794007063
0.38924938440322876,-0.30581074953079224,0.0021814617794007063
0.36652034521102905,-0.32853978872299194,0.0021814617794007063
0.41197845339775085,-0.32853978872299194,0.0021814617794007063
0.38924938440322876,-0.26035264134407043,0.18401382863521576
0.38924938440322876,-0.21489454805850983,0.18401382863521576
0.41197845339775085,-0.23762360215187073,0.18401382863521576
0.36652034521102905,-0.23762360215187073,0.18401382863521576
0.48016560077667236,-0.26035264134407043,0.18401382863521576
0.48016560077667236,-0.21489454805850983,0.18401382863521576
0.5028946399688721,-0.23762360215187073,0.18401382863521576
0.45743653178215027,-0.23762360215187073,0.18401382863521576
0.48016560077667236,-0.35126882791519165,0.18401382863521576
0.48016560077667236,-0.30581074953079224,0.18401382863521576
0.5028946399688721,-0.32853978872299194,0.18401382863521576
0.45743653178215027,-0.32853978872299194,0.18401382863521576
0.38924938440322876,-0.35126882791519165,0.18401382863521576
0.38924938440322876,-0.30581074953079224,0.18401382863521576
0.41197845339775085,-0.32853978872299194,0.18401382863521576
0.36652034521102905,-0.32853978872299194,0.18401382863521576
0.48016560077667236,-0.35126882791519165,0.0021814617794007063
0.48016560077667236,-0.30581074953079224,0.0021814617794007063
0.45743653178215027,-0.32853978872299194,0.0021814617794007063
0.5028946399688721,-0.32853978872299194,0.0021814617794007063
0.36652034521102905,-0.37399786710739136,0.13855573534965515
0.41197845339775085,-0.37399786710739136,0.13855573534965515
0.38924938440322876,-0.37399786710739136,0.11582669615745544
0.38924938440322876,-0.37399786710739136,0.16128478944301605
0.5256236791610718,-0.35126882791519165,0.13855573534965515
0.5256236791610718,-0.30581074953079224,0.13855573534965515
0.5256236791610718,-0.32853978872299194,0.11582669615745544
0.5256236791610718,-0.32853978872299194,0.16128478944301605
0.5028946399688721,-0.19216549396514893,0.13855573534965515
0.45743653178215027,-0.19216549396514893,0.13855573534965515
0.48016560077667236,-0.19216549396514893,0.11582669615745544
0.48016560077667236,-0.19216549396514893,0.16128478944301605
0.34379130601882935,-0.21489454805850983,0.13855573534965515
0.34379130601882935,-0.26035264134407043,0.13855573534965515
0.34379130601882935,-0.23762360215187073,0.11582669615745544
0.34379130601882935,-0.23762360215187073,0.16128478944301605
0.34379130601882935,-0.26035264134407043,0.16128478944301605
0.34379130601882935,-0.26035264134407043,0.11582669615745544
0.34379130601882935,-0.21489454805850983,0.11582669615745544
0.45743653178215027,-0.19216549396514893,0.16128478944301605
0.45743653178215027,-0.19216549396514893,0.11582669615745544
0.5028946399688721,-0.19216549396514893,0.11582669615745544
0.5256236791610718,-0.30581074953079224,0.16128478944301605
0.5256236791610718,-0.30581074953079224,0.11582669615745544
0.5256236791610718,-0.35126882791519165,0.11582669615745544
0.41197845339775085,-0.37399786710739136,0.16128478944301605
0.41197845339775085,-0.37399786710739136,0.11582669615745544
0.36652034521102905,-0.37399786710739136,0.11582669615745544
0.5028946399688721,-0.30581074953079224,0.0021814617794007063
0.45743653178215027,-0.30581074953079224,0.0021814617794007063
0.45743653178215027,-0.35126882791519165,0.0021814617794007063
0.36652034521102905,-0.30581074953079224,0.18401382863521576
0.41197845339775085,-0.30581074953079224,0.18401382863521576
0.41197845339775085,-0.35126882791519165,0.18401382863521576
0.45743653178215027,-0.30581074953079224,0.18401382863521576
0.5028946399688721,-0.30581074953079224,0.18401382863521576
0.5028946399688721,-0.35126882791519165,0.18401382863521576
0.45743653178215027,-0.21489454805850983,0.18401382863521576
0.5028946399688721,-0.21489454805850983,0.18401382863521576
0.5028946399688721,-0.26035264134407043,0.18401382863521576
0.36652034521102905,-0.21489454805850983,0.18401382863521576
0.41197845339775085,-0.21489454805850983,0.18401382863521576
0.41197845339775085,-0.26035264134407043,0.18401382863521576
0.41197845339775085,-0.30581074953079224,0.0021814617794007063
0.36652034521102905,-0.30581074953079224,0.0021814617794007063
0.36652034521102905,-0.35126882791519165,0.0021814617794007063
0.41197845339775085,-0.21489454805850983,0.0021814617794007063
0.36652034521102905,-0.21489454805850983,0.0021814617794007063
0.36652034521102905,-0.26035264134407043,0.0021814617794007063
0.5028946399688721,-0.21489454805850983,0.0021814617794007063
0.45743653178215027,-0.21489454805850983,0.0021814617794007063
0.45743653178215027,-0.26035264134407043,0.0021814617794007063
0.41197845339775085,-0.37399786710739136,0.07036860287189484
0.41197845339775085,-0.37399786710739136,0.02491050772368908
0.36652034521102905,-0.37399786710739136,0.02491050772368908
0.5028946399688721,-0.37399786710739136,0.07036860287189484
0.5028946399688721,-0.37399786710739136,0.02491050772368908
0.45743653178215027,-0.37399786710739136,0.02491050772368908
0.5028946399688721,-0.37399786710739136,0.16128478944301605
0.5028946399688721,-0.37399786710739136,0.11582669615745544
0.45743653178215027,-0.37399786710739136,0.11582669615745544
0.5256236791610718,-0.30581074953079224,0.07036860287189484
0.5256236791610718,-0.30581074953079224,0.02491050772368908
0.5256236791610718,-0.35126882791519165,0.02491050772368908
0.5256236791610718,-0.21489454805850983,0.07036860287189484
0.5256236791610718,-0.21489454805850983,0.02491050772368908
0.5256236791610718,-0.26035264134407043,0.02491050772368908
0.5256236791610718,-0.21489454805850983,0.16128478944301605
0.5256236791610718,-0.21489454805850983,0.11582669615745544
0.5256236791610718,-0.26035264134407043,0.11582669615745544
0.45743653178215027,-0.19216549396514893,0.07036860287189484
0.45743653178215027,-0.19216549396514893,0.02491050772368908
0.5028946399688721,-0.19216549396514893,0.02491050772368908
0.36652034521102905,-0.19216549396514893,0.07036860287189484
0.36652034521102905,-0.19216549396514893,0.02491050772368908
0.41197845339775085,-0.19216549396514893,0.02491050772368908
0.36652034521102905,-0.19216549396514893,0.16128478944301605
0.36652034521102905,-0.19216549396514893,0.11582669615745544
0.41197845339775085,-0.19216549396514893,0.11582669615745544
0.34379130601882935,-0.26035264134407043,0.07036860287189484
0.34379130601882935,-0.26035264134407043,0.02491050772368908
0.34379130601882935,-0.21489454805850983,0.02491050772368908
0.34379130601882935,-0.35126882791519165,0.07036860287189484
0.34379130601882935,-0.35126882791519165,0.02491050772368908
0.34379130601882935,-0.30581074953079224,0.02491050772368908
0.34379130601882935,-0.35126882791519165,0.16128478944301605
0.34379130601882935,-0.35126882791519165,0.11582669615745544
0.34379130601882935,-0.30581074953079224,0.11582669615745544
0.34379130601882935,-0.30581074953079224,0.16128478944301605
0.34379130601882935,-0.30581074953079224,0.07036860287189484
0.34379130601882935,-0.21489454805850983,0.07036860287189484
0.41197845339775085,-0.19216549396514893,0.16128478944301605
0.41197845339775085,-0.19216549396514893,0.07036860287189484
0.5028946399688721,-0.19216549396514893,0.07036860287189484
0.5256236791610718,-0.26035264134407043,0.16128478944301605
0.5256236791610718,-0.26035264134407043,0.07036860287189484
0.5256236791610718,-0.35126882791519165,0.07036860287189484
0.45743653178215027,-0.37399786710739136,0.16128478944301605
0.45743653178215027,-0.37399786710739136,0.07036860287189484
0.36652034521102905,-0.37399786710739136,0.07036860287189484
0.5028946399688721,-0.26035264134407043,0.0021814617794007063
0.41197845339775085,-0.26035264134407043,0.0021814617794007063
0.41197845339775085,-0.35126882791519165,0.0021814617794007063
0.36652034521102905,-0.26035264134407043,0.18401382863521576
0.45743653178215027,-0.26035264134407043,0.18401382863521576
0.45743653178215027,-0.35126882791519165,0.18401382863521576
0.36652034521102905,-0.35126882791519165,0.18401382863521576
0.5028946399688721,-0.35126882791519165,0.0021814617794007063
0.36652034521102905,-0.37399786710739136,0.16128478944301605
0.5256236791610718,-0.35126882791519165,0.16128478944301605
0.5028946399688721,-0.19216549396514893,0.16128478944301605
0.34379130601882935,-0.21489454805850983,0.16128478944301605
