0.3032231628894806,-1.0,0.6651358604431152
1.2790253162384033,-1.0,0.6651358604431152
0.3032231628894806,1.0,0.6651358604431152
1.2790253162384033,1.0,0.6651358604431152
0.3032231628894806,-1.0,0.7224361300468445
1.2790253162384033,-1.0,0.7224361300468445
0.3032231628894806,1.0,0.7224361300468445
1.2790253162384033,1.0,0.7224361300468445
0.3032231628894806,0.0,0.6651358604431152
0.7911242246627808,-1.0,0.6651358604431152
1.2790253162384033,0.0,0.6651358604431152
0.7911242246627808,1.0,0.6651358604431152
0.3032231628894806,0.0,0.7224361300468445
0.7911242246627808,-1.0,0.7224361300468445
1.2790253162384033,0.0,0.7224361300468445
0.7911242246627808,1.0,0.7224361300468445
1.2790253162384033,1.0,0.6937860250473022
1.2790253162384033,-1.0,0.6937860250473022
0.3032231628894806,-1.0,0.6937860250473022
0.3032231628894806,1.0,0.6937860250473022
0.7911242246627808,-1.0,0.6937860250473022
0.7911242246627808,1.0,0.6937860250473022
0.3032231628894806,0.0,0.6937860250473022
1.2790253162384033,0.0,0.6937860250473022
0.7911242246627808,0.0,0.7224361300468445
0.7911242246627808,0.0,0.6651358604431152
0.3032231628894806,-0.5,0.6651358604431152
1.0350747108459473,-1.0,0.6651358604431152
1.2790253162384033,0.5,0.6651358604431152
0.5471736788749695,1.0,0.6651358604431152
0.3032231628894806,-0.5,0.7224361300468445
1.0350747108459473,-1.0,0.7224361300468445
1.2790253162384033,0.5,0.7224361300468445
0.5471736788749695,1.0,0.7224361300468445
1.2790253162384033,1.0,0.708111047744751
1.2790253162384033,-1.0,0.6794609427452087
0.3032231628894806,-1.0,0.708111047744751
0.3032231628894806,1.0,0.6794609427452087
0.3032231628894806,0.5,0.6651358604431152
0.5471736788749695,-1.0,0.6651358604431152
1.2790253162384033,-0.5,0.6651358604431152
1.0350747108459473,1.0,0.6651358604431152
0.3032231628894806,0.5,0.7224361300468445
0.5471736788749695,-1.0,0.7224361300468445
1.2790253162384033,-0.5,0.7224361300468445
1.0350747108459473,1.0,0.7224361300468445
1.2790253162384033,1.0,0.6794609427452087
1.2790253162384033,-1.0,0.708111047744751
0.3032231628894806,-1.0,0.6794609427452087
0.3032231628894806,1.0,0.708111047744751
0.7911242246627808,-1.0,0.708111047744751
0.7911242246627808,-1.0,0.6794609427452087
0.5471736788749695,-1.0,0.6937860250473022
1.0350747108459473,-1.0,0.6937860250473022
0.7911242246627808,1.0,0.708111047744751
0.7911242246627808,1.0,0.6794609427452087
1.0350747108459473,1.0,0.6937860250473022
0.5471736788749695,1.0,0.6937860250473022
0.3032231628894806,0.0,0.708111047744751
0.3032231628894806,0.0,0.6794609427452087
0.3032231628894806,0.5,0.6937860250473022
0.3032231628894806,-0.5,0.6937860250473022
1.2790253162384033,0.0,0.708111047744751
1.2790253162384033,0.0,0.6794609427452087
1.2790253162384033,-0.5,0.6937860250473022
1.2790253162384033,0.5,0.6937860250473022
0.7911242246627808,0.5,0.7224361300468445
0.7911242246627808,-0.5,0.7224361300468445
0.5471736788749695,0.0,0.7224361300468445
1.0350747108459473,0.0,0.7224361300468445
1.0350747108459473,0.0,0.6651358604431152
0.5471736788749695,0.0,0.6651358604431152
0.7911242246627808,-0.5,0.6651358604431152
0.7911242246627808,0.5,0.6651358604431152
0.5471736788749695,0.5,0.6651358604431152
0.5471736788749695,-0.5,0.6651358604431152
1.0350747108459473,-0.5,0.6651358604431152
1.0350747108459473,-0.5,0.7224361300468445
0.5471736788749695,-0.5,0.7224361300468445
0.5471736788749695,0.5,0.7224361300468445
1.2790253162384033,0.5,0.6794609427452087
1.2790253162384033,-0.5,0.6794609427452087
1.2790253162384033,-0.5,0.708111047744751
0.3032231628894806,-0.5,0.6794609427452087
0.3032231628894806,0.5,0.6794609427452087
0.3032231628894806,0.5,0.708111047744751
0.5471736788749695,1.0,0.6794609427452087
1.0350747108459473,1.0,0.6794609427452087
1.0350747108459473,1.0,0.708111047744751
1.0350747108459473,-1.0,0.6794609427452087
0.5471736788749695,-1.0,0.6794609427452087
0.5471736788749695,-1.0,0.708111047744751
1.0350747108459473,-1.0,0.708111047744751
0.5471736788749695,1.0,0.708111047744751
0.3032231628894806,-0.5,0.708111047744751
1.2790253162384033,0.5,0.708111047744751
1.0350747108459473,0.5,0.7224361300468445
1.0350747108459473,0.5,0.6651358604431152
0.3032231628894806,-0.75,0.6651358604431152
1.1570500135421753,-1.0,0.6651358604431152
1.2790253162384033,0.75,0.6651358604431152
0.42519843578338623,1.0,0.6651358604431152
0.3032231628894806,-0.75,0.7224361300468445
1.1570500135421753,-1.0,0.7224361300468445
1.2790253162384033,0.75,0.7224361300468445
0.42519843578338623,1.0,0.7224361300468445
1.2790253162384033,1.0,0.7152736186981201
1.2790253162384033,-1.0,0.6722983717918396
0.3032231628894806,-1.0,0.7152736186981201
0.3032231628894806,1.0,0.6722983717918396
0.3032231628894806,0.25,0.6651358604431152
0.6691489815711975,-1.0,0.6651358604431152
1.2790253162384033,-0.25,0.6651358604431152
0.9130995273590088,1.0,0.6651358604431152
0.3032231628894806,0.25,0.7224361300468445
0.6691489815711975,-1.0,0.7224361300468445
1.2790253162384033,-0.25,0.7224361300468445
0.9130995273590088,1.0,0.7224361300468445
1.2790253162384033,1.0,0.6866234540939331
1.2790253162384033,-1.0,0.7009485363960266
0.3032231628894806,-1.0,0.6866234540939331
0.3032231628894806,1.0,0.7009485363960266
0.7911242246627808,-1.0,0.7152736186981201
0.7911242246627808,-1.0,0.6866234540939331
0.42519843578338623,-1.0,0.6937860250473022
0.9130995273590088,-1.0,0.6937860250473022
0.7911242246627808,1.0,0.7152736186981201
0.7911242246627808,1.0,0.6866234540939331
1.1570500135421753,1.0,0.6937860250473022
0.6691489815711975,1.0,0.6937860250473022
0.3032231628894806,0.0,0.7152736186981201
0.3032231628894806,0.0,0.6866234540939331
0.3032231628894806,0.75,0.6937860250473022
0.3032231628894806,-0.25,0.6937860250473022
1.2790253162384033,0.0,0.7152736186981201
1.2790253162384033,0.0,0.6866234540939331
1.2790253162384033,-0.75,0.6937860250473022
1.2790253162384033,0.25,0.6937860250473022
0.7911242246627808,0.75,0.7224361300468445
0.7911242246627808,-0.25,0.7224361300468445
0.42519843578338623,0.0,0.7224361300468445
0.9130995273590088,0.0,0.7224361300468445
1.1570500135421753,0.0,0.6651358604431152
0.6691489815711975,0.0,0.6651358604431152
0.7911242246627808,-0.75,0.6651358604431152
0.7911242246627808,0.25,0.6651358604431152
0.3032231628894806,-0.25,0.6651358604431152
0.9130995273590088,-1.0,0.6651358604431152
1.2790253162384033,0.25,0.6651358604431152
0.6691489815711975,1.0,0.6651358604431152
0.3032231628894806,-0.25,0.7224361300468445
0.9130995273590088,-1.0,0.7224361300468445
1.2790253162384033,0.25,0.7224361300468445
0.6691489815711975,1.0,0.7224361300468445
1.2790253162384033,1.0,0.7009485363960266
1.2790253162384033,-1.0,0.6866234540939331
0.3032231628894806,-1.0,0.7009485363960266
0.3032231628894806,1.0,0.6866234540939331
0.3032231628894806,0.75,0.6651358604431152
0.42519843578338623,-1.0,0.6651358604431152
1.2790253162384033,-0.75,0.6651358604431152
1.1570500135421753,1.0,0.6651358604431152
0.3032231628894806,0.75,0.7224361300468445
0.42519843578338623,-1.0,0.7224361300468445
1.2790253162384033,-0.75,0.7224361300468445
1.1570500135421753,1.0,0.7224361300468445
1.2790253162384033,1.0,0.6722983717918396
1.2790253162384033,-1.0,0.7152736186981201
0.3032231628894806,-1.0,0.6722983717918396
0.3032231628894806,1.0,0.7152736186981201
0.7911242246627808,-1.0,0.7009485363960266
0.7911242246627808,-1.0,0.6722983717918396
0.6691489815711975,-1.0,0.6937860250473022
1.1570500135421753,-1.0,0.6937860250473022
0.7911242246627808,1.0,0.7009485363960266
0.7911242246627808,1.0,0.6722983717918396
0.9130995273590088,1.0,0.6937860250473022
0.42519843578338623,1.0,0.6937860250473022
0.3032231628894806,0.0,0.7009485363960266
0.3032231628894806,0.0,0.6722983717918396
0.3032231628894806,0.25,0.6937860250473022
0.3032231628894806,-0.75,0.6937860250473022
1.2790253162384033,0.0,0.7009485363960266
1.2790253162384033,0.0,0.6722983717918396
1.2790253162384033,-0.25,0.6937860250473022
1.2790253162384033,0.75,0.6937860250473022
0.7911242246627808,0.25,0.7224361300468445
0.7911242246627808,-0.75,0.7224361300468445
0.6691489815711975,0.0,0.7224361300468445
1.1570500135421753,0.0,0.7224361300468445
0.9130995273590088,0.0,0.6651358604431152
0.42519843578338623,0.0,0.6651358604431152
0.7911242246627808,-0.25,0.6651358604431152
0.7911242246627808,0.75,0.6651358604431152
0.6691489815711975,0.5,0.6651358604431152
0.42519843578338623,0.5,0.6651358604431152
0.5471736788749695,0.25,0.6651358604431152
0.5471736788749695,0.75,0.6651358604431152
0.6691489815711975,-0.5,0.6651358604431152
0.42519843578338623,-0.5,0.6651358604431152
0.5471736788749695,-0.75,0.6651358604431152
0.5471736788749695,-0.25,0.6651358604431152
1.1570500135421753,-0.5,0.6651358604431152
0.9130995273590088,-0.5,0.6651358604431152
1.0350747108459473,-0.75,0.6651358604431152
1.0350747108459473,-0.25,0.6651358604431152
1.0350747108459473,-0.25,0.7224361300468445
1.0350747108459473,-0.75,0.7224361300468445
0.9130995273590088,-0.5,0.7224361300468445
1.1570500135421753,-0.5,0.7224361300468445
0.5471736788749695,-0.25,0.7224361300468445
0.5471736788749695,-0.75,0.7224361300468445
0.42519843578338623,-0.5,0.7224361300468445
0.6691489815711975,-0.5,0.7224361300468445
0.5471736788749695,0.75,0.7224361300468445
0.5471736788749695,0.25,0.7224361300468445
0.42519843578338623,0.5,0.7224361300468445
0.6691489815711975,0.5,0.7224361300468445
1.2790253162384033,0.5,0.6866234540939331
1.2790253162384033,0.5,0.6722983717918396
1.2790253162384033,0.25,0.6794609427452087
1.2790253162384033,0.75,0.6794609427452087
1.2790253162384033,-0.5,0.6866234540939331
1.2790253162384033,-0.5,0.6722983717918396
1.2790253162384033,-0.75,0.6794609427452087
1.2790253162384033,-0.25,0.6794609427452087
1.2790253162384033,-0.5,0.7152736186981201
1.2790253162384033,-0.5,0.7009485363960266
1.2790253162384033,-0.75,0.708111047744751
1.2790253162384033,-0.25,0.708111047744751
0.3032231628894806,-0.5,0.6866234540939331
0.3032231628894806,-0.5,0.6722983717918396
0.3032231628894806,-0.25,0.6794609427452087
0.3032231628894806,-0.75,0.6794609427452087
0.3032231628894806,0.5,0.6866234540939331
0.3032231628894806,0.5,0.6722983717918396
0.3032231628894806,0.75,0.6794609427452087
0.3032231628894806,0.25,0.6794609427452087
0.3032231628894806,0.5,0.7152736186981201
0.3032231628894806,0.5,0.7009485363960266
0.3032231628894806,0.75,0.708111047744751
0.3032231628894806,0.25,0.708111047744751
0.5471736788749695,1.0,0.6866234540939331
0.5471736788749695,1.0,0.6722983717918396
0.6691489815711975,1.0,0.6794609427452087
0.42519843578338623,1.0,0.6794609427452087
1.0350747108459473,1.0,0.6866234540939331
1.0350747108459473,1.0,0.6722983717918396
1.1570500135421753,1.0,0.6794609427452087
0.9130995273590088,1.0,0.6794609427452087
1.0350747108459473,1.0,0.7152736186981201
1.0350747108459473,1.0,0.7009485363960266
1.1570500135421753,1.0,0.708111047744751
0.9130995273590088,1.0,0.708111047744751
1.0350747108459473,-1.0,0.6866234540939331
1.0350747108459473,-1.0,0.6722983717918396
0.9130995273590088,-1.0,0.6794609427452087
1.1570500135421753,-1.0,0.6794609427452087
0.5471736788749695,-1.0,0.6866234540939331
0.5471736788749695,-1.0,0.6722983717918396
0.42519843578338623,-1.0,0.6794609427452087
0.6691489815711975,-1.0,0.6794609427452087
0.5471736788749695,-1.0,0.7152736186981201
0.5471736788749695,-1.0,0.7009485363960266
0.42519843578338623,-1.0,0.708111047744751
0.6691489815711975,-1.0,0.708111047744751
1.0350747108459473,-1.0,0.7152736186981201
1.0350747108459473,-1.0,0.7009485363960266
0.9130995273590088,-1.0,0.708111047744751
1.1570500135421753,-1.0,0.708111047744751
0.5471736788749695,1.0,0.7152736186981201
0.5471736788749695,1.0,0.7009485363960266
0.6691489815711975,1.0,0.708111047744751
0.42519843578338623,1.0,0.708111047744751
0.3032231628894806,-0.5,0.7152736186981201
0.3032231628894806,-0.5,0.7009485363960266
0.3032231628894806,-0.25,0.708111047744751
0.3032231628894806,-0.75,0.708111047744751
1.2790253162384033,0.5,0.7152736186981201
1.2790253162384033,0.5,0.7009485363960266
1.2790253162384033,0.25,0.708111047744751
1.2790253162384033,0.75,0.708111047744751
1.0350747108459473,0.75,0.7224361300468445
1.0350747108459473,0.25,0.7224361300468445
0.9130995273590088,0.5,0.7224361300468445
1.1570500135421753,0.5,0.7224361300468445
1.1570500135421753,0.5,0.6651358604431152
0.9130995273590088,0.5,0.6651358604431152
1.0350747108459473,0.25,0.6651358604431152
1.0350747108459473,0.75,0.6651358604431152
0.9130995273590088,0.75,0.6651358604431152
0.9130995273590088,0.25,0.6651358604431152
1.1570500135421753,0.25,0.6651358604431152
1.1570500135421753,0.25,0.7224361300468445
0.9130995273590088,0.25,0.7224361300468445
0.9130995273590088,0.75,0.7224361300468445
1.2790253162384033,0.75,0.7009485363960266
1.2790253162384033,0.25,0.7009485363960266
1.2790253162384033,0.25,0.7152736186981201
0.3032231628894806,-0.75,0.7009485363960266
0.3032231628894806,-0.25,0.7009485363960266
0.3032231628894806,-0.25,0.7152736186981201
0.42519843578338623,1.0,0.7009485363960266
0.6691489815711975,1.0,0.7009485363960266
0.6691489815711975,1.0,0.7152736186981201
1.1570500135421753,-1.0,0.7009485363960266
0.9130995273590088,-1.0,0.7009485363960266
0.9130995273590088,-1.0,0.7152736186981201
0.6691489815711975,-1.0,0.7009485363960266
0.42519843578338623,-1.0,0.7009485363960266
0.42519843578338623,-1.0,0.7152736186981201
0.6691489815711975,-1.0,0.6722983717918396
0.42519843578338623,-1.0,0.6722983717918396
0.42519843578338623,-1.0,0.6866234540939331
1.1570500135421753,-1.0,0.6722983717918396
0.9130995273590088,-1.0,0.6722983717918396
0.9130995273590088,-1.0,0.6866234540939331
0.9130995273590088,1.0,0.7009485363960266
1.1570500135421753,1.0,0.7009485363960266
1.1570500135421753,1.0,0.7152736186981201
0.9130995273590088,1.0,0.6722983717918396
1.1570500135421753,1.0,0.6722983717918396
1.1570500135421753,1.0,0.6866234540939331
0.42519843578338623,1.0,0.6722983717918396
0.6691489815711975,1.0,0.6722983717918396
0.6691489815711975,1.0,0.6866234540939331
0.3032231628894806,0.25,0.7009485363960266
0.3032231628894806,0.75,0.7009485363960266
0.3032231628894806,0.75,0.7152736186981201
0.3032231628894806,0.25,0.6722983717918396
0.3032231628894806,0.75,0.6722983717918396
0.3032231628894806,0.75,0.6866234540939331
0.3032231628894806,-0.75,0.6722983717918396
0.3032231628894806,-0.25,0.6722983717918396
0.3032231628894806,-0.25,0.6866234540939331
1.2790253162384033,-0.25,0.7009485363960266
1.2790253162384033,-0.75,0.7009485363960266
1.2790253162384033,-0.75,0.7152736186981201
1.2790253162384033,-0.25,0.6722983717918396
1.2790253162384033,-0.75,0.6722983717918396
1.2790253162384033,-0.75,0.6866234540939331
1.2790253162384033,0.75,0.6722983717918396
1.2790253162384033,0.25,0.6722983717918396
1.2790253162384033,0.25,0.6866234540939331
0.6691489815711975,0.25,0.7224361300468445
0.42519843578338623,0.25,0.7224361300468445
0.42519843578338623,0.75,0.7224361300468445
0.6691489815711975,-0.75,0.7224361300468445
0.42519843578338623,-0.75,0.7224361300468445
0.42519843578338623,-0.25,0.7224361300468445
1.1570500135421753,-0.75,0.7224361300468445
0.9130995273590088,-0.75,0.7224361300468445
0.9130995273590088,-0.25,0.7224361300468445
0.9130995273590088,-0.25,0.6651358604431152
0.9130995273590088,-0.75,0.6651358604431152
1.1570500135421753,-0.75,0.6651358604431152
0.42519843578338623,-0.25,0.6651358604431152
0.42519843578338623,-0.75,0.6651358604431152
0.6691489815711975,-0.75,0.6651358604431152
0.42519843578338623,0.75,0.6651358604431152
0.42519843578338623,0.25,0.6651358604431152
0.6691489815711975,0.25,0.6651358604431152
0.6691489815711975,0.75,0.6651358604431152
0.6691489815711975,-0.25,0.6651358604431152
1.1570500135421753,-0.25,0.6651358604431152
1.1570500135421753,-0.25,0.7224361300468445
0.6691489815711975,-0.25,0.7224361300468445
0.6691489815711975,0.75,0.7224361300468445
1.2790253162384033,0.75,0.6866234540939331
1.2790253162384033,-0.25,0.6866234540939331
1.2790253162384033,-0.25,0.7152736186981201
0.3032231628894806,-0.75,0.6866234540939331
0.3032231628894806,0.25,0.6866234540939331
0.3032231628894806,0.25,0.7152736186981201
0.42519843578338623,1.0,0.6866234540939331
0.9130995273590088,1.0,0.6866234540939331
0.9130995273590088,1.0,0.7152736186981201
1.1570500135421753,-1.0,0.6866234540939331
0.6691489815711975,-1.0,0.6866234540939331
0.6691489815711975,-1.0,0.7152736186981201
1.1570500135421753,-1.0,0.7152736186981201
0.42519843578338623,1.0,0.7152736186981201
0.3032231628894806,-0.75,0.7152736186981201
1.2790253162384033,0.75,0.7152736186981201
1.1570500135421753,0.75,0.7224361300468445
1.1570500135421753,0.75,0.6651358604431152
0.3032231628894806,-0.875,0.6651358604431152
1.2180376052856445,-1.0,0.6651358604431152
1.2790253162384033,0.875,0.6651358604431152
0.3642107844352722,1.0,0.6651358604431152
0.3032231628894806,-0.875,0.7224361300468445
1.2180376052856445,-1.0,0.7224361300468445
1.2790253162384033,0.875,0.7224361300468445
0.3642107844352722,1.0,0.7224361300468445
1.2790253162384033,1.0,0.7188548445701599
1.2790253162384033,-1.0,0.6687171459197998
0.3032231628894806,-1.0,0.7188548445701599
0.3032231628894806,1.0,0.6687171459197998
0.3032231628894806,0.125,0.6651358604431152
0.7301366329193115,-1.0,0.6651358604431152
1.2790253162384033,-0.125,0.6651358604431152
0.8521118760108948,1.0,0.6651358604431152
0.3032231628894806,0.125,0.7224361300468445
0.7301366329193115,-1.0,0.7224361300468445
1.2790253162384033,-0.125,0.7224361300468445
0.8521118760108948,1.0,0.7224361300468445
1.2790253162384033,1.0,0.6902047395706177
1.2790253162384033,-1.0,0.697367250919342
0.3032231628894806,-1.0,0.6902047395706177
0.3032231628894806,1.0,0.697367250919342
0.7911242246627808,-1.0,0.7188548445701599
0.7911242246627808,-1.0,0.6902047395706177
0.3642107844352722,-1.0,0.6937860250473022
0.8521118760108948,-1.0,0.6937860250473022
0.7911242246627808,1.0,0.7188548445701599
0.7911242246627808,1.0,0.6902047395706177
1.2180376052856445,1.0,0.6937860250473022
0.7301366329193115,1.0,0.6937860250473022
0.3032231628894806,0.0,0.7188548445701599
0.3032231628894806,0.0,0.6902047395706177
0.3032231628894806,0.875,0.6937860250473022
0.3032231628894806,-0.125,0.6937860250473022
1.2790253162384033,0.0,0.7188548445701599
1.2790253162384033,0.0,0.6902047395706177
1.2790253162384033,-0.875,0.6937860250473022
1.2790253162384033,0.125,0.6937860250473022
0.7911242246627808,0.875,0.7224361300468445
0.7911242246627808,-0.125,0.7224361300468445
0.3642107844352722,0.0,0.7224361300468445
0.8521118760108948,0.0,0.7224361300468445
1.2180376052856445,0.0,0.6651358604431152
0.7301366329193115,0.0,0.6651358604431152
0.7911242246627808,-0.875,0.6651358604431152
0.7911242246627808,0.125,0.6651358604431152
0.3032231628894806,-0.375,0.6651358604431152
0.9740871787071228,-1.0,0.6651358604431152
1.2790253162384033,0.375,0.6651358604431152
0.6081613302230835,1.0,0.6651358604431152
0.3032231628894806,-0.375,0.7224361300468445
0.9740871787071228,-1.0,0.7224361300468445
1.2790253162384033,0.375,0.7224361300468445
0.6081613302230835,1.0,0.7224361300468445
1.2790253162384033,1.0,0.7045298218727112
1.2790253162384033,-1.0,0.6830421686172485
0.3032231628894806,-1.0,0.7045298218727112
0.3032231628894806,1.0,0.6830421686172485
0.3032231628894806,0.625,0.6651358604431152
0.48618605732917786,-1.0,0.6651358604431152
1.2790253162384033,-0.625,0.6651358604431152
1.096062421798706,1.0,0.6651358604431152
0.3032231628894806,0.625,0.7224361300468445
0.48618605732917786,-1.0,0.7224361300468445
1.2790253162384033,-0.625,0.7224361300468445
1.096062421798706,1.0,0.7224361300468445
1.2790253162384033,1.0,0.6758796572685242
1.2790253162384033,-1.0,0.7116923332214355
0.3032231628894806,-1.0,0.6758796572685242
0.3032231628894806,1.0,0.7116923332214355
0.7911242246627808,-1.0,0.7045298218727112
0.7911242246627808,-1.0,0.6758796572685242
0.6081613302230835,-1.0,0.6937860250473022
1.096062421798706,-1.0,0.6937860250473022
0.7911242246627808,1.0,0.7045298218727112
0.7911242246627808,1.0,0.6758796572685242
0.9740871787071228,1.0,0.6937860250473022
0.48618605732917786,1.0,0.6937860250473022
0.3032231628894806,0.0,0.7045298218727112
0.3032231628894806,0.0,0.6758796572685242
0.3032231628894806,0.375,0.6937860250473022
0.3032231628894806,-0.625,0.6937860250473022
1.2790253162384033,0.0,0.7045298218727112
1.2790253162384033,0.0,0.6758796572685242
1.2790253162384033,-0.375,0.6937860250473022
1.2790253162384033,0.625,0.6937860250473022
0.7911242246627808,0.375,0.7224361300468445
0.7911242246627808,-0.625,0.7224361300468445
0.6081613302230835,0.0,0.7224361300468445
1.096062421798706,0.0,0.7224361300468445
0.9740871787071228,0.0,0.6651358604431152
0.48618605732917786,0.0,0.6651358604431152
0.7911242246627808,-0.375,0.6651358604431152
0.7911242246627808,0.625,0.6651358604431152
0.7301366329193115,0.5,0.6651358604431152
0.48618605732917786,0.5,0.6651358604431152
0.5471736788749695,0.125,0.6651358604431152
0.5471736788749695,0.625,0.6651358604431152
0.7301366329193115,-0.5,0.6651358604431152
0.48618605732917786,-0.5,0.6651358604431152
0.5471736788749695,-0.875,0.6651358604431152
0.5471736788749695,-0.375,0.6651358604431152
1.2180376052856445,-0.5,0.6651358604431152
0.9740871787071228,-0.5,0.6651358604431152
1.0350747108459473,-0.875,0.6651358604431152
1.0350747108459473,-0.375,0.6651358604431152
1.0350747108459473,-0.125,0.7224361300468445
1.0350747108459473,-0.625,0.7224361300468445
0.8521118760108948,-0.5,0.7224361300468445
1.096062421798706,-0.5,0.7224361300468445
0.5471736788749695,-0.125,0.7224361300468445
0.5471736788749695,-0.625,0.7224361300468445
0.3642107844352722,-0.5,0.7224361300468445
0.6081613302230835,-0.5,0.7224361300468445
0.5471736788749695,0.875,0.7224361300468445
0.5471736788749695,0.375,0.7224361300468445
0.3642107844352722,0.5,0.7224361300468445
0.6081613302230835,0.5,0.7224361300468445
1.2790253162384033,0.5,0.6902047395706177
1.2790253162384033,0.5,0.6758796572685242
1.2790253162384033,0.125,0.6794609427452087
1.2790253162384033,0.625,0.6794609427452087
1.2790253162384033,-0.5,0.6902047395706177
1.2790253162384033,-0.5,0.6758796572685242
1.2790253162384033,-0.875,0.6794609427452087
1.2790253162384033,-0.375,0.6794609427452087
1.2790253162384033,-0.5,0.7188548445701599
1.2790253162384033,-0.5,0.7045298218727112
1.2790253162384033,-0.875,0.708111047744751
1.2790253162384033,-0.375,0.708111047744751
0.3032231628894806,-0.5,0.6902047395706177
0.3032231628894806,-0.5,0.6758796572685242
0.3032231628894806,-0.125,0.6794609427452087
0.3032231628894806,-0.625,0.6794609427452087
0.3032231628894806,0.5,0.6902047395706177
0.3032231628894806,0.5,0.6758796572685242
0.3032231628894806,0.875,0.6794609427452087
0.3032231628894806,0.375,0.6794609427452087
0.3032231628894806,0.5,0.7188548445701599
0.3032231628894806,0.5,0.7045298218727112
0.3032231628894806,0.875,0.708111047744751
0.3032231628894806,0.375,0.708111047744751
0.5471736788749695,1.0,0.6902047395706177
0.5471736788749695,1.0,0.6758796572685242
0.7301366329193115,1.0,0.6794609427452087
0.48618605732917786,1.0,0.6794609427452087
1.0350747108459473,1.0,0.6902047395706177
1.0350747108459473,1.0,0.6758796572685242
1.2180376052856445,1.0,0.6794609427452087
0.9740871787071228,1.0,0.6794609427452087
1.0350747108459473,1.0,0.7188548445701599
1.0350747108459473,1.0,0.7045298218727112
1.2180376052856445,1.0,0.708111047744751
0.9740871787071228,1.0,0.708111047744751
1.0350747108459473,-1.0,0.6902047395706177
1.0350747108459473,-1.0,0.6758796572685242
0.8521118760108948,-1.0,0.6794609427452087
1.096062421798706,-1.0,0.6794609427452087
0.5471736788749695,-1.0,0.6902047395706177
0.5471736788749695,-1.0,0.6758796572685242
0.3642107844352722,-1.0,0.6794609427452087
0.6081613302230835,-1.0,0.6794609427452087
0.5471736788749695,-1.0,0.7188548445701599
0.5471736788749695,-1.0,0.7045298218727112
0.3642107844352722,-1.0,0.708111047744751
0.6081613302230835,-1.0,0.708111047744751
1.0350747108459473,-1.0,0.7188548445701599
1.0350747108459473,-1.0,0.7045298218727112
0.8521118760108948,-1.0,0.708111047744751
1.096062421798706,-1.0,0.708111047744751
0.5471736788749695,1.0,0.7188548445701599
0.5471736788749695,1.0,0.7045298218727112
0.7301366329193115,1.0,0.708111047744751
0.48618605732917786,1.0,0.708111047744751
0.3032231628894806,-0.5,0.7188548445701599
0.3032231628894806,-0.5,0.7045298218727112
0.3032231628894806,-0.125,0.708111047744751
0.3032231628894806,-0.625,0.708111047744751
1.2790253162384033,0.5,0.7188548445701599
1.2790253162384033,0.5,0.7045298218727112
1.2790253162384033,0.125,0.708111047744751
1.2790253162384033,0.625,0.708111047744751
1.0350747108459473,0.875,0.7224361300468445
1.0350747108459473,0.375,0.7224361300468445
0.8521118760108948,0.5,0.7224361300468445
1.096062421798706,0.5,0.7224361300468445
1.2180376052856445,0.5,0.6651358604431152
0.9740871787071228,0.5,0.6651358604431152
1.0350747108459473,0.125,0.6651358604431152
1.0350747108459473,0.625,0.6651358604431152
0.3032231628894806,-0.625,0.6651358604431152
1.096062421798706,-1.0,0.6651358604431152
1.2790253162384033,0.625,0.6651358604431152
0.48618605732917786,1.0,0.6651358604431152
0.3032231628894806,-0.625,0.7224361300468445
1.096062421798706,-1.0,0.7224361300468445
1.2790253162384033,0.625,0.7224361300468445
0.48618605732917786,1.0,0.7224361300468445
1.2790253162384033,1.0,0.7116923332214355
1.2790253162384033,-1.0,0.6758796572685242
0.3032231628894806,-1.0,0.7116923332214355
0.3032231628894806,1.0,0.6758796572685242
0.3032231628894806,0.375,0.6651358604431152
0.6081613302230835,-1.0,0.6651358604431152
1.2790253162384033,-0.375,0.6651358604431152
0.9740871787071228,1.0,0.6651358604431152
0.3032231628894806,0.375,0.7224361300468445
0.6081613302230835,-1.0,0.7224361300468445
1.2790253162384033,-0.375,0.7224361300468445
0.9740871787071228,1.0,0.7224361300468445
1.2790253162384033,1.0,0.6830421686172485
1.2790253162384033,-1.0,0.7045298218727112
0.3032231628894806,-1.0,0.6830421686172485
0.3032231628894806,1.0,0.7045298218727112
0.7911242246627808,-1.0,0.7116923332214355
0.7911242246627808,-1.0,0.6830421686172485
0.48618605732917786,-1.0,0.6937860250473022
0.9740871787071228,-1.0,0.6937860250473022
0.7911242246627808,1.0,0.7116923332214355
0.7911242246627808,1.0,0.6830421686172485
1.096062421798706,1.0,0.6937860250473022
0.6081613302230835,1.0,0.6937860250473022
0.3032231628894806,0.0,0.7116923332214355
0.3032231628894806,0.0,0.6830421686172485
0.3032231628894806,0.625,0.6937860250473022
0.3032231628894806,-0.375,0.6937860250473022
1.2790253162384033,0.0,0.7116923332214355
1.2790253162384033,0.0,0.6830421686172485
1.2790253162384033,-0.625,0.6937860250473022
1.2790253162384033,0.375,0.6937860250473022
0.7911242246627808,0.625,0.7224361300468445
0.7911242246627808,-0.375,0.7224361300468445
0.48618605732917786,0.0,0.7224361300468445
0.9740871787071228,0.0,0.7224361300468445
1.096062421798706,0.0,0.6651358604431152
0.6081613302230835,0.0,0.6651358604431152
0.7911242246627808,-0.625,0.6651358604431152
0.7911242246627808,0.375,0.6651358604431152
0.3032231628894806,-0.125,0.6651358604431152
0.8521118760108948,-1.0,0.6651358604431152
1.2790253162384033,0.125,0.6651358604431152
0.7301366329193115,1.0,0.6651358604431152
0.3032231628894806,-0.125,0.7224361300468445
0.8521118760108948,-1.0,0.7224361300468445
1.2790253162384033,0.125,0.7224361300468445
0.7301366329193115,1.0,0.7224361300468445
1.2790253162384033,1.0,0.697367250919342
1.2790253162384033,-1.0,0.6902047395706177
0.3032231628894806,-1.0,0.697367250919342
0.3032231628894806,1.0,0.6902047395706177
0.3032231628894806,0.875,0.6651358604431152
0.3642107844352722,-1.0,0.6651358604431152
1.2790253162384033,-0.875,0.6651358604431152
1.2180376052856445,1.0,0.6651358604431152
0.3032231628894806,0.875,0.7224361300468445
0.3642107844352722,-1.0,0.7224361300468445
1.2790253162384033,-0.875,0.7224361300468445
1.2180376052856445,1.0,0.7224361300468445
1.2790253162384033,1.0,0.6687171459197998
1.2790253162384033,-1.0,0.7188548445701599
0.3032231628894806,-1.0,0.6687171459197998
0.3032231628894806,1.0,0.7188548445701599
0.7911242246627808,-1.0,0.697367250919342
0.7911242246627808,-1.0,0.6687171459197998
0.7301366329193115,-1.0,0.6937860250473022
1.2180376052856445,-1.0,0.6937860250473022
0.7911242246627808,1.0,0.697367250919342
0.7911242246627808,1.0,0.6687171459197998
0.8521118760108948,1.0,0.6937860250473022
0.3642107844352722,1.0,0.6937860250473022
0.3032231628894806,0.0,0.697367250919342
0.3032231628894806,0.0,0.6687171459197998
0.3032231628894806,0.125,0.6937860250473022
0.3032231628894806,-0.875,0.6937860250473022
1.2790253162384033,0.0,0.697367250919342
1.2790253162384033,0.0,0.6687171459197998
1.2790253162384033,-0.125,0.6937860250473022
1.2790253162384033,0.875,0.6937860250473022
0.7911242246627808,0.125,0.7224361300468445
0.7911242246627808,-0.875,0.7224361300468445
0.7301366329193115,0.0,0.7224361300468445
1.2180376052856445,0.0,0.7224361300468445
0.8521118760108948,0.0,0.6651358604431152
0.3642107844352722,0.0,0.6651358604431152
0.7911242246627808,-0.125,0.6651358604431152
0.7911242246627808,0.875,0.6651358604431152
0.6081613302230835,0.5,0.6651358604431152
0.3642107844352722,0.5,0.6651358604431152
0.5471736788749695,0.375,0.6651358604431152
0.5471736788749695,0.875,0.6651358604431152
0.6081613302230835,-0.5,0.6651358604431152
0.3642107844352722,-0.5,0.6651358604431152
0.5471736788749695,-0.625,0.6651358604431152
0.5471736788749695,-0.125,0.6651358604431152
1.096062421798706,-0.5,0.6651358604431152
0.8521118760108948,-0.5,0.6651358604431152
1.0350747108459473,-0.625,0.6651358604431152
1.0350747108459473,-0.125,0.6651358604431152
1.0350747108459473,-0.375,0.7224361300468445
1.0350747108459473,-0.875,0.7224361300468445
0.9740871787071228,-0.5,0.7224361300468445
1.2180376052856445,-0.5,0.7224361300468445
0.5471736788749695,-0.375,0.7224361300468445
0.5471736788749695,-0.875,0.7224361300468445
0.48618605732917786,-0.5,0.7224361300468445
0.7301366329193115,-0.5,0.7224361300468445
0.5471736788749695,0.625,0.7224361300468445
0.5471736788749695,0.125,0.7224361300468445
0.48618605732917786,0.5,0.7224361300468445
0.7301366329193115,0.5,0.7224361300468445
1.2790253162384033,0.5,0.6830421686172485
1.2790253162384033,0.5,0.6687171459197998
1.2790253162384033,0.375,0.6794609427452087
1.2790253162384033,0.875,0.6794609427452087
1.2790253162384033,-0.5,0.6830421686172485
1.2790253162384033,-0.5,0.6687171459197998
1.2790253162384033,-0.625,0.6794609427452087
1.2790253162384033,-0.125,0.6794609427452087
1.2790253162384033,-0.5,0.7116923332214355
1.2790253162384033,-0.5,0.697367250919342
1.2790253162384033,-0.625,0.708111047744751
1.2790253162384033,-0.125,0.708111047744751
0.3032231628894806,-0.5,0.6830421686172485
0.3032231628894806,-0.5,0.6687171459197998
0.3032231628894806,-0.375,0.6794609427452087
0.3032231628894806,-0.875,0.6794609427452087
0.3032231628894806,0.5,0.6830421686172485
0.3032231628894806,0.5,0.6687171459197998
0.3032231628894806,0.625,0.6794609427452087
0.3032231628894806,0.125,0.6794609427452087
0.3032231628894806,0.5,0.7116923332214355
0.3032231628894806,0.5,0.697367250919342
0.3032231628894806,0.625,0.708111047744751
0.3032231628894806,0.125,0.708111047744751
0.5471736788749695,1.0,0.6830421686172485
0.5471736788749695,1.0,0.6687171459197998
0.6081613302230835,1.0,0.6794609427452087
0.3642107844352722,1.0,0.6794609427452087
1.0350747108459473,1.0,0.6830421686172485
1.0350747108459473,1.0,0.6687171459197998
1.096062421798706,1.0,0.6794609427452087
0.8521118760108948,1.0,0.6794609427452087
1.0350747108459473,1.0,0.7116923332214355
1.0350747108459473,1.0,0.697367250919342
1.096062421798706,1.0,0.708111047744751
0.8521118760108948,1.0,0.708111047744751
1.0350747108459473,-1.0,0.6830421686172485
1.0350747108459473,-1.0,0.6687171459197998
0.9740871787071228,-1.0,0.6794609427452087
1.2180376052856445,-1.0,0.6794609427452087
0.5471736788749695,-1.0,0.6830421686172485
0.5471736788749695,-1.0,0.6687171459197998
0.48618605732917786,-1.0,0.6794609427452087
0.7301366329193115,-1.0,0.6794609427452087
0.5471736788749695,-1.0,0.7116923332214355
0.5471736788749695,-1.0,0.697367250919342
0.48618605732917786,-1.0,0.708111047744751
0.7301366329193115,-1.0,0.708111047744751
1.0350747108459473,-1.0,0.7116923332214355
1.0350747108459473,-1.0,0.697367250919342
0.9740871787071228,-1.0,0.708111047744751
1.2180376052856445,-1.0,0.708111047744751
0.5471736788749695,1.0,0.7116923332214355
0.5471736788749695,1.0,0.697367250919342
0.6081613302230835,1.0,0.708111047744751
0.3642107844352722,1.0,0.708111047744751
0.3032231628894806,-0.5,0.7116923332214355
0.3032231628894806,-0.5,0.697367250919342
0.3032231628894806,-0.375,0.708111047744751
0.3032231628894806,-0.875,0.708111047744751
1.2790253162384033,0.5,0.7116923332214355
1.2790253162384033,0.5,0.697367250919342
1.2790253162384033,0.375,0.708111047744751
1.2790253162384033,0.875,0.708111047744751
1.0350747108459473,0.625,0.7224361300468445
1.0350747108459473,0.125,0.7224361300468445
0.9740871787071228,0.5,0.7224361300468445
1.2180376052856445,0.5,0.7224361300468445
1.096062421798706,0.5,0.6651358604431152
0.8521118760108948,0.5,0.6651358604431152
1.0350747108459473,0.375,0.6651358604431152
1.0350747108459473,0.875,0.6651358604431152
0.9740871787071228,0.75,0.6651358604431152
0.8521118760108948,0.75,0.6651358604431152
0.9130995273590088,0.625,0.6651358604431152
0.9130995273590088,0.875,0.6651358604431152
0.9740871787071228,0.25,0.6651358604431152
0.8521118760108948,0.25,0.6651358604431152
0.9130995273590088,0.125,0.6651358604431152
0.9130995273590088,0.375,0.6651358604431152
1.2180376052856445,0.25,0.6651358604431152
1.096062421798706,0.25,0.6651358604431152
1.1570500135421753,0.125,0.6651358604431152
1.1570500135421753,0.375,0.6651358604431152
1.1570500135421753,0.375,0.7224361300468445
1.1570500135421753,0.125,0.7224361300468445
1.096062421798706,0.25,0.7224361300468445
1.2180376052856445,0.25,0.7224361300468445
0.9130995273590088,0.375,0.7224361300468445
0.9130995273590088,0.125,0.7224361300468445
0.8521118760108948,0.25,0.7224361300468445
0.9740871787071228,0.25,0.7224361300468445
0.9130995273590088,0.875,0.7224361300468445
0.9130995273590088,0.625,0.7224361300468445
0.8521118760108948,0.75,0.7224361300468445
0.9740871787071228,0.75,0.7224361300468445
1.2790253162384033,0.75,0.7045298218727112
1.2790253162384033,0.75,0.697367250919342
1.2790253162384033,0.625,0.7009485363960266
1.2790253162384033,0.875,0.7009485363960266
1.2790253162384033,0.25,0.7045298218727112
1.2790253162384033,0.25,0.697367250919342
1.2790253162384033,0.125,0.7009485363960266
1.2790253162384033,0.375,0.7009485363960266
1.2790253162384033,0.25,0.7188548445701599
1.2790253162384033,0.25,0.7116923332214355
1.2790253162384033,0.125,0.7152736186981201
1.2790253162384033,0.375,0.7152736186981201
0.3032231628894806,-0.75,0.7045298218727112
0.3032231628894806,-0.75,0.697367250919342
0.3032231628894806,-0.625,0.7009485363960266
0.3032231628894806,-0.875,0.7009485363960266
0.3032231628894806,-0.25,0.7045298218727112
0.3032231628894806,-0.25,0.697367250919342
0.3032231628894806,-0.125,0.7009485363960266
0.3032231628894806,-0.375,0.7009485363960266
0.3032231628894806,-0.25,0.7188548445701599
0.3032231628894806,-0.25,0.7116923332214355
0.3032231628894806,-0.125,0.7152736186981201
0.3032231628894806,-0.375,0.7152736186981201
0.42519843578338623,1.0,0.7045298218727112
0.42519843578338623,1.0,0.697367250919342
0.48618605732917786,1.0,0.7009485363960266
0.3642107844352722,1.0,0.7009485363960266
0.6691489815711975,1.0,0.7045298218727112
0.6691489815711975,1.0,0.697367250919342
0.7301366329193115,1.0,0.7009485363960266
0.6081613302230835,1.0,0.7009485363960266
0.6691489815711975,1.0,0.7188548445701599
0.6691489815711975,1.0,0.7116923332214355
0.7301366329193115,1.0,0.7152736186981201
0.6081613302230835,1.0,0.7152736186981201
1.1570500135421753,-1.0,0.7045298218727112
1.1570500135421753,-1.0,0.697367250919342
1.096062421798706,-1.0,0.7009485363960266
1.2180376052856445,-1.0,0.7009485363960266
0.9130995273590088,-1.0,0.7045298218727112
0.9130995273590088,-1.0,0.697367250919342
0.8521118760108948,-1.0,0.7009485363960266
0.9740871787071228,-1.0,0.7009485363960266
0.9130995273590088,-1.0,0.7188548445701599
0.9130995273590088,-1.0,0.7116923332214355
0.8521118760108948,-1.0,0.7152736186981201
0.9740871787071228,-1.0,0.7152736186981201
0.6691489815711975,-1.0,0.7045298218727112
0.6691489815711975,-1.0,0.697367250919342
0.6081613302230835,-1.0,0.7009485363960266
0.7301366329193115,-1.0,0.7009485363960266
0.42519843578338623,-1.0,0.7045298218727112
0.42519843578338623,-1.0,0.697367250919342
0.3642107844352722,-1.0,0.7009485363960266
0.48618605732917786,-1.0,0.7009485363960266
0.42519843578338623,-1.0,0.7188548445701599
0.42519843578338623,-1.0,0.7116923332214355
0.3642107844352722,-1.0,0.7152736186981201
0.48618605732917786,-1.0,0.7152736186981201
0.6691489815711975,-1.0,0.6758796572685242
0.6691489815711975,-1.0,0.6687171459197998
0.6081613302230835,-1.0,0.6722983717918396
0.7301366329193115,-1.0,0.6722983717918396
0.42519843578338623,-1.0,0.6758796572685242
0.42519843578338623,-1.0,0.6687171459197998
0.3642107844352722,-1.0,0.6722983717918396
0.48618605732917786,-1.0,0.6722983717918396
0.42519843578338623,-1.0,0.6902047395706177
0.42519843578338623,-1.0,0.6830421686172485
0.3642107844352722,-1.0,0.6866234540939331
0.48618605732917786,-1.0,0.6866234540939331
1.1570500135421753,-1.0,0.6758796572685242
1.1570500135421753,-1.0,0.6687171459197998
1.096062421798706,-1.0,0.6722983717918396
1.2180376052856445,-1.0,0.6722983717918396
0.9130995273590088,-1.0,0.6758796572685242
0.9130995273590088,-1.0,0.6687171459197998
0.8521118760108948,-1.0,0.6722983717918396
0.9740871787071228,-1.0,0.6722983717918396
0.9130995273590088,-1.0,0.6902047395706177
0.9130995273590088,-1.0,0.6830421686172485
0.8521118760108948,-1.0,0.6866234540939331
0.9740871787071228,-1.0,0.6866234540939331
0.9130995273590088,1.0,0.7045298218727112
0.9130995273590088,1.0,0.697367250919342
0.9740871787071228,1.0,0.7009485363960266
0.8521118760108948,1.0,0.7009485363960266
1.1570500135421753,1.0,0.7045298218727112
1.1570500135421753,1.0,0.697367250919342
1.2180376052856445,1.0,0.7009485363960266
1.096062421798706,1.0,0.7009485363960266
1.1570500135421753,1.0,0.7188548445701599
1.1570500135421753,1.0,0.7116923332214355
1.2180376052856445,1.0,0.7152736186981201
1.096062421798706,1.0,0.7152736186981201
0.9130995273590088,1.0,0.6758796572685242
0.9130995273590088,1.0,0.6687171459197998
0.9740871787071228,1.0,0.6722983717918396
0.8521118760108948,1.0,0.6722983717918396
1.1570500135421753,1.0,0.6758796572685242
1.1570500135421753,1.0,0.6687171459197998
1.2180376052856445,1.0,0.6722983717918396
1.096062421798706,1.0,0.6722983717918396
1.1570500135421753,1.0,0.6902047395706177
1.1570500135421753,1.0,0.6830421686172485
1.2180376052856445,1.0,0.6866234540939331
1.096062421798706,1.0,0.6866234540939331
0.42519843578338623,1.0,0.6758796572685242
0.42519843578338623,1.0,0.6687171459197998
0.48618605732917786,1.0,0.6722983717918396
0.3642107844352722,1.0,0.6722983717918396
0.6691489815711975,1.0,0.6758796572685242
0.6691489815711975,1.0,0.6687171459197998
0.7301366329193115,1.0,0.6722983717918396
0.6081613302230835,1.0,0.6722983717918396
0.6691489815711975,1.0,0.6902047395706177
0.6691489815711975,1.0,0.6830421686172485
0.7301366329193115,1.0,0.6866234540939331
0.6081613302230835,1.0,0.6866234540939331
0.3032231628894806,0.25,0.7045298218727112
0.3032231628894806,0.25,0.697367250919342
0.3032231628894806,0.375,0.7009485363960266
0.3032231628894806,0.125,0.7009485363960266
0.3032231628894806,0.75,0.7045298218727112
0.3032231628894806,0.75,0.697367250919342
0.3032231628894806,0.875,0.7009485363960266
0.3032231628894806,0.625,0.7009485363960266
0.3032231628894806,0.75,0.7188548445701599
0.3032231628894806,0.75,0.7116923332214355
0.3032231628894806,0.875,0.7152736186981201
0.3032231628894806,0.625,0.7152736186981201
0.3032231628894806,0.25,0.6758796572685242
0.3032231628894806,0.25,0.6687171459197998
0.3032231628894806,0.375,0.6722983717918396
0.3032231628894806,0.125,0.6722983717918396
0.3032231628894806,0.75,0.6758796572685242
0.3032231628894806,0.75,0.6687171459197998
0.3032231628894806,0.875,0.6722983717918396
0.3032231628894806,0.625,0.6722983717918396
0.3032231628894806,0.75,0.6902047395706177
0.3032231628894806,0.75,0.6830421686172485
0.3032231628894806,0.875,0.6866234540939331
0.3032231628894806,0.625,0.6866234540939331
0.3032231628894806,-0.75,0.6758796572685242
0.3032231628894806,-0.75,0.6687171459197998
0.3032231628894806,-0.625,0.6722983717918396
0.3032231628894806,-0.875,0.6722983717918396
0.3032231628894806,-0.25,0.6758796572685242
0.3032231628894806,-0.25,0.6687171459197998
0.3032231628894806,-0.125,0.6722983717918396
0.3032231628894806,-0.375,0.6722983717918396
0.3032231628894806,-0.25,0.6902047395706177
0.3032231628894806,-0.25,0.6830421686172485
0.3032231628894806,-0.125,0.6866234540939331
0.3032231628894806,-0.375,0.6866234540939331
1.2790253162384033,-0.25,0.7045298218727112
1.2790253162384033,-0.25,0.697367250919342
1.2790253162384033,-0.375,0.7009485363960266
1.2790253162384033,-0.125,0.7009485363960266
1.2790253162384033,-0.75,0.7045298218727112
1.2790253162384033,-0.75,0.697367250919342
1.2790253162384033,-0.875,0.7009485363960266
1.2790253162384033,-0.625,0.7009485363960266
1.2790253162384033,-0.75,0.7188548445701599
1.2790253162384033,-0.75,0.7116923332214355
1.2790253162384033,-0.875,0.7152736186981201
1.2790253162384033,-0.625,0.7152736186981201
1.2790253162384033,-0.25,0.6758796572685242
1.2790253162384033,-0.25,0.6687171459197998
1.2790253162384033,-0.375,0.6722983717918396
1.2790253162384033,-0.125,0.6722983717918396
1.2790253162384033,-0.75,0.6758796572685242
1.2790253162384033,-0.75,0.6687171459197998
1.2790253162384033,-0.875,0.6722983717918396
1.2790253162384033,-0.625,0.6722983717918396
1.2790253162384033,-0.75,0.6902047395706177
1.2790253162384033,-0.75,0.6830421686172485
1.2790253162384033,-0.875,0.6866234540939331
1.2790253162384033,-0.625,0.6866234540939331
1.2790253162384033,0.75,0.6758796572685242
1.2790253162384033,0.75,0.6687171459197998
1.2790253162384033,0.625,0.6722983717918396
1.2790253162384033,0.875,0.6722983717918396
1.2790253162384033,0.25,0.6758796572685242
1.2790253162384033,0.25,0.6687171459197998
1.2790253162384033,0.125,0.6722983717918396
1.2790253162384033,0.375,0.6722983717918396
1.2790253162384033,0.25,0.6902047395706177
1.2790253162384033,0.25,0.6830421686172485
1.2790253162384033,0.125,0.6866234540939331
1.2790253162384033,0.375,0.6866234540939331
0.6691489815711975,0.375,0.7224361300468445
0.6691489815711975,0.125,0.7224361300468445
0.6081613302230835,0.25,0.7224361300468445
0.7301366329193115,0.25,0.7224361300468445
0.42519843578338623,0.375,0.7224361300468445
0.42519843578338623,0.125,0.7224361300468445
0.3642107844352722,0.25,0.7224361300468445
0.48618605732917786,0.25,0.7224361300468445
0.42519843578338623,0.875,0.7224361300468445
0.42519843578338623,0.625,0.7224361300468445
0.3642107844352722,0.75,0.7224361300468445
0.48618605732917786,0.75,0.7224361300468445
0.6691489815711975,-0.625,0.7224361300468445
0.6691489815711975,-0.875,0.7224361300468445
0.6081613302230835,-0.75,0.7224361300468445
0.7301366329193115,-0.75,0.7224361300468445
0.42519843578338623,-0.625,0.7224361300468445
0.42519843578338623,-0.875,0.7224361300468445
0.3642107844352722,-0.75,0.7224361300468445
0.48618605732917786,-0.75,0.7224361300468445
0.42519843578338623,-0.125,0.7224361300468445
0.42519843578338623,-0.375,0.7224361300468445
0.3642107844352722,-0.25,0.7224361300468445
0.48618605732917786,-0.25,0.7224361300468445
1.1570500135421753,-0.625,0.7224361300468445
1.1570500135421753,-0.875,0.7224361300468445
1.096062421798706,-0.75,0.7224361300468445
1.2180376052856445,-0.75,0.7224361300468445
0.9130995273590088,-0.625,0.7224361300468445
0.9130995273590088,-0.875,0.7224361300468445
0.8521118760108948,-0.75,0.7224361300468445
0.9740871787071228,-0.75,0.7224361300468445
0.9130995273590088,-0.125,0.7224361300468445
0.9130995273590088,-0.375,0.7224361300468445
0.8521118760108948,-0.25,0.7224361300468445
0.9740871787071228,-0.25,0.7224361300468445
0.9740871787071228,-0.25,0.6651358604431152
0.8521118760108948,-0.25,0.6651358604431152
0.9130995273590088,-0.375,0.6651358604431152
0.9130995273590088,-0.125,0.6651358604431152
0.9740871787071228,-0.75,0.6651358604431152
0.8521118760108948,-0.75,0.6651358604431152
0.9130995273590088,-0.875,0.6651358604431152
0.9130995273590088,-0.625,0.6651358604431152
1.2180376052856445,-0.75,0.6651358604431152
1.096062421798706,-0.75,0.6651358604431152
1.1570500135421753,-0.875,0.6651358604431152
1.1570500135421753,-0.625,0.6651358604431152
0.48618605732917786,-0.25,0.6651358604431152
0.3642107844352722,-0.25,0.6651358604431152
0.42519843578338623,-0.375,0.6651358604431152
0.42519843578338623,-0.125,0.6651358604431152
0.48618605732917786,-0.75,0.6651358604431152
0.3642107844352722,-0.75,0.6651358604431152
0.42519843578338623,-0.875,0.6651358604431152
0.42519843578338623,-0.625,0.6651358604431152
0.7301366329193115,-0.75,0.6651358604431152
0.6081613302230835,-0.75,0.6651358604431152
0.6691489815711975,-0.875,0.6651358604431152
0.6691489815711975,-0.625,0.6651358604431152
0.48618605732917786,0.75,0.6651358604431152
0.3642107844352722,0.75,0.6651358604431152
0.42519843578338623,0.625,0.6651358604431152
0.42519843578338623,0.875,0.6651358604431152
0.48618605732917786,0.25,0.6651358604431152
0.3642107844352722,0.25,0.6651358604431152
0.42519843578338623,0.125,0.6651358604431152
0.42519843578338623,0.375,0.6651358604431152
0.7301366329193115,0.25,0.6651358604431152
0.6081613302230835,0.25,0.6651358604431152
0.6691489815711975,0.125,0.6651358604431152
0.6691489815711975,0.375,0.6651358604431152
0.7301366329193115,0.75,0.6651358604431152
0.6081613302230835,0.75,0.6651358604431152
0.6691489815711975,0.625,0.6651358604431152
0.6691489815711975,0.875,0.6651358604431152
0.7301366329193115,-0.25,0.6651358604431152
0.6081613302230835,-0.25,0.6651358604431152
0.6691489815711975,-0.375,0.6651358604431152
0.6691489815711975,-0.125,0.6651358604431152
1.2180376052856445,-0.25,0.6651358604431152
1.096062421798706,-0.25,0.6651358604431152
1.1570500135421753,-0.375,0.6651358604431152
1.1570500135421753,-0.125,0.6651358604431152
1.1570500135421753,-0.125,0.7224361300468445
1.1570500135421753,-0.375,0.7224361300468445
1.096062421798706,-0.25,0.7224361300468445
1.2180376052856445,-0.25,0.7224361300468445
0.6691489815711975,-0.125,0.7224361300468445
0.6691489815711975,-0.375,0.7224361300468445
0.6081613302230835,-0.25,0.7224361300468445
0.7301366329193115,-0.25,0.7224361300468445
0.6691489815711975,0.875,0.7224361300468445
0.6691489815711975,0.625,0.7224361300468445
0.6081613302230835,0.75,0.7224361300468445
0.7301366329193115,0.75,0.7224361300468445
1.2790253162384033,0.75,0.6902047395706177
1.2790253162384033,0.75,0.6830421686172485
1.2790253162384033,0.625,0.6866234540939331
1.2790253162384033,0.875,0.6866234540939331
1.2790253162384033,-0.25,0.6902047395706177
1.2790253162384033,-0.25,0.6830421686172485
1.2790253162384033,-0.375,0.6866234540939331
1.2790253162384033,-0.125,0.6866234540939331
1.2790253162384033,-0.25,0.7188548445701599
1.2790253162384033,-0.25,0.7116923332214355
1.2790253162384033,-0.375,0.7152736186981201
1.2790253162384033,-0.125,0.7152736186981201
0.3032231628894806,-0.75,0.6902047395706177
0.3032231628894806,-0.75,0.6830421686172485
0.3032231628894806,-0.625,0.6866234540939331
0.3032231628894806,-0.875,0.6866234540939331
0.3032231628894806,0.25,0.6902047395706177
0.3032231628894806,0.25,0.6830421686172485
0.3032231628894806,0.375,0.6866234540939331
0.3032231628894806,0.125,0.6866234540939331
0.3032231628894806,0.25,0.7188548445701599
0.3032231628894806,0.25,0.7116923332214355
0.3032231628894806,0.375,0.7152736186981201
0.3032231628894806,0.125,0.7152736186981201
0.42519843578338623,1.0,0.6902047395706177
0.42519843578338623,1.0,0.6830421686172485
0.48618605732917786,1.0,0.6866234540939331
0.3642107844352722,1.0,0.6866234540939331
0.9130995273590088,1.0,0.6902047395706177
0.9130995273590088,1.0,0.6830421686172485
0.9740871787071228,1.0,0.6866234540939331
0.8521118760108948,1.0,0.6866234540939331
0.9130995273590088,1.0,0.7188548445701599
0.9130995273590088,1.0,0.7116923332214355
0.9740871787071228,1.0,0.7152736186981201
0.8521118760108948,1.0,0.7152736186981201
1.1570500135421753,-1.0,0.6902047395706177
1.1570500135421753,-1.0,0.6830421686172485
1.096062421798706,-1.0,0.6866234540939331
1.2180376052856445,-1.0,0.6866234540939331
0.6691489815711975,-1.0,0.6902047395706177
0.6691489815711975,-1.0,0.6830421686172485
0.6081613302230835,-1.0,0.6866234540939331
0.7301366329193115,-1.0,0.6866234540939331
0.6691489815711975,-1.0,0.7188548445701599
0.6691489815711975,-1.0,0.7116923332214355
0.6081613302230835,-1.0,0.7152736186981201
0.7301366329193115,-1.0,0.7152736186981201
1.1570500135421753,-1.0,0.7188548445701599
1.1570500135421753,-1.0,0.7116923332214355
1.096062421798706,-1.0,0.7152736186981201
1.2180376052856445,-1.0,0.7152736186981201
0.42519843578338623,1.0,0.7188548445701599
0.42519843578338623,1.0,0.7116923332214355
0.48618605732917786,1.0,0.7152736186981201
0.3642107844352722,1.0,0.7152736186981201
0.3032231628894806,-0.75,0.7188548445701599
0.3032231628894806,-0.75,0.7116923332214355
0.3032231628894806,-0.625,0.7152736186981201
0.3032231628894806,-0.875,0.7152736186981201
1.2790253162384033,0.75,0.7188548445701599
1.2790253162384033,0.75,0.7116923332214355
1.2790253162384033,0.625,0.7152736186981201
1.2790253162384033,0.875,0.7152736186981201
1.1570500135421753,0.875,0.7224361300468445
1.1570500135421753,0.625,0.7224361300468445
1.096062421798706,0.75,0.7224361300468445
1.2180376052856445,0.75,0.7224361300468445
1.2180376052856445,0.75,0.6651358604431152
1.096062421798706,0.75,0.6651358604431152
1.1570500135421753,0.625,0.6651358604431152
1.1570500135421753,0.875,0.6651358604431152
1.096062421798706,0.875,0.6651358604431152
1.096062421798706,0.625,0.6651358604431152
1.2180376052856445,0.625,0.6651358604431152
1.2180376052856445,0.625,0.7224361300468445
1.096062421798706,0.625,0.7224361300468445
1.096062421798706,0.875,0.7224361300468445
1.2790253162384033,0.875,0.7116923332214355
1.2790253162384033,0.625,0.7116923332214355
1.2790253162384033,0.625,0.7188548445701599
0.3032231628894806,-0.875,0.7116923332214355
0.3032231628894806,-0.625,0.7116923332214355
0.3032231628894806,-0.625,0.7188548445701599
0.3642107844352722,1.0,0.7116923332214355
0.48618605732917786,1.0,0.7116923332214355
0.48618605732917786,1.0,0.7188548445701599
1.2180376052856445,-1.0,0.7116923332214355
1.096062421798706,-1.0,0.7116923332214355
1.096062421798706,-1.0,0.7188548445701599
0.7301366329193115,-1.0,0.7116923332214355
0.6081613302230835,-1.0,0.7116923332214355
0.6081613302230835,-1.0,0.7188548445701599
0.7301366329193115,-1.0,0.6830421686172485
0.6081613302230835,-1.0,0.6830421686172485
0.6081613302230835,-1.0,0.6902047395706177
1.2180376052856445,-1.0,0.6830421686172485
1.096062421798706,-1.0,0.6830421686172485
1.096062421798706,-1.0,0.6902047395706177
0.8521118760108948,1.0,0.7116923332214355
0.9740871787071228,1.0,0.7116923332214355
0.9740871787071228,1.0,0.7188548445701599
0.8521118760108948,1.0,0.6830421686172485
0.9740871787071228,1.0,0.6830421686172485
0.9740871787071228,1.0,0.6902047395706177
0.3642107844352722,1.0,0.6830421686172485
0.48618605732917786,1.0,0.6830421686172485
0.48618605732917786,1.0,0.6902047395706177
0.3032231628894806,0.125,0.7116923332214355
0.3032231628894806,0.375,0.7116923332214355
0.3032231628894806,0.375,0.7188548445701599
0.3032231628894806,0.125,0.6830421686172485
0.3032231628894806,0.375,0.6830421686172485
0.3032231628894806,0.375,0.6902047395706177
0.3032231628894806,-0.875,0.6830421686172485
0.3032231628894806,-0.625,0.6830421686172485
0.3032231628894806,-0.625,0.6902047395706177
1.2790253162384033,-0.125,0.7116923332214355
1.2790253162384033,-0.375,0.7116923332214355
1.2790253162384033,-0.375,0.7188548445701599
1.2790253162384033,-0.125,0.6830421686172485
1.2790253162384033,-0.375,0.6830421686172485
1.2790253162384033,-0.375,0.6902047395706177
1.2790253162384033,0.875,0.6830421686172485
1.2790253162384033,0.625,0.6830421686172485
1.2790253162384033,0.625,0.6902047395706177
0.7301366329193115,0.625,0.7224361300468445
0.6081613302230835,0.625,0.7224361300468445
0.6081613302230835,0.875,0.7224361300468445
0.7301366329193115,-0.375,0.7224361300468445
0.6081613302230835,-0.375,0.7224361300468445
0.6081613302230835,-0.125,0.7224361300468445
1.2180376052856445,-0.375,0.7224361300468445
1.096062421798706,-0.375,0.7224361300468445
1.096062421798706,-0.125,0.7224361300468445
1.096062421798706,-0.125,0.6651358604431152
1.096062421798706,-0.375,0.6651358604431152
1.2180376052856445,-0.375,0.6651358604431152
0.6081613302230835,-0.125,0.6651358604431152
0.6081613302230835,-0.375,0.6651358604431152
0.7301366329193115,-0.375,0.6651358604431152
0.6081613302230835,0.875,0.6651358604431152
0.6081613302230835,0.625,0.6651358604431152
0.7301366329193115,0.625,0.6651358604431152
0.6081613302230835,0.375,0.6651358604431152
0.6081613302230835,0.125,0.6651358604431152
0.7301366329193115,0.125,0.6651358604431152
0.3642107844352722,0.375,0.6651358604431152
0.3642107844352722,0.125,0.6651358604431152
0.48618605732917786,0.125,0.6651358604431152
0.3642107844352722,0.875,0.6651358604431152
0.3642107844352722,0.625,0.6651358604431152
0.48618605732917786,0.625,0.6651358604431152
0.6081613302230835,-0.625,0.6651358604431152
0.6081613302230835,-0.875,0.6651358604431152
0.7301366329193115,-0.875,0.6651358604431152
0.3642107844352722,-0.625,0.6651358604431152
0.3642107844352722,-0.875,0.6651358604431152
0.48618605732917786,-0.875,0.6651358604431152
0.3642107844352722,-0.125,0.6651358604431152
0.3642107844352722,-0.375,0.6651358604431152
0.48618605732917786,-0.375,0.6651358604431152
1.096062421798706,-0.625,0.6651358604431152
1.096062421798706,-0.875,0.6651358604431152
1.2180376052856445,-0.875,0.6651358604431152
0.8521118760108948,-0.625,0.6651358604431152
0.8521118760108948,-0.875,0.6651358604431152
0.9740871787071228,-0.875,0.6651358604431152
0.8521118760108948,-0.125,0.6651358604431152
0.8521118760108948,-0.375,0.6651358604431152
0.9740871787071228,-0.375,0.6651358604431152
0.9740871787071228,-0.375,0.7224361300468445
0.8521118760108948,-0.375,0.7224361300468445
0.8521118760108948,-0.125,0.7224361300468445
0.9740871787071228,-0.875,0.7224361300468445
0.8521118760108948,-0.875,0.7224361300468445
0.8521118760108948,-0.625,0.7224361300468445
1.2180376052856445,-0.875,0.7224361300468445
1.096062421798706,-0.875,0.7224361300468445
1.096062421798706,-0.625,0.7224361300468445
0.48618605732917786,-0.375,0.7224361300468445
0.3642107844352722,-0.375,0.7224361300468445
0.3642107844352722,-0.125,0.7224361300468445
0.48618605732917786,-0.875,0.7224361300468445
0.3642107844352722,-0.875,0.7224361300468445
0.3642107844352722,-0.625,0.7224361300468445
0.7301366329193115,-0.875,0.7224361300468445
0.6081613302230835,-0.875,0.7224361300468445
0.6081613302230835,-0.625,0.7224361300468445
0.48618605732917786,0.625,0.7224361300468445
0.3642107844352722,0.625,0.7224361300468445
0.3642107844352722,0.875,0.7224361300468445
0.48618605732917786,0.125,0.7224361300468445
0.3642107844352722,0.125,0.7224361300468445
0.3642107844352722,0.375,0.7224361300468445
0.7301366329193115,0.125,0.7224361300468445
0.6081613302230835,0.125,0.7224361300468445
0.6081613302230835,0.375,0.7224361300468445
1.2790253162384033,0.375,0.6830421686172485
1.2790253162384033,0.125,0.6830421686172485
1.2790253162384033,0.125,0.6902047395706177
1.2790253162384033,0.375,0.6687171459197998
1.2790253162384033,0.125,0.6687171459197998
1.2790253162384033,0.125,0.6758796572685242
1.2790253162384033,0.875,0.6687171459197998
1.2790253162384033,0.625,0.6687171459197998
1.2790253162384033,0.625,0.6758796572685242
1.2790253162384033,-0.625,0.6830421686172485
1.2790253162384033,-0.875,0.6830421686172485
1.2790253162384033,-0.875,0.6902047395706177
1.2790253162384033,-0.625,0.6687171459197998
1.2790253162384033,-0.875,0.6687171459197998
1.2790253162384033,-0.875,0.6758796572685242
1.2790253162384033,-0.125,0.6687171459197998
1.2790253162384033,-0.375,0.6687171459197998
1.2790253162384033,-0.375,0.6758796572685242
1.2790253162384033,-0.625,0.7116923332214355
1.2790253162384033,-0.875,0.7116923332214355
1.2790253162384033,-0.875,0.7188548445701599
1.2790253162384033,-0.625,0.697367250919342
1.2790253162384033,-0.875,0.697367250919342
1.2790253162384033,-0.875,0.7045298218727112
1.2790253162384033,-0.125,0.697367250919342
1.2790253162384033,-0.375,0.697367250919342
1.2790253162384033,-0.375,0.7045298218727112
0.3032231628894806,-0.375,0.6830421686172485
0.3032231628894806,-0.125,0.6830421686172485
0.3032231628894806,-0.125,0.6902047395706177
0.3032231628894806,-0.375,0.6687171459197998
0.3032231628894806,-0.125,0.6687171459197998
0.3032231628894806,-0.125,0.6758796572685242
0.3032231628894806,-0.875,0.6687171459197998
0.3032231628894806,-0.625,0.6687171459197998
0.3032231628894806,-0.625,0.6758796572685242
0.3032231628894806,0.625,0.6830421686172485
0.3032231628894806,0.875,0.6830421686172485
0.3032231628894806,0.875,0.6902047395706177
0.3032231628894806,0.625,0.6687171459197998
0.3032231628894806,0.875,0.6687171459197998
0.3032231628894806,0.875,0.6758796572685242
0.3032231628894806,0.125,0.6687171459197998
0.3032231628894806,0.375,0.6687171459197998
0.3032231628894806,0.375,0.6758796572685242
0.3032231628894806,0.625,0.7116923332214355
0.3032231628894806,0.875,0.7116923332214355
0.3032231628894806,0.875,0.7188548445701599
0.3032231628894806,0.625,0.697367250919342
0.3032231628894806,0.875,0.697367250919342
0.3032231628894806,0.875,0.7045298218727112
0.3032231628894806,0.125,0.697367250919342
0.3032231628894806,0.375,0.697367250919342
0.3032231628894806,0.375,0.7045298218727112
0.6081613302230835,1.0,0.6830421686172485
0.7301366329193115,1.0,0.6830421686172485
0.7301366329193115,1.0,0.6902047395706177
0.6081613302230835,1.0,0.6687171459197998
0.7301366329193115,1.0,0.6687171459197998
0.7301366329193115,1.0,0.6758796572685242
0.3642107844352722,1.0,0.6687171459197998
0.48618605732917786,1.0,0.6687171459197998
0.48618605732917786,1.0,0.6758796572685242
1.096062421798706,1.0,0.6830421686172485
1.2180376052856445,1.0,0.6830421686172485
1.2180376052856445,1.0,0.6902047395706177
1.096062421798706,1.0,0.6687171459197998
1.2180376052856445,1.0,0.6687171459197998
1.2180376052856445,1.0,0.6758796572685242
0.8521118760108948,1.0,0.6687171459197998
0.9740871787071228,1.0,0.6687171459197998
0.9740871787071228,1.0,0.6758796572685242
1.096062421798706,1.0,0.7116923332214355
1.2180376052856445,1.0,0.7116923332214355
1.2180376052856445,1.0,0.7188548445701599
1.096062421798706,1.0,0.697367250919342
1.2180376052856445,1.0,0.697367250919342
1.2180376052856445,1.0,0.7045298218727112
0.8521118760108948,1.0,0.697367250919342
0.9740871787071228,1.0,0.697367250919342
0.9740871787071228,1.0,0.7045298218727112
0.9740871787071228,-1.0,0.6830421686172485
0.8521118760108948,-1.0,0.6830421686172485
0.8521118760108948,-1.0,0.6902047395706177
0.9740871787071228,-1.0,0.6687171459197998
0.8521118760108948,-1.0,0.6687171459197998
0.8521118760108948,-1.0,0.6758796572685242
1.2180376052856445,-1.0,0.6687171459197998
1.096062421798706,-1.0,0.6687171459197998
1.096062421798706,-1.0,0.6758796572685242
0.48618605732917786,-1.0,0.6830421686172485
0.3642107844352722,-1.0,0.6830421686172485
0.3642107844352722,-1.0,0.6902047395706177
0.48618605732917786,-1.0,0.6687171459197998
0.3642107844352722,-1.0,0.6687171459197998
0.3642107844352722,-1.0,0.6758796572685242
0.7301366329193115,-1.0,0.6687171459197998
0.6081613302230835,-1.0,0.6687171459197998
0.6081613302230835,-1.0,0.6758796572685242
0.48618605732917786,-1.0,0.7116923332214355
0.3642107844352722,-1.0,0.7116923332214355
0.3642107844352722,-1.0,0.7188548445701599
0.48618605732917786,-1.0,0.697367250919342
0.3642107844352722,-1.0,0.697367250919342
0.3642107844352722,-1.0,0.7045298218727112
0.7301366329193115,-1.0,0.697367250919342
0.6081613302230835,-1.0,0.697367250919342
0.6081613302230835,-1.0,0.7045298218727112
0.9740871787071228,-1.0,0.7116923332214355
0.8521118760108948,-1.0,0.7116923332214355
0.8521118760108948,-1.0,0.7188548445701599
0.9740871787071228,-1.0,0.697367250919342
0.8521118760108948,-1.0,0.697367250919342
0.8521118760108948,-1.0,0.7045298218727112
1.2180376052856445,-1.0,0.697367250919342
1.096062421798706,-1.0,0.697367250919342
1.096062421798706,-1.0,0.7045298218727112
0.6081613302230835,1.0,0.7116923332214355
0.7301366329193115,1.0,0.7116923332214355
0.7301366329193115,1.0,0.7188548445701599
0.6081613302230835,1.0,0.697367250919342
0.7301366329193115,1.0,0.697367250919342
0.7301366329193115,1.0,0.7045298218727112
0.3642107844352722,1.0,0.697367250919342
0.48618605732917786,1.0,0.697367250919342
0.48618605732917786,1.0,0.7045298218727112
0.3032231628894806,-0.375,0.7116923332214355
0.3032231628894806,-0.125,0.7116923332214355
0.3032231628894806,-0.125,0.7188548445701599
0.3032231628894806,-0.375,0.697367250919342
0.3032231628894806,-0.125,0.697367250919342
0.3032231628894806,-0.125,0.7045298218727112
0.3032231628894806,-0.875,0.697367250919342
0.3032231628894806,-0.625,0.697367250919342
0.3032231628894806,-0.625,0.7045298218727112
1.2790253162384033,0.375,0.7116923332214355
1.2790253162384033,0.125,0.7116923332214355
1.2790253162384033,0.125,0.7188548445701599
1.2790253162384033,0.375,0.697367250919342
1.2790253162384033,0.125,0.697367250919342
1.2790253162384033,0.125,0.7045298218727112
1.2790253162384033,0.875,0.697367250919342
1.2790253162384033,0.625,0.697367250919342
1.2790253162384033,0.625,0.7045298218727112
0.9740871787071228,0.625,0.7224361300468445
0.8521118760108948,0.625,0.7224361300468445
0.8521118760108948,0.875,0.7224361300468445
0.9740871787071228,0.125,0.7224361300468445
0.8521118760108948,0.125,0.7224361300468445
0.8521118760108948,0.375,0.7224361300468445
1.2180376052856445,0.125,0.7224361300468445
1.096062421798706,0.125,0.7224361300468445
1.096062421798706,0.375,0.7224361300468445
1.096062421798706,0.375,0.6651358604431152
1.096062421798706,0.125,0.6651358604431152
1.2180376052856445,0.125,0.6651358604431152
0.8521118760108948,0.375,0.6651358604431152
0.8521118760108948,0.125,0.6651358604431152
0.9740871787071228,0.125,0.6651358604431152
0.8521118760108948,0.875,0.6651358604431152
0.8521118760108948,0.625,0.6651358604431152
0.9740871787071228,0.625,0.6651358604431152
0.9740871787071228,0.875,0.6651358604431152
0.9740871787071228,0.375,0.6651358604431152
1.2180376052856445,0.375,0.6651358604431152
1.2180376052856445,0.375,0.7224361300468445
0.9740871787071228,0.375,0.7224361300468445
0.9740871787071228,0.875,0.7224361300468445
1.2790253162384033,0.875,0.7045298218727112
1.2790253162384033,0.375,0.7045298218727112
1.2790253162384033,0.375,0.7188548445701599
0.3032231628894806,-0.875,0.7045298218727112
0.3032231628894806,-0.375,0.7045298218727112
0.3032231628894806,-0.375,0.7188548445701599
0.3642107844352722,1.0,0.7045298218727112
0.6081613302230835,1.0,0.7045298218727112
0.6081613302230835,1.0,0.7188548445701599
1.2180376052856445,-1.0,0.7045298218727112
0.9740871787071228,-1.0,0.7045298218727112
0.9740871787071228,-1.0,0.7188548445701599
0.7301366329193115,-1.0,0.7045298218727112
0.48618605732917786,-1.0,0.7045298218727112
0.48618605732917786,-1.0,0.7188548445701599
0.7301366329193115,-1.0,0.6758796572685242
0.48618605732917786,-1.0,0.6758796572685242
0.48618605732917786,-1.0,0.6902047395706177
1.2180376052856445,-1.0,0.6758796572685242
0.9740871787071228,-1.0,0.6758796572685242
0.9740871787071228,-1.0,0.6902047395706177
0.8521118760108948,1.0,0.7045298218727112
1.096062421798706,1.0,0.7045298218727112
1.096062421798706,1.0,0.7188548445701599
0.8521118760108948,1.0,0.6758796572685242
1.096062421798706,1.0,0.6758796572685242
1.096062421798706,1.0,0.6902047395706177
0.3642107844352722,1.0,0.6758796572685242
0.6081613302230835,1.0,0.6758796572685242
0.6081613302230835,1.0,0.6902047395706177
0.3032231628894806,0.125,0.7045298218727112
0.3032231628894806,0.625,0.7045298218727112
0.3032231628894806,0.625,0.7188548445701599
0.3032231628894806,0.125,0.6758796572685242
0.3032231628894806,0.625,0.6758796572685242
0.3032231628894806,0.625,0.6902047395706177
0.3032231628894806,-0.875,0.6758796572685242
0.3032231628894806,-0.375,0.6758796572685242
0.3032231628894806,-0.375,0.6902047395706177
1.2790253162384033,-0.125,0.7045298218727112
1.2790253162384033,-0.625,0.7045298218727112
1.2790253162384033,-0.625,0.7188548445701599
1.2790253162384033,-0.125,0.6758796572685242
1.2790253162384033,-0.625,0.6758796572685242
1.2790253162384033,-0.625,0.6902047395706177
1.2790253162384033,0.875,0.6758796572685242
1.2790253162384033,0.375,0.6758796572685242
1.2790253162384033,0.375,0.6902047395706177
0.7301366329193115,0.375,0.7224361300468445
0.48618605732917786,0.375,0.7224361300468445
0.48618605732917786,0.875,0.7224361300468445
0.7301366329193115,-0.625,0.7224361300468445
0.48618605732917786,-0.625,0.7224361300468445
0.48618605732917786,-0.125,0.7224361300468445
1.2180376052856445,-0.625,0.7224361300468445
0.9740871787071228,-0.625,0.7224361300468445
0.9740871787071228,-0.125,0.7224361300468445
0.9740871787071228,-0.125,0.6651358604431152
0.9740871787071228,-0.625,0.6651358604431152
1.2180376052856445,-0.625,0.6651358604431152
0.48618605732917786,-0.125,0.6651358604431152
0.48618605732917786,-0.625,0.6651358604431152
0.7301366329193115,-0.625,0.6651358604431152
0.48618605732917786,0.875,0.6651358604431152
0.48618605732917786,0.375,0.6651358604431152
0.7301366329193115,0.375,0.6651358604431152
0.7301366329193115,0.875,0.6651358604431152
0.7301366329193115,-0.125,0.6651358604431152
1.2180376052856445,-0.125,0.6651358604431152
1.2180376052856445,-0.125,0.7224361300468445
0.7301366329193115,-0.125,0.7224361300468445
0.7301366329193115,0.875,0.7224361300468445
1.2790253162384033,0.875,0.6902047395706177
1.2790253162384033,-0.125,0.6902047395706177
1.2790253162384033,-0.125,0.7188548445701599
0.3032231628894806,-0.875,0.6902047395706177
0.3032231628894806,0.125,0.6902047395706177
0.3032231628894806,0.125,0.7188548445701599
0.3642107844352722,1.0,0.6902047395706177
0.8521118760108948,1.0,0.6902047395706177
0.8521118760108948,1.0,0.7188548445701599
1.2180376052856445,-1.0,0.6902047395706177
0.7301366329193115,-1.0,0.6902047395706177
0.7301366329193115,-1.0,0.7188548445701599
1.2180376052856445,-1.0,0.7188548445701599
0.3642107844352722,1.0,0.7188548445701599
0.3032231628894806,-0.875,0.7188548445701599
1.2790253162384033,0.875,0.7188548445701599
1.2180376052856445,0.875,0.7224361300468445
1.2180376052856445,0.875,0.6651358604431152
