0.34379130601882935,-0.37399786710739136,0.0021814554929733276
0.34379130601882935,-0.37399786710739136,0.18401382863521576
0.34379130601882935,-0.19216549396514893,0.0021814554929733276
0.34379130601882935,-0.19216549396514893,0.18401382863521576
0.5256236791610718,-0.37399786710739136,0.0021814554929733276
0.5256236791610718,-0.37399786710739136,0.18401382863521576
0.5256236791610718,-0.19216549396514893,0.0021814554929733276
0.5256236791610718,-0.19216549396514893,0.18401382863521576
0.34379130601882935,-0.28308168053627014,0.0021814554929733276
0.34379130601882935,-0.37399786710739136,0.09309764206409454
0.34379130601882935,-0.28308168053627014,0.18401382863521576
0.34379130601882935,-0.19216549396514893,0.09309764206409454
0.43470749258995056,-0.19216549396514893,0.0021814554929733276
0.43470749258995056,-0.19216549396514893,0.18401382863521576
0.5256236791610718,-0.19216549396514893,0.09309764206409454
0.5256236791610718,-0.28308168053627014,0.0021814554929733276
0.5256236791610718,-0.28308168053627014,0.18401382863521576
0.5256236791610718,-0.37399786710739136,0.09309764206409454
0.43470749258995056,-0.37399786710739136,0.0021814554929733276
0.43470749258995056,-0.37399786710739136,0.18401382863521576
0.43470749258995056,-0.28308168053627014,0.18401382863521576
0.43470749258995056,-0.28308168053627014,0.0021814554929733276
0.43470749258995056,-0.37399786710739136,0.09309764206409454
0.5256236791610718,-0.28308168053627014,0.09309764206409454
0.43470749258995056,-0.19216549396514893,0.09309764206409454
0.34379130601882935,-0.28308168053627014,0.09309764206409454
0.34379130601882935,-0.32853978872299194,0.0021814554929733276
0.34379130601882935,-0.37399786710739136,0.13855573534965515
0.34379130601882935,-0.23762360215187073,0.18401382863521576
0.34379130601882935,-0.19216549396514893,0.047639548778533936
0.38924938440322876,-0.19216549396514893,0.0021814554929733276
0.48016560077667236,-0.19216549396514893,0.18401382863521576
0.5256236791610718,-0.19216549396514893,0.047639548778533936
0.5256236791610718,-0.23762360215187073,0.0021814554929733276
0.5256236791610718,-0.32853978872299194,0.18401382863521576
0.5256236791610718,-0.37399786710739136,0.047639548778533936
0.48016560077667236,-0.37399786710739136,0.0021814554929733276
0.38924938440322876,-0.37399786710739136,0.18401382863521576
0.34379130601882935,-0.23762360215187073,0.0021814554929733276
0.34379130601882935,-0.37399786710739136,0.047639548778533936
0.34379130601882935,-0.32853978872299194,0.18401382863521576
0.34379130601882935,-0.19216549396514893,0.13855573534965515
0.48016560077667236,-0.19216549396514893,0.0021814554929733276
0.38924938440322876,-0.19216549396514893,0.18401382863521576
0.5256236791610718,-0.19216549396514893,0.13855573534965515
0.5256236791610718,-0.32853978872299194,0.0021814554929733276
0.5256236791610718,-0.23762360215187073,0.18401382863521576
0.5256236791610718,-0.37399786710739136,0.13855573534965515
0.38924938440322876,-0.37399786710739136,0.0021814554929733276
0.48016560077667236,-0.37399786710739136,0.18401382863521576
0.43470749258995056,-0.32853978872299194,0.18401382863521576
0.43470749258995056,-0.23762360215187073,0.18401382863521576
0.48016560077667236,-0.28308168053627014,0.18401382863521576
0.38924938440322876,-0.28308168053627014,0.18401382863521576
0.43470749258995056,-0.32853978872299194,0.0021814554929733276
0.43470749258995056,-0.23762360215187073,0.0021814554929733276
0.38924938440322876,-0.28308168053627014,0.0021814554929733276
0.48016560077667236,-0.28308168053627014,0.0021814554929733276
0.38924938440322876,-0.37399786710739136,0.09309764206409454
0.48016560077667236,-0.37399786710739136,0.09309764206409454
0.43470749258995056,-0.37399786710739136,0.047639548778533936
0.43470749258995056,-0.37399786710739136,0.13855573534965515
0.5256236791610718,-0.32853978872299194,0.09309764206409454
0.5256236791610718,-0.23762360215187073,0.09309764206409454
0.5256236791610718,-0.28308168053627014,0.047639548778533936
0.5256236791610718,-0.28308168053627014,0.13855573534965515
0.48016560077667236,-0.19216549396514893,0.09309764206409454
0.38924938440322876,-0.19216549396514893,0.09309764206409454
0.43470749258995056,-0.19216549396514893,0.047639548778533936
0.43470749258995056,-0.19216549396514893,0.13855573534965515
0.34379130601882935,-0.23762360215187073,0.09309764206409454
0.34379130601882935,-0.32853978872299194,0.09309764206409454
0.34379130601882935,-0.28308168053627014,0.047639548778533936
0.34379130601882935,-0.28308168053627014,0.13855573534965515
0.34379130601882935,-0.32853978872299194,0.13855573534965515
0.34379130601882935,-0.32853978872299194,0.047639548778533936
0.34379130601882935,-0.23762360215187073,0.047639548778533936
0.38924938440322876,-0.19216549396514893,0.13855573534965515
0.38924938440322876,-0.19216549396514893,0.047639548778533936
0.48016560077667236,-0.19216549396514893,0.047639548778533936
0.5256236791610718,-0.23762360215187073,0.13855573534965515
0.5256236791610718,-0.23762360215187073,0.047639548778533936
0.5256236791610718,-0.32853978872299194,0.047639548778533936
0.48016560077667236,-0.37399786710739136,0.13855573534965515
0.48016560077667236,-0.37399786710739136,0.047639548778533936
0.38924938440322876,-0.37399786710739136,0.047639548778533936
0.48016560077667236,-0.23762360215187073,0.0021814554929733276
0.38924938440322876,-0.23762360215187073,0.0021814554929733276
0.38924938440322876,-0.32853978872299194,0.0021814554929733276
0.38924938440322876,-0.23762360215187073,0.18401382863521576
0.48016560077667236,-0.23762360215187073,0.18401382863521576
0.48016560077667236,-0.32853978872299194,0.18401382863521576
0.38924938440322876,-0.32853978872299194,0.18401382863521576
0.48016560077667236,-0.32853978872299194,0.0021814554929733276
0.38924938440322876,-0.37399786710739136,0.13855573534965515
0.5256236791610718,-0.32853978872299194,0.13855573534965515
0.48016560077667236,-0.19216549396514893,0.13855573534965515
0.34379130601882935,-0.23762360215187073,0.13855573534965515
0.34379130601882935,-0.35126882791519165,0.0021814554929733276
0.34379130601882935,-0.37399786710739136,0.16128478944301605
0.34379130601882935,-0.21489454805850983,0.18401382863521576
0.34379130601882935,-0.19216549396514893,0.02491050958633423
0.36652034521102905,-0.19216549396514893,0.0021814554929733276
0.5028946399688721,-0.19216549396514893,0.18401382863521576
0.5256236791610718,-0.19216549396514893,0.02491050958633423
0.5256236791610718,-0.21489454805850983,0.0021814554929733276
0.5256236791610718,-0.35126882791519165,0.18401382863521576
0.5256236791610718,-0.37399786710739136,0.02491050958633423
0.5028946399688721,-0.37399786710739136,0.0021814554929733276
0.36652034521102905,-0.37399786710739136,0.18401382863521576
0.34379130601882935,-0.26035264134407043,0.0021814554929733276
0.34379130601882935,-0.37399786710739136,0.07036860287189484
0.34379130601882935,-0.30581074953079224,0.18401382863521576
0.34379130601882935,-0.19216549396514893,0.11582669615745544
0.45743653178215027,-0.19216549396514893,0.0021814554929733276
0.41197845339775085,-0.19216549396514893,0.18401382863521576
0.5256236791610718,-0.19216549396514893,0.11582669615745544
0.5256236791610718,-0.30581074953079224,0.0021814554929733276
0.5256236791610718,-0.26035264134407043,0.18401382863521576
0.5256236791610718,-0.37399786710739136,0.11582669615745544
0.41197845339775085,-0.37399786710739136,0.0021814554929733276
0.45743653178215027,-0.37399786710739136,0.18401382863521576
0.43470749258995056,-0.35126882791519165,0.18401382863521576
0.43470749258995056,-0.26035264134407043,0.18401382863521576
0.5028946399688721,-0.28308168053627014,0.18401382863521576
0.41197845339775085,-0.28308168053627014,0.18401382863521576
0.43470749258995056,-0.35126882791519165,0.0021814554929733276
0.43470749258995056,-0.26035264134407043,0.0021814554929733276
0.36652034521102905,-0.28308168053627014,0.0021814554929733276
0.45743653178215027,-0.28308168053627014,0.0021814554929733276
0.36652034521102905,-0.37399786710739136,0.09309764206409454
0.45743653178215027,-0.37399786710739136,0.09309764206409454
0.43470749258995056,-0.37399786710739136,0.02491050958633423
0.43470749258995056,-0.37399786710739136,0.11582669615745544
0.5256236791610718,-0.35126882791519165,0.09309764206409454
0.5256236791610718,-0.26035264134407043,0.09309764206409454
0.5256236791610718,-0.28308168053627014,0.02491050958633423
0.5256236791610718,-0.28308168053627014,0.11582669615745544
0.5028946399688721,-0.19216549396514893,0.09309764206409454
0.41197845339775085,-0.19216549396514893,0.09309764206409454
0.43470749258995056,-0.19216549396514893,0.02491050958633423
0.43470749258995056,-0.19216549396514893,0.11582669615745544
0.34379130601882935,-0.21489454805850983,0.09309764206409454
0.34379130601882935,-0.30581074953079224,0.09309764206409454
0.34379130601882935,-0.28308168053627014,0.02491050958633423
0.34379130601882935,-0.28308168053627014,0.11582669615745544
0.34379130601882935,-0.30581074953079224,0.0021814554929733276
0.34379130601882935,-0.37399786710739136,0.11582669615745544
0.34379130601882935,-0.26035264134407043,0.18401382863521576
0.34379130601882935,-0.19216549396514893,0.07036860287189484
0.41197845339775085,-0.19216549396514893,0.0021814554929733276
0.45743653178215027,-0.19216549396514893,0.18401382863521576
0.5256236791610718,-0.19216549396514893,0.07036860287189484
0.5256236791610718,-0.26035264134407043,0.0021814554929733276
0.5256236791610718,-0.30581074953079224,0.18401382863521576
0.5256236791610718,-0.37399786710739136,0.07036860287189484
0.45743653178215027,-0.37399786710739136,0.0021814554929733276
0.41197845339775085,-0.37399786710739136,0.18401382863521576
0.34379130601882935,-0.21489454805850983,0.0021814554929733276
0.34379130601882935,-0.37399786710739136,0.02491050958633423
0.34379130601882935,-0.35126882791519165,0.18401382863521576
0.34379130601882935,-0.19216549396514893,0.16128478944301605
0.5028946399688721,-0.19216549396514893,0.0021814554929733276
0.36652034521102905,-0.19216549396514893,0.18401382863521576
0.5256236791610718,-0.19216549396514893,0.16128478944301605
0.5256236791610718,-0.35126882791519165,0.0021814554929733276
0.5256236791610718,-0.21489454805850983,0.18401382863521576
0.5256236791610718,-0.37399786710739136,0.16128478944301605
0.36652034521102905,-0.37399786710739136,0.0021814554929733276
0.5028946399688721,-0.37399786710739136,0.18401382863521576
0.43470749258995056,-0.30581074953079224,0.18401382863521576
0.43470749258995056,-0.21489454805850983,0.18401382863521576
0.45743653178215027,-0.28308168053627014,0.18401382863521576
0.36652034521102905,-0.28308168053627014,0.18401382863521576
0.43470749258995056,-0.30581074953079224,0.0021814554929733276
0.43470749258995056,-0.21489454805850983,0.0021814554929733276
0.41197845339775085,-0.28308168053627014,0.0021814554929733276
0.5028946399688721,-0.28308168053627014,0.0021814554929733276
0.41197845339775085,-0.37399786710739136,0.09309764206409454
0.5028946399688721,-0.37399786710739136,0.09309764206409454
0.43470749258995056,-0.37399786710739136,0.07036860287189484
0.43470749258995056,-0.37399786710739136,0.16128478944301605
0.5256236791610718,-0.30581074953079224,0.09309764206409454
0.5256236791610718,-0.21489454805850983,0.09309764206409454
0.5256236791610718,-0.28308168053627014,0.07036860287189484
0.5256236791610718,-0.28308168053627014,0.16128478944301605
0.45743653178215027,-0.19216549396514893,0.09309764206409454
0.36652034521102905,-0.19216549396514893,0.09309764206409454
0.43470749258995056,-0.19216549396514893,0.07036860287189484
0.43470749258995056,-0.19216549396514893,0.16128478944301605
0.34379130601882935,-0.26035264134407043,0.09309764206409454
0.34379130601882935,-0.35126882791519165,0.09309764206409454
0.34379130601882935,-0.28308168053627014,0.07036860287189484
0.34379130601882935,-0.28308168053627014,0.16128478944301605
0.34379130601882935,-0.30581074953079224,0.13855573534965515
0.34379130601882935,-0.35126882791519165,0.13855573534965515
0.34379130601882935,-0.32853978872299194,0.11582669615745544
0.34379130601882935,-0.32853978872299194,0.16128478944301605
0.34379130601882935,-0.30581074953079224,0.047639548778533936
0.34379130601882935,-0.35126882791519165,0.047639548778533936
0.34379130601882935,-0.32853978872299194,0.02491050958633423
0.34379130601882935,-0.32853978872299194,0.07036860287189484
0.34379130601882935,-0.21489454805850983,0.047639548778533936
0.34379130601882935,-0.26035264134407043,0.047639548778533936
0.34379130601882935,-0.23762360215187073,0.02491050958633423
0.34379130601882935,-0.23762360215187073,0.07036860287189484
0.41197845339775085,-0.19216549396514893,0.13855573534965515
0.36652034521102905,-0.19216549396514893,0.13855573534965515
0.38924938440322876,-0.19216549396514893,0.11582669615745544
0.38924938440322876,-0.19216549396514893,0.16128478944301605
0.41197845339775085,-0.19216549396514893,0.047639548778533936
0.36652034521102905,-0.19216549396514893,0.047639548778533936
0.38924938440322876,-0.19216549396514893,0.02491050958633423
0.38924938440322876,-0.19216549396514893,0.07036860287189484
0.5028946399688721,-0.19216549396514893,0.047639548778533936
0.45743653178215027,-0.19216549396514893,0.047639548778533936
0.48016560077667236,-0.19216549396514893,0.02491050958633423
0.48016560077667236,-0.19216549396514893,0.07036860287189484
0.5256236791610718,-0.26035264134407043,0.13855573534965515
0.5256236791610718,-0.21489454805850983,0.13855573534965515
0.5256236791610718,-0.23762360215187073,0.11582669615745544
0.5256236791610718,-0.23762360215187073,0.16128478944301605
0.5256236791610718,-0.26035264134407043,0.047639548778533936
0.5256236791610718,-0.21489454805850983,0.047639548778533936
0.5256236791610718,-0.23762360215187073,0.02491050958633423
0.5256236791610718,-0.23762360215187073,0.07036860287189484
0.5256236791610718,-0.35126882791519165,0.047639548778533936
0.5256236791610718,-0.30581074953079224,0.047639548778533936
0.5256236791610718,-0.32853978872299194,0.02491050958633423
0.5256236791610718,-0.32853978872299194,0.07036860287189484
0.45743653178215027,-0.37399786710739136,0.13855573534965515
0.5028946399688721,-0.37399786710739136,0.13855573534965515
0.48016560077667236,-0.37399786710739136,0.11582669615745544
0.48016560077667236,-0.37399786710739136,0.16128478944301605
0.45743653178215027,-0.37399786710739136,0.047639548778533936
0.5028946399688721,-0.37399786710739136,0.047639548778533936
0.48016560077667236,-0.37399786710739136,0.02491050958633423
0.48016560077667236,-0.37399786710739136,0.07036860287189484
0.36652034521102905,-0.37399786710739136,0.047639548778533936
0.41197845339775085,-0.37399786710739136,0.047639548778533936
0.38924938440322876,-0.37399786710739136,0.02491050958633423
0.38924938440322876,-0.37399786710739136,0.07036860287189484
0.48016560077667236,-0.26035264134407043,0.0021814554929733276
0.48016560077667236,-0.21489454805850983,0.0021814554929733276
0.45743653178215027,-0.23762360215187073,0.0021814554929733276
0.5028946399688721,-0.23762360215187073,0.0021814554929733276
0.38924938440322876,-0.26035264134407043,0.0021814554929733276
0.38924938440322876,-0.21489454805850983,0.0021814554929733276
0.36652034521102905,-0.23762360215187073,0.0021814554929733276
0.41197845339775085,-0.23762360215187073,0.0021814554929733276
0.38924938440322876,-0.35126882791519165,0.0021814554929733276
0.38924938440322876,-0.30581074953079224,0.0021814554929733276
0.36652034521102905,-0.32853978872299194,0.0021814554929733276
0.41197845339775085,-0.32853978872299194,0.0021814554929733276
0.38924938440322876,-0.26035264134407043,0.18401382863521576
0.38924938440322876,-0.21489454805850983,0.18401382863521576
0.41197845339775085,-0.23762360215187073,0.18401382863521576
0.36652034521102905,-0.23762360215187073,0.18401382863521576
0.48016560077667236,-0.26035264134407043,0.18401382863521576
0.48016560077667236,-0.21489454805850983,0.18401382863521576
0.5028946399688721,-0.23762360215187073,0.18401382863521576
0.45743653178215027,-0.23762360215187073,0.18401382863521576
0.48016560077667236,-0.35126882791519165,0.18401382863521576
0.48016560077667236,-0.30581074953079224,0.18401382863521576
0.5028946399688721,-0.32853978872299194,0.18401382863521576
0.45743653178215027,-0.32853978872299194,0.18401382863521576
0.38924938440322876,-0.35126882791519165,0.18401382863521576
0.38924938440322876,-0.30581074953079224,0.18401382863521576
0.41197845339775085,-0.32853978872299194,0.18401382863521576
0.36652034521102905,-0.32853978872299194,0.18401382863521576
0.48016560077667236,-0.35126882791519165,0.0021814554929733276
0.48016560077667236,-0.30581074953079224,0.0021814554929733276
0.45743653178215027,-0.32853978872299194,0.0021814554929733276
0.5028946399688721,-0.32853978872299194,0.0021814554929733276
0.36652034521102905,-0.37399786710739136,0.13855573534965515
0.41197845339775085,-0.37399786710739136,0.13855573534965515
0.38924938440322876,-0.37399786710739136,0.11582669615745544
0.38924938440322876,-0.37399786710739136,0.16128478944301605
0.5256236791610718,-0.35126882791519165,0.13855573534965515
0.5256236791610718,-0.30581074953079224,0.13855573534965515
0.5256236791610718,-0.32853978872299194,0.11582669615745544
0.5256236791610718,-0.32853978872299194,0.16128478944301605
0.5028946399688721,-0.19216549396514893,0.13855573534965515
0.45743653178215027,-0.19216549396514893,0.13855573534965515
0.48016560077667236,-0.19216549396514893,0.11582669615745544
0.48016560077667236,-0.19216549396514893,0.16128478944301605
0.34379130601882935,-0.21489454805850983,0.13855573534965515
0.34379130601882935,-0.26035264134407043,0.13855573534965515
0.34379130601882935,-0.23762360215187073,0.11582669615745544
0.34379130601882935,-0.23762360215187073,0.16128478944301605
0.34379130601882935,-0.26035264134407043,0.16128478944301605
0.34379130601882935,-0.26035264134407043,0.11582669615745544
0.34379130601882935,-0.21489454805850983,0.11582669615745544
0.45743653178215027,-0.19216549396514893,0.16128478944301605
0.45743653178215027,-0.19216549396514893,0.11582669615745544
0.5028946399688721,-0.19216549396514893,0.11582669615745544
0.5256236791610718,-0.30581074953079224,0.16128478944301605
0.5256236791610718,-0.30581074953079224,0.11582669615745544
0.5256236791610718,-0.35126882791519165,0.11582669615745544
0.41197845339775085,-0.37399786710739136,0.16128478944301605
0.41197845339775085,-0.37399786710739136,0.11582669615745544
0.36652034521102905,-0.37399786710739136,0.11582669615745544
0.5028946399688721,-0.30581074953079224,0.0021814554929733276
0.45743653178215027,-0.30581074953079224,0.0021814554929733276
0.45743653178215027,-0.35126882791519165,0.0021814554929733276
0.36652034521102905,-0.30581074953079224,0.18401382863521576
0.41197845339775085,-0.30581074953079224,0.18401382863521576
0.41197845339775085,-0.35126882791519165,0.18401382863521576
0.45743653178215027,-0.30581074953079224,0.18401382863521576
0.5028946399688721,-0.30581074953079224,0.18401382863521576
0.5028946399688721,-0.35126882791519165,0.18401382863521576
0.45743653178215027,-0.21489454805850983,0.18401382863521576
0.5028946399688721,-0.21489454805850983,0.18401382863521576
0.5028946399688721,-0.26035264134407043,0.18401382863521576
0.36652034521102905,-0.21489454805850983,0.18401382863521576
0.41197845339775085,-0.21489454805850983,0.18401382863521576
0.41197845339775085,-0.26035264134407043,0.18401382863521576
0.41197845339775085,-0.30581074953079224,0.0021814554929733276
0.36652034521102905,-0.30581074953079224,0.0021814554929733276
0.36652034521102905,-0.35126882791519165,0.0021814554929733276
0.41197845339775085,-0.21489454805850983,0.0021814554929733276
0.36652034521102905,-0.21489454805850983,0.0021814554929733276
0.36652034521102905,-0.26035264134407043,0.0021814554929733276
0.5028946399688721,-0.21489454805850983,0.0021814554929733276
0.45743653178215027,-0.21489454805850983,0.0021814554929733276
0.45743653178215027,-0.26035264134407043,0.0021814554929733276
0.41197845339775085,-0.37399786710739136,0.07036860287189484
0.41197845339775085,-0.37399786710739136,0.02491050958633423
0.36652034521102905,-0.37399786710739136,0.02491050958633423
0.5028946399688721,-0.37399786710739136,0.07036860287189484
0.5028946399688721,-0.37399786710739136,0.02491050958633423
0.45743653178215027,-0.37399786710739136,0.02491050958633423
0.5028946399688721,-0.37399786710739136,0.16128478944301605
0.5028946399688721,-0.37399786710739136,0.11582669615745544
0.45743653178215027,-0.37399786710739136,0.11582669615745544
0.5256236791610718,-0.30581074953079224,0.07036860287189484
0.5256236791610718,-0.30581074953079224,0.02491050958633423
0.5256236791610718,-0.35126882791519165,0.02491050958633423
0.5256236791610718,-0.21489454805850983,0.07036860287189484
0.5256236791610718,-0.21489454805850983,0.02491050958633423
0.5256236791610718,-0.26035264134407043,0.02491050958633423
0.5256236791610718,-0.21489454805850983,0.16128478944301605
0.5256236791610718,-0.21489454805850983,0.11582669615745544
0.5256236791610718,-0.26035264134407043,0.11582669615745544
0.45743653178215027,-0.19216549396514893,0.07036860287189484
0.45743653178215027,-0.19216549396514893,0.02491050958633423
0.5028946399688721,-0.19216549396514893,0.02491050958633423
0.36652034521102905,-0.19216549396514893,0.07036860287189484
0.36652034521102905,-0.19216549396514893,0.02491050958633423
0.41197845339775085,-0.19216549396514893,0.02491050958633423
0.36652034521102905,-0.19216549396514893,0.16128478944301605
0.36652034521102905,-0.19216549396514893,0.11582669615745544
0.41197845339775085,-0.19216549396514893,0.11582669615745544
0.34379130601882935,-0.26035264134407043,0.07036860287189484
0.34379130601882935,-0.26035264134407043,0.02491050958633423
0.34379130601882935,-0.21489454805850983,0.02491050958633423
0.34379130601882935,-0.35126882791519165,0.07036860287189484
0.34379130601882935,-0.35126882791519165,0.02491050958633423
0.34379130601882935,-0.30581074953079224,0.02491050958633423
0.34379130601882935,-0.35126882791519165,0.16128478944301605
0.34379130601882935,-0.35126882791519165,0.11582669615745544
0.34379130601882935,-0.30581074953079224,0.11582669615745544
0.34379130601882935,-0.30581074953079224,0.16128478944301605
0.34379130601882935,-0.30581074953079224,0.07036860287189484
0.34379130601882935,-0.21489454805850983,0.07036860287189484
0.41197845339775085,-0.19216549396514893,0.16128478944301605
0.41197845339775085,-0.19216549396514893,0.07036860287189484
0.5028946399688721,-0.19216549396514893,0.07036860287189484
0.5256236791610718,-0.26035264134407043,0.16128478944301605
0.5256236791610718,-0.26035264134407043,0.07036860287189484
0.5256236791610718,-0.35126882791519165,0.07036860287189484
0.45743653178215027,-0.37399786710739136,0.16128478944301605
0.45743653178215027,-0.37399786710739136,0.07036860287189484
0.36652034521102905,-0.37399786710739136,0.07036860287189484
0.5028946399688721,-0.26035264134407043,0.0021814554929733276
0.41197845339775085,-0.26035264134407043,0.0021814554929733276
0.41197845339775085,-0.35126882791519165,0.0021814554929733276
0.36652034521102905,-0.26035264134407043,0.18401382863521576
0.45743653178215027,-0.26035264134407043,0.18401382863521576
0.45743653178215027,-0.35126882791519165,0.18401382863521576
0.36652034521102905,-0.35126882791519165,0.18401382863521576
0.5028946399688721,-0.35126882791519165,0.0021814554929733276
0.36652034521102905,-0.37399786710739136,0.16128478944301605
0.5256236791610718,-0.35126882791519165,0.16128478944301605
0.5028946399688721,-0.19216549396514893,0.16128478944301605
0.34379130601882935,-0.21489454805850983,0.16128478944301605
0.32465898990631104,-0.3495708107948303,0.1872769296169281
0.32465898990631104,-0.3495708107948303,0.36910930275917053
0.36821848154067993,-0.17303304374217987,0.1872769296169281
0.36821848154067993,-0.17303304374217987,0.36910930275917053
0.5011967420578003,-0.3931303024291992,0.1872769296169281
0.5011967420578003,-0.3931303024291992,0.36910930275917053
0.5447562336921692,-0.21659255027770996,0.1872769296169281
0.5447562336921692,-0.21659255027770996,0.36910930275917053
0.3464387357234955,-0.2613019347190857,0.1872769296169281
0.32465898990631104,-0.3495708107948303,0.2781931161880493
0.3464387357234955,-0.2613019347190857,0.36910930275917053
0.36821848154067993,-0.17303304374217987,0.2781931161880493
0.45648735761642456,-0.1948128044605255,0.1872769296169281
0.45648735761642456,-0.1948128044605255,0.36910930275917053
0.5447562336921692,-0.21659255027770996,0.2781931161880493
0.5229765176773071,-0.3048614263534546,0.1872769296169281
0.5229765176773071,-0.3048614263534546,0.36910930275917053
0.5011967420578003,-0.3931303024291992,0.2781931161880493
0.41292786598205566,-0.37135055661201477,0.1872769296169281
0.41292786598205566,-0.37135055661201477,0.36910930275917053
0.4347076117992401,-0.28308168053627014,0.36910930275917053
0.4347076117992401,-0.28308168053627014,0.1872769296169281
0.41292786598205566,-0.37135055661201477,0.2781931161880493
0.5229765176773071,-0.3048614263534546,0.2781931161880493
0.45648735761642456,-0.1948128044605255,0.2781931161880493
0.3464387357234955,-0.2613019347190857,0.2781931161880493
0.33554884791374207,-0.305436372756958,0.1872769296169281
0.32465898990631104,-0.3495708107948303,0.3236512243747711
0.3573285937309265,-0.21716749668121338,0.36910930275917053
0.36821848154067993,-0.17303304374217987,0.2327350229024887
0.41235291957855225,-0.1839229166507721,0.1872769296169281
0.5006217956542969,-0.20570267736911774,0.36910930275917053
0.5447562336921692,-0.21659255027770996,0.2327350229024887
0.5338663458824158,-0.26072701811790466,0.1872769296169281
0.5120866298675537,-0.3489958941936493,0.36910930275917053
0.5011967420578003,-0.3931303024291992,0.2327350229024887
0.457062304019928,-0.3822404444217682,0.1872769296169281
0.36879342794418335,-0.36046069860458374,0.36910930275917053
0.3573285937309265,-0.21716749668121338,0.1872769296169281
0.32465898990631104,-0.3495708107948303,0.2327350229024887
0.33554884791374207,-0.305436372756958,0.36910930275917053
0.36821848154067993,-0.17303304374217987,0.3236512243747711
0.5006217956542969,-0.20570267736911774,0.1872769296169281
0.41235291957855225,-0.1839229166507721,0.36910930275917053
0.5447562336921692,-0.21659255027770996,0.3236512243747711
0.5120866298675537,-0.3489958941936493,0.1872769296169281
0.5338663458824158,-0.26072701811790466,0.36910930275917053
0.5011967420578003,-0.3931303024291992,0.3236512243747711
0.36879342794418335,-0.36046069860458374,0.1872769296169281
0.457062304019928,-0.3822404444217682,0.36910930275917053
0.4238177239894867,-0.32721614837646484,0.36910930275917053
0.44559749960899353,-0.23894725739955902,0.36910930275917053
0.4788420796394348,-0.29397156834602356,0.36910930275917053
0.3905731737613678,-0.2721917927265167,0.36910930275917053
0.4238177239894867,-0.32721614837646484,0.1872769296169281
0.44559749960899353,-0.23894725739955902,0.1872769296169281
0.3905731737613678,-0.2721917927265167,0.1872769296169281
0.4788420796394348,-0.29397156834602356,0.1872769296169281
0.36879342794418335,-0.36046069860458374,0.2781931161880493
0.457062304019928,-0.3822404444217682,0.2781931161880493
0.41292786598205566,-0.37135055661201477,0.2327350229024887
0.41292786598205566,-0.37135055661201477,0.3236512243747711
0.5120866298675537,-0.3489958941936493,0.2781931161880493
0.5338663458824158,-0.26072701811790466,0.2781931161880493
0.5229765176773071,-0.3048614263534546,0.2327350229024887
0.5229765176773071,-0.3048614263534546,0.3236512243747711
0.5006217956542969,-0.20570267736911774,0.2781931161880493
0.41235291957855225,-0.1839229166507721,0.2781931161880493
0.45648735761642456,-0.1948128044605255,0.2327350229024887
0.45648735761642456,-0.1948128044605255,0.3236512243747711
0.3573285937309265,-0.21716749668121338,0.2781931161880493
0.33554884791374207,-0.305436372756958,0.2781931161880493
0.3464387357234955,-0.2613019347190857,0.2327350229024887
0.3464387357234955,-0.2613019347190857,0.3236512243747711
0.33554884791374207,-0.305436372756958,0.3236512243747711
0.33554884791374207,-0.305436372756958,0.2327350229024887
0.3573285937309265,-0.21716749668121338,0.2327350229024887
0.41235291957855225,-0.1839229166507721,0.3236512243747711
0.41235291957855225,-0.1839229166507721,0.2327350229024887
0.5006217956542969,-0.20570267736911774,0.2327350229024887
0.5338663458824158,-0.26072701811790466,0.3236512243747711
0.5338663458824158,-0.26072701811790466,0.2327350229024887
0.5120866298675537,-0.3489958941936493,0.2327350229024887
0.457062304019928,-0.3822404444217682,0.3236512243747711
0.457062304019928,-0.3822404444217682,0.2327350229024887
0.36879342794418335,-0.36046069860458374,0.2327350229024887
0.48973193764686584,-0.24983713030815125,0.1872769296169281
0.40146303176879883,-0.2280573844909668,0.1872769296169281
0.3796832859516144,-0.3163262605667114,0.1872769296169281
0.40146303176879883,-0.2280573844909668,0.36910930275917053
0.48973193764686584,-0.24983713030815125,0.36910930275917053
0.4679521918296814,-0.3381060063838959,0.36910930275917053
0.3796832859516144,-0.3163262605667114,0.36910930275917053
0.4679521918296814,-0.3381060063838959,0.1872769296169281
0.36879342794418335,-0.36046069860458374,0.3236512243747711
0.5120866298675537,-0.3489958941936493,0.3236512243747711
0.5006217956542969,-0.20570267736911774,0.3236512243747711
0.3573285937309265,-0.21716749668121338,0.3236512243747711
0.33010393381118774,-0.32750359177589417,0.1872769296169281
0.32465898990631104,-0.3495708107948303,0.3463802635669708
0.3627735376358032,-0.19510027766227722,0.36910930275917053
0.36821848154067993,-0.17303304374217987,0.210005983710289
0.3902857005596161,-0.17847797274589539,0.1872769296169281
0.5226890444755554,-0.21114760637283325,0.36910930275917053
0.5447562336921692,-0.21659255027770996,0.210005983710289
0.5393112897872925,-0.23865976929664612,0.1872769296169281
0.506641685962677,-0.37106311321258545,0.36910930275917053
0.5011967420578003,-0.3931303024291992,0.210005983710289
0.47912952303886414,-0.3876853883266449,0.1872769296169281
0.3467261791229248,-0.35501575469970703,0.36910930275917053
0.3518836498260498,-0.23923471570014954,0.1872769296169281
0.32465898990631104,-0.3495708107948303,0.2554640769958496
0.3409937918186188,-0.28336918354034424,0.36910930275917053
0.36821848154067993,-0.17303304374217987,0.3009221851825714
0.4785545766353607,-0.20025773346424103,0.1872769296169281
0.4344201683998108,-0.1893678605556488,0.36910930275917053
0.5447562336921692,-0.21659255027770996,0.3009221851825714
0.5175315737724304,-0.32692867517471313,0.1872769296169281
0.5284214019775391,-0.28279420733451843,0.36910930275917053
0.5011967420578003,-0.3931303024291992,0.3009221851825714
0.3908606469631195,-0.36590564250946045,0.1872769296169281
0.4349950850009918,-0.3767955005168915,0.36910930275917053
0.4183728098869324,-0.3492833375930786,0.36910930275917053
0.4401525557041168,-0.261014461517334,0.36910930275917053
0.5009092688560486,-0.2994164824485779,0.36910930275917053
0.41264039278030396,-0.27763673663139343,0.36910930275917053
0.4183728098869324,-0.3492833375930786,0.1872769296169281
0.4401525557041168,-0.261014461517334,0.1872769296169281
0.36850595474243164,-0.2667468786239624,0.1872769296169281
0.45677483081817627,-0.28852662444114685,0.1872769296169281
0.3467261791229248,-0.35501575469970703,0.2781931161880493
0.4349950850009918,-0.3767955005168915,0.2781931161880493
0.41292786598205566,-0.37135055661201477,0.210005983710289
0.41292786598205566,-0.37135055661201477,0.3009221851825714
0.506641685962677,-0.37106311321258545,0.2781931161880493
0.5284214019775391,-0.28279420733451843,0.2781931161880493
0.5229765176773071,-0.3048614263534546,0.210005983710289
0.5229765176773071,-0.3048614263534546,0.3009221851825714
0.5226890444755554,-0.21114760637283325,0.2781931161880493
0.4344201683998108,-0.1893678605556488,0.2781931161880493
0.45648735761642456,-0.1948128044605255,0.210005983710289
0.45648735761642456,-0.1948128044605255,0.3009221851825714
0.3627735376358032,-0.19510027766227722,0.2781931161880493
0.3409937918186188,-0.28336918354034424,0.2781931161880493
0.3464387357234955,-0.2613019347190857,0.210005983710289
0.3464387357234955,-0.2613019347190857,0.3009221851825714
0.3409937918186188,-0.28336918354034424,0.1872769296169281
0.32465898990631104,-0.3495708107948303,0.3009221851825714
0.3518836498260498,-0.23923471570014954,0.36910930275917053
0.36821848154067993,-0.17303304374217987,0.2554640769958496
0.4344201683998108,-0.1893678605556488,0.1872769296169281
0.4785545766353607,-0.20025773346424103,0.36910930275917053
0.5447562336921692,-0.21659255027770996,0.2554640769958496
0.5284214019775391,-0.28279420733451843,0.1872769296169281
0.5175315737724304,-0.32692867517471313,0.36910930275917053
0.5011967420578003,-0.3931303024291992,0.2554640769958496
0.4349950850009918,-0.3767955005168915,0.1872769296169281
0.3908606469631195,-0.36590564250946045,0.36910930275917053
0.3627735376358032,-0.19510027766227722,0.1872769296169281
0.32465898990631104,-0.3495708107948303,0.210005983710289
0.33010393381118774,-0.32750359177589417,0.36910930275917053
0.36821848154067993,-0.17303304374217987,0.3463802635669708
0.5226890444755554,-0.21114760637283325,0.1872769296169281
0.3902857005596161,-0.17847797274589539,0.36910930275917053
0.5447562336921692,-0.21659255027770996,0.3463802635669708
0.506641685962677,-0.37106311321258545,0.1872769296169281
0.5393112897872925,-0.23865976929664612,0.36910930275917053
0.5011967420578003,-0.3931303024291992,0.3463802635669708
0.3467261791229248,-0.35501575469970703,0.1872769296169281
0.47912952303886414,-0.3876853883266449,0.36910930275917053
0.4292626678943634,-0.3051489293575287,0.36910930275917053
0.45104241371154785,-0.21688002347946167,0.36910930275917053
0.45677483081817627,-0.28852662444114685,0.36910930275917053
0.36850595474243164,-0.2667468786239624,0.36910930275917053
0.4292626678943634,-0.3051489293575287,0.1872769296169281
0.45104241371154785,-0.21688002347946167,0.1872769296169281
0.41264039278030396,-0.27763673663139343,0.1872769296169281
0.5009092688560486,-0.2994164824485779,0.1872769296169281
0.3908606469631195,-0.36590564250946045,0.2781931161880493
0.47912952303886414,-0.3876853883266449,0.2781931161880493
0.41292786598205566,-0.37135055661201477,0.2554640769958496
0.41292786598205566,-0.37135055661201477,0.3463802635669708
0.5175315737724304,-0.32692867517471313,0.2781931161880493
0.5393112897872925,-0.23865976929664612,0.2781931161880493
0.5229765176773071,-0.3048614263534546,0.2554640769958496
0.5229765176773071,-0.3048614263534546,0.3463802635669708
0.4785545766353607,-0.20025773346424103,0.2781931161880493
0.3902857005596161,-0.17847797274589539,0.2781931161880493
0.45648735761642456,-0.1948128044605255,0.2554640769958496
0.45648735761642456,-0.1948128044605255,0.3463802635669708
0.3518836498260498,-0.23923471570014954,0.2781931161880493
0.33010393381118774,-0.32750359177589417,0.2781931161880493
0.3464387357234955,-0.2613019347190857,0.2554640769958496
0.3464387357234955,-0.2613019347190857,0.3463802635669708
0.3409937918186188,-0.28336918354034424,0.3236512243747711
0.33010393381118774,-0.32750359177589417,0.3236512243747711
0.33554884791374207,-0.305436372756958,0.3009221851825714
0.33554884791374207,-0.305436372756958,0.3463802635669708
0.3409937918186188,-0.28336918354034424,0.2327350229024887
0.33010393381118774,-0.32750359177589417,0.2327350229024887
0.33554884791374207,-0.305436372756958,0.210005983710289
0.33554884791374207,-0.305436372756958,0.2554640769958496
0.3627735376358032,-0.19510027766227722,0.2327350229024887
0.3518836498260498,-0.23923471570014954,0.2327350229024887
0.3573285937309265,-0.21716749668121338,0.210005983710289
0.3573285937309265,-0.21716749668121338,0.2554640769958496
0.4344201683998108,-0.1893678605556488,0.3236512243747711
0.3902857005596161,-0.17847797274589539,0.3236512243747711
0.41235291957855225,-0.1839229166507721,0.3009221851825714
0.41235291957855225,-0.1839229166507721,0.3463802635669708
0.4344201683998108,-0.1893678605556488,0.2327350229024887
0.3902857005596161,-0.17847797274589539,0.2327350229024887
0.41235291957855225,-0.1839229166507721,0.210005983710289
0.41235291957855225,-0.1839229166507721,0.2554640769958496
0.5226890444755554,-0.21114760637283325,0.2327350229024887
0.4785545766353607,-0.20025773346424103,0.2327350229024887
0.5006217956542969,-0.20570267736911774,0.210005983710289
0.5006217956542969,-0.20570267736911774,0.2554640769958496
0.5284214019775391,-0.28279420733451843,0.3236512243747711
0.5393112897872925,-0.23865976929664612,0.3236512243747711
0.5338663458824158,-0.26072701811790466,0.3009221851825714
0.5338663458824158,-0.26072701811790466,0.3463802635669708
0.5284214019775391,-0.28279420733451843,0.2327350229024887
0.5393112897872925,-0.23865976929664612,0.2327350229024887
0.5338663458824158,-0.26072701811790466,0.210005983710289
0.5338663458824158,-0.26072701811790466,0.2554640769958496
0.506641685962677,-0.37106311321258545,0.2327350229024887
0.5175315737724304,-0.32692867517471313,0.2327350229024887
0.5120866298675537,-0.3489958941936493,0.210005983710289
0.5120866298675537,-0.3489958941936493,0.2554640769958496
0.4349950850009918,-0.3767955005168915,0.3236512243747711
0.47912952303886414,-0.3876853883266449,0.3236512243747711
0.457062304019928,-0.3822404444217682,0.3009221851825714
0.457062304019928,-0.3822404444217682,0.3463802635669708
0.4349950850009918,-0.3767955005168915,0.2327350229024887
0.47912952303886414,-0.3876853883266449,0.2327350229024887
0.457062304019928,-0.3822404444217682,0.210005983710289
0.457062304019928,-0.3822404444217682,0.2554640769958496
0.3467261791229248,-0.35501575469970703,0.2327350229024887
0.3908606469631195,-0.36590564250946045,0.2327350229024887
0.36879342794418335,-0.36046069860458374,0.210005983710289
0.36879342794418335,-0.36046069860458374,0.2554640769958496
0.4842870235443115,-0.2719043493270874,0.1872769296169281
0.49517688155174255,-0.2277699112892151,0.1872769296169281
0.4676646888256073,-0.24439218640327454,0.1872769296169281
0.511799156665802,-0.25528207421302795,0.1872769296169281
0.3960180878639221,-0.25012457370758057,0.1872769296169281
0.40690797567367554,-0.20599013566970825,0.1872769296169281
0.37939581274986267,-0.2226124405860901,0.1872769296169281
0.4235302805900574,-0.2335023134946823,0.1872769296169281
0.37423834204673767,-0.3383934795856476,0.1872769296169281
0.3851282298564911,-0.29425904154777527,0.1872769296169281
0.3576160669326782,-0.3108813166618347,0.1872769296169281
0.4017505347728729,-0.32177120447158813,0.1872769296169281
0.3960180878639221,-0.25012457370758057,0.36910930275917053
0.40690797567367554,-0.20599013566970825,0.36910930275917053
0.4235302805900574,-0.2335023134946823,0.36910930275917053
0.37939581274986267,-0.2226124405860901,0.36910930275917053
0.4842870235443115,-0.2719043493270874,0.36910930275917053
0.49517688155174255,-0.2277699112892151,0.36910930275917053
0.511799156665802,-0.25528207421302795,0.36910930275917053
0.4676646888256073,-0.24439218640327454,0.36910930275917053
0.4625072479248047,-0.36017322540283203,0.36910930275917053
0.4733971357345581,-0.3160387873649597,0.36910930275917053
0.49001941084861755,-0.3435509502887726,0.36910930275917053
0.44588494300842285,-0.33266106247901917,0.36910930275917053
0.37423834204673767,-0.3383934795856476,0.36910930275917053
0.3851282298564911,-0.29425904154777527,0.36910930275917053
0.4017505347728729,-0.32177120447158813,0.36910930275917053
0.3576160669326782,-0.3108813166618347,0.36910930275917053
0.4625072479248047,-0.36017322540283203,0.1872769296169281
0.4733971357345581,-0.3160387873649597,0.1872769296169281
0.44588494300842285,-0.33266106247901917,0.1872769296169281
0.49001941084861755,-0.3435509502887726,0.1872769296169281
0.3467261791229248,-0.35501575469970703,0.3236512243747711
0.3908606469631195,-0.36590564250946045,0.3236512243747711
0.36879342794418335,-0.36046069860458374,0.3009221851825714
0.36879342794418335,-0.36046069860458374,0.3463802635669708
0.506641685962677,-0.37106311321258545,0.3236512243747711
0.5175315737724304,-0.32692867517471313,0.3236512243747711
0.5120866298675537,-0.3489958941936493,0.3009221851825714
0.5120866298675537,-0.3489958941936493,0.3463802635669708
0.5226890444755554,-0.21114760637283325,0.3236512243747711
0.4785545766353607,-0.20025773346424103,0.3236512243747711
0.5006217956542969,-0.20570267736911774,0.3009221851825714
0.5006217956542969,-0.20570267736911774,0.3463802635669708
0.3627735376358032,-0.19510027766227722,0.3236512243747711
0.3518836498260498,-0.23923471570014954,0.3236512243747711
0.3573285937309265,-0.21716749668121338,0.3009221851825714
0.3573285937309265,-0.21716749668121338,0.3463802635669708
0.3518836498260498,-0.23923471570014954,0.3463802635669708
0.3518836498260498,-0.23923471570014954,0.3009221851825714
0.3627735376358032,-0.19510027766227722,0.3009221851825714
0.4785545766353607,-0.20025773346424103,0.3463802635669708
0.4785545766353607,-0.20025773346424103,0.3009221851825714
0.5226890444755554,-0.21114760637283325,0.3009221851825714
0.5175315737724304,-0.32692867517471313,0.3463802635669708
0.5175315737724304,-0.32692867517471313,0.3009221851825714
0.506641685962677,-0.37106311321258545,0.3009221851825714
0.3908606469631195,-0.36590564250946045,0.3463802635669708
0.3908606469631195,-0.36590564250946045,0.3009221851825714
0.3467261791229248,-0.35501575469970703,0.3009221851825714
0.49546435475349426,-0.3214837312698364,0.1872769296169281
0.45132988691329956,-0.3105938732624054,0.1872769296169281
0.44043999910354614,-0.3547282814979553,0.1872769296169281
0.36306101083755493,-0.28881409764289856,0.36910930275917053
0.40719544887542725,-0.299703985452652,0.36910930275917053
0.3963055908679962,-0.3438384234905243,0.36910930275917053
0.45132988691329956,-0.3105938732624054,0.36910930275917053
0.49546435475349426,-0.3214837312698364,0.36910930275917053
0.48457446694374084,-0.36561816930770874,0.36910930275917053
0.473109632730484,-0.22232496738433838,0.36910930275917053
0.5172441005706787,-0.2332148402929306,0.36910930275917053
0.5063542127609253,-0.2773492932319641,0.36910930275917053
0.3848407566547394,-0.20054520666599274,0.36910930275917053
0.4289752244949341,-0.21143507957458496,0.36910930275917053
0.41808533668518066,-0.2555695176124573,0.36910930275917053
0.40719544887542725,-0.299703985452652,0.1872769296169281
0.36306101083755493,-0.28881409764289856,0.1872769296169281
0.3521711230278015,-0.3329485356807709,0.1872769296169281
0.4289752244949341,-0.21143507957458496,0.1872769296169281
0.3848407566547394,-0.20054520666599274,0.1872769296169281
0.37395089864730835,-0.24467965960502625,0.1872769296169281
0.5172441005706787,-0.2332148402929306,0.1872769296169281
0.473109632730484,-0.22232496738433838,0.1872769296169281
0.462219774723053,-0.2664594054222107,0.1872769296169281
0.3908606469631195,-0.36590564250946045,0.2554640769958496
0.3908606469631195,-0.36590564250946045,0.210005983710289
0.3467261791229248,-0.35501575469970703,0.210005983710289
0.47912952303886414,-0.3876853883266449,0.2554640769958496
0.47912952303886414,-0.3876853883266449,0.210005983710289
0.4349950850009918,-0.3767955005168915,0.210005983710289
0.47912952303886414,-0.3876853883266449,0.3463802635669708
0.47912952303886414,-0.3876853883266449,0.3009221851825714
0.4349950850009918,-0.3767955005168915,0.3009221851825714
0.5175315737724304,-0.32692867517471313,0.2554640769958496
0.5175315737724304,-0.32692867517471313,0.210005983710289
0.506641685962677,-0.37106311321258545,0.210005983710289
0.5393112897872925,-0.23865976929664612,0.2554640769958496
0.5393112897872925,-0.23865976929664612,0.210005983710289
0.5284214019775391,-0.28279420733451843,0.210005983710289
0.5393112897872925,-0.23865976929664612,0.3463802635669708
0.5393112897872925,-0.23865976929664612,0.3009221851825714
0.5284214019775391,-0.28279420733451843,0.3009221851825714
0.4785545766353607,-0.20025773346424103,0.2554640769958496
0.4785545766353607,-0.20025773346424103,0.210005983710289
0.5226890444755554,-0.21114760637283325,0.210005983710289
0.3902857005596161,-0.17847797274589539,0.2554640769958496
0.3902857005596161,-0.17847797274589539,0.210005983710289
0.4344201683998108,-0.1893678605556488,0.210005983710289
0.3902857005596161,-0.17847797274589539,0.3463802635669708
0.3902857005596161,-0.17847797274589539,0.3009221851825714
0.4344201683998108,-0.1893678605556488,0.3009221851825714
0.3518836498260498,-0.23923471570014954,0.2554640769958496
0.3518836498260498,-0.23923471570014954,0.210005983710289
0.3627735376358032,-0.19510027766227722,0.210005983710289
0.33010393381118774,-0.32750359177589417,0.2554640769958496
0.33010393381118774,-0.32750359177589417,0.210005983710289
0.3409937918186188,-0.28336918354034424,0.210005983710289
0.33010393381118774,-0.32750359177589417,0.3463802635669708
0.33010393381118774,-0.32750359177589417,0.3009221851825714
0.3409937918186188,-0.28336918354034424,0.3009221851825714
0.3409937918186188,-0.28336918354034424,0.3463802635669708
0.3409937918186188,-0.28336918354034424,0.2554640769958496
0.3627735376358032,-0.19510027766227722,0.2554640769958496
0.4344201683998108,-0.1893678605556488,0.3463802635669708
0.4344201683998108,-0.1893678605556488,0.2554640769958496
0.5226890444755554,-0.21114760637283325,0.2554640769958496
0.5284214019775391,-0.28279420733451843,0.3463802635669708
0.5284214019775391,-0.28279420733451843,0.2554640769958496
0.506641685962677,-0.37106311321258545,0.2554640769958496
0.4349950850009918,-0.3767955005168915,0.3463802635669708
0.4349950850009918,-0.3767955005168915,0.2554640769958496
0.3467261791229248,-0.35501575469970703,0.2554640769958496
0.5063542127609253,-0.2773492932319641,0.1872769296169281
0.41808533668518066,-0.2555695176124573,0.1872769296169281
0.3963055908679962,-0.3438384234905243,0.1872769296169281
0.37395089864730835,-0.24467965960502625,0.36910930275917053
0.462219774723053,-0.2664594054222107,0.36910930275917053
0.44043999910354614,-0.3547282814979553,0.36910930275917053
0.3521711230278015,-0.3329485356807709,0.36910930275917053
0.48457446694374084,-0.36561816930770874,0.1872769296169281
0.3467261791229248,-0.35501575469970703,0.3463802635669708
0.506641685962677,-0.37106311321258545,0.3463802635669708
0.5226890444755554,-0.21114760637283325,0.3463802635669708
0.3627735376358032,-0.19510027766227722,0.3463802635669708
