-0.08181142807006836,0.5669191479682922,0.003301437711343169
-0.08181142807006836,0.5669191479682922,0.27848848700523376
-0.08181142807006836,0.8421062231063843,0.003301437711343169
-0.08181142807006836,0.8421062231063843,0.27848848700523376
0.1933755874633789,0.5669191479682922,0.003301437711343169
0.1933755874633789,0.5669191479682922,0.27848848700523376
0.1933755874633789,0.8421062231063843,0.003301437711343169
0.1933755874633789,0.8421062231063843,0.27848848700523376
-0.08181142807006836,0.7045126557350159,0.003301437711343169
-0.08181142807006836,0.5669191479682922,0.14089494943618774
-0.08181142807006836,0.7045126557350159,0.27848848700523376
-0.08181142807006836,0.8421062231063843,0.14089494943618774
0.05578207969665527,0.8421062231063843,0.003301437711343169
0.05578207969665527,0.8421062231063843,0.27848848700523376
0.1933755874633789,0.8421062231063843,0.14089494943618774
0.1933755874633789,0.7045126557350159,0.003301437711343169
0.1933755874633789,0.7045126557350159,0.27848848700523376
0.1933755874633789,0.5669191479682922,0.14089494943618774
0.05578207969665527,0.5669191479682922,0.003301437711343169
0.05578207969665527,0.5669191479682922,0.27848848700523376
0.05578207969665527,0.7045126557350159,0.27848848700523376
0.05578207969665527,0.7045126557350159,0.003301437711343169
0.05578207969665527,0.5669191479682922,0.14089494943618774
0.1933755874633789,0.7045126557350159,0.14089494943618774
0.05578207969665527,0.8421062231063843,0.14089494943618774
-0.08181142807006836,0.7045126557350159,0.14089494943618774
-0.08181142807006836,0.6357158422470093,0.003301437711343169
-0.08181142807006836,0.5669191479682922,0.20969171822071075
-0.08181142807006836,0.7733094096183777,0.27848848700523376
-0.08181142807006836,0.8421062231063843,0.07209819555282593
-0.013014733791351318,0.8421062231063843,0.003301437711343169
0.12457883358001709,0.8421062231063843,0.27848848700523376
0.1933755874633789,0.8421062231063843,0.07209819555282593
0.1933755874633789,0.7733094096183777,0.003301437711343169
0.1933755874633789,0.6357158422470093,0.27848848700523376
0.1933755874633789,0.5669191479682922,0.07209819555282593
0.12457883358001709,0.5669191479682922,0.003301437711343169
-0.013014733791351318,0.5669191479682922,0.27848848700523376
-0.08181142807006836,0.7733094096183777,0.003301437711343169
-0.08181142807006836,0.5669191479682922,0.07209819555282593
-0.08181142807006836,0.6357158422470093,0.27848848700523376
-0.08181142807006836,0.8421062231063843,0.20969171822071075
0.12457883358001709,0.8421062231063843,0.003301437711343169
-0.013014733791351318,0.8421062231063843,0.27848848700523376
0.1933755874633789,0.8421062231063843,0.20969171822071075
0.1933755874633789,0.6357158422470093,0.003301437711343169
0.1933755874633789,0.7733094096183777,0.27848848700523376
0.1933755874633789,0.5669191479682922,0.20969171822071075
-0.013014733791351318,0.5669191479682922,0.003301437711343169
0.12457883358001709,0.5669191479682922,0.27848848700523376
0.05578207969665527,0.6357158422470093,0.27848848700523376
0.05578207969665527,0.7733094096183777,0.27848848700523376
0.12457883358001709,0.7045126557350159,0.27848848700523376
-0.013014733791351318,0.7045126557350159,0.27848848700523376
0.05578207969665527,0.6357158422470093,0.003301437711343169
0.05578207969665527,0.7733094096183777,0.003301437711343169
-0.013014733791351318,0.7045126557350159,0.003301437711343169
0.12457883358001709,0.7045126557350159,0.003301437711343169
-0.013014733791351318,0.5669191479682922,0.14089494943618774
0.12457883358001709,0.5669191479682922,0.14089494943618774
0.05578207969665527,0.5669191479682922,0.07209819555282593
0.05578207969665527,0.5669191479682922,0.20969171822071075
0.1933755874633789,0.6357158422470093,0.14089494943618774
0.1933755874633789,0.7733094096183777,0.14089494943618774
0.1933755874633789,0.7045126557350159,0.07209819555282593
0.1933755874633789,0.7045126557350159,0.20969171822071075
0.12457883358001709,0.8421062231063843,0.14089494943618774
-0.013014733791351318,0.8421062231063843,0.14089494943618774
0.05578207969665527,0.8421062231063843,0.07209819555282593
0.05578207969665527,0.8421062231063843,0.20969171822071075
-0.08181142807006836,0.7733094096183777,0.14089494943618774
-0.08181142807006836,0.6357158422470093,0.14089494943618774
-0.08181142807006836,0.7045126557350159,0.07209819555282593
-0.08181142807006836,0.7045126557350159,0.20969171822071075
-0.08181142807006836,0.6357158422470093,0.20969171822071075
-0.08181142807006836,0.6357158422470093,0.07209819555282593
-0.08181142807006836,0.7733094096183777,0.07209819555282593
-0.013014733791351318,0.8421062231063843,0.20969171822071075
-0.013014733791351318,0.8421062231063843,0.07209819555282593
0.12457883358001709,0.8421062231063843,0.07209819555282593
0.1933755874633789,0.7733094096183777,0.20969171822071075
0.1933755874633789,0.7733094096183777,0.07209819555282593
0.1933755874633789,0.6357158422470093,0.07209819555282593
0.12457883358001709,0.5669191479682922,0.20969171822071075
0.12457883358001709,0.5669191479682922,0.07209819555282593
-0.013014733791351318,0.5669191479682922,0.07209819555282593
0.12457883358001709,0.7733094096183777,0.003301437711343169
-0.013014733791351318,0.7733094096183777,0.003301437711343169
-0.013014733791351318,0.6357158422470093,0.003301437711343169
-0.013014733791351318,0.7733094096183777,0.27848848700523376
0.12457883358001709,0.7733094096183777,0.27848848700523376
0.12457883358001709,0.6357158422470093,0.27848848700523376
-0.013014733791351318,0.6357158422470093,0.27848848700523376
0.12457883358001709,0.6357158422470093,0.003301437711343169
-0.013014733791351318,0.5669191479682922,0.20969171822071075
0.1933755874633789,0.6357158422470093,0.20969171822071075
0.12457883358001709,0.8421062231063843,0.20969171822071075
-0.08181142807006836,0.7733094096183777,0.20969171822071075
-0.08181142807006836,0.6013175249099731,0.003301437711343169
-0.08181142807006836,0.5669191479682922,0.24409011006355286
-0.08181142807006836,0.8077077865600586,0.27848848700523376
-0.08181142807006836,0.8421062231063843,0.037699829787015915
-0.04741305112838745,0.8421062231063843,0.003301437711343169
0.158977210521698,0.8421062231063843,0.27848848700523376
0.1933755874633789,0.8421062231063843,0.037699829787015915
0.1933755874633789,0.8077077865600586,0.003301437711343169
0.1933755874633789,0.6013175249099731,0.27848848700523376
0.1933755874633789,0.5669191479682922,0.037699829787015915
0.158977210521698,0.5669191479682922,0.003301437711343169
-0.04741305112838745,0.5669191479682922,0.27848848700523376
-0.08181142807006836,0.7389110326766968,0.003301437711343169
-0.08181142807006836,0.5669191479682922,0.10649658739566803
-0.08181142807006836,0.670114278793335,0.27848848700523376
-0.08181142807006836,0.8421062231063843,0.17529334127902985
0.09018045663833618,0.8421062231063843,0.003301437711343169
0.021383702754974365,0.8421062231063843,0.27848848700523376
0.1933755874633789,0.8421062231063843,0.17529334127902985
0.1933755874633789,0.670114278793335,0.003301437711343169
0.1933755874633789,0.7389110326766968,0.27848848700523376
0.1933755874633789,0.5669191479682922,0.17529334127902985
0.021383702754974365,0.5669191479682922,0.003301437711343169
0.09018045663833618,0.5669191479682922,0.27848848700523376
0.05578207969665527,0.6013175249099731,0.27848848700523376
0.05578207969665527,0.7389110326766968,0.27848848700523376
0.158977210521698,0.7045126557350159,0.27848848700523376
0.021383702754974365,0.7045126557350159,0.27848848700523376
0.05578207969665527,0.6013175249099731,0.003301437711343169
0.05578207969665527,0.7389110326766968,0.003301437711343169
-0.04741305112838745,0.7045126557350159,0.003301437711343169
0.09018045663833618,0.7045126557350159,0.003301437711343169
-0.04741305112838745,0.5669191479682922,0.14089494943618774
0.09018045663833618,0.5669191479682922,0.14089494943618774
0.05578207969665527,0.5669191479682922,0.037699829787015915
0.05578207969665527,0.5669191479682922,0.17529334127902985
0.1933755874633789,0.6013175249099731,0.14089494943618774
0.1933755874633789,0.7389110326766968,0.14089494943618774
0.1933755874633789,0.7045126557350159,0.037699829787015915
0.1933755874633789,0.7045126557350159,0.17529334127902985
0.158977210521698,0.8421062231063843,0.14089494943618774
0.021383702754974365,0.8421062231063843,0.14089494943618774
0.05578207969665527,0.8421062231063843,0.037699829787015915
0.05578207969665527,0.8421062231063843,0.17529334127902985
-0.08181142807006836,0.8077077865600586,0.14089494943618774
-0.08181142807006836,0.670114278793335,0.14089494943618774
-0.08181142807006836,0.7045126557350159,0.037699829787015915
-0.08181142807006836,0.7045126557350159,0.17529334127902985
-0.08181142807006836,0.670114278793335,0.003301437711343169
-0.08181142807006836,0.5669191479682922,0.17529334127902985
-0.08181142807006836,0.7389110326766968,0.27848848700523376
-0.08181142807006836,0.8421062231063843,0.10649658739566803
0.021383702754974365,0.8421062231063843,0.003301437711343169
0.09018045663833618,0.8421062231063843,0.27848848700523376
0.1933755874633789,0.8421062231063843,0.10649658739566803
0.1933755874633789,0.7389110326766968,0.003301437711343169
0.1933755874633789,0.670114278793335,0.27848848700523376
0.1933755874633789,0.5669191479682922,0.10649658739566803
0.09018045663833618,0.5669191479682922,0.003301437711343169
0.021383702754974365,0.5669191479682922,0.27848848700523376
-0.08181142807006836,0.8077077865600586,0.003301437711343169
-0.08181142807006836,0.5669191479682922,0.037699829787015915
-0.08181142807006836,0.6013175249099731,0.27848848700523376
-0.08181142807006836,0.8421062231063843,0.24409011006355286
0.158977210521698,0.8421062231063843,0.003301437711343169
-0.04741305112838745,0.8421062231063843,0.27848848700523376
0.1933755874633789,0.8421062231063843,0.24409011006355286
0.1933755874633789,0.6013175249099731,0.003301437711343169
0.1933755874633789,0.8077077865600586,0.27848848700523376
0.1933755874633789,0.5669191479682922,0.24409011006355286
-0.04741305112838745,0.5669191479682922,0.003301437711343169
0.158977210521698,0.5669191479682922,0.27848848700523376
0.05578207969665527,0.670114278793335,0.27848848700523376
0.05578207969665527,0.8077077865600586,0.27848848700523376
0.09018045663833618,0.7045126557350159,0.27848848700523376
-0.04741305112838745,0.7045126557350159,0.27848848700523376
0.05578207969665527,0.670114278793335,0.003301437711343169
0.05578207969665527,0.8077077865600586,0.003301437711343169
0.021383702754974365,0.7045126557350159,0.003301437711343169
0.158977210521698,0.7045126557350159,0.003301437711343169
0.021383702754974365,0.5669191479682922,0.14089494943618774
0.158977210521698,0.5669191479682922,0.14089494943618774
0.05578207969665527,0.5669191479682922,0.10649658739566803
0.05578207969665527,0.5669191479682922,0.24409011006355286
0.1933755874633789,0.670114278793335,0.14089494943618774
0.1933755874633789,0.8077077865600586,0.14089494943618774
0.1933755874633789,0.7045126557350159,0.10649658739566803
0.1933755874633789,0.7045126557350159,0.24409011006355286
0.09018045663833618,0.8421062231063843,0.14089494943618774
-0.04741305112838745,0.8421062231063843,0.14089494943618774
0.05578207969665527,0.8421062231063843,0.10649658739566803
0.05578207969665527,0.8421062231063843,0.24409011006355286
-0.08181142807006836,0.7389110326766968,0.14089494943618774
-0.08181142807006836,0.6013175249099731,0.14089494943618774
-0.08181142807006836,0.7045126557350159,0.10649658739566803
-0.08181142807006836,0.7045126557350159,0.24409011006355286
-0.08181142807006836,0.670114278793335,0.20969171822071075
-0.08181142807006836,0.6013175249099731,0.20969171822071075
-0.08181142807006836,0.6357158422470093,0.17529334127902985
-0.08181142807006836,0.6357158422470093,0.24409011006355286
-0.08181142807006836,0.670114278793335,0.07209819555282593
-0.08181142807006836,0.6013175249099731,0.07209819555282593
-0.08181142807006836,0.6357158422470093,0.037699829787015915
-0.08181142807006836,0.6357158422470093,0.10649658739566803
-0.08181142807006836,0.8077077865600586,0.07209819555282593
-0.08181142807006836,0.7389110326766968,0.07209819555282593
-0.08181142807006836,0.7733094096183777,0.037699829787015915
-0.08181142807006836,0.7733094096183777,0.10649658739566803
0.021383702754974365,0.8421062231063843,0.20969171822071075
-0.04741305112838745,0.8421062231063843,0.20969171822071075
-0.013014733791351318,0.8421062231063843,0.17529334127902985
-0.013014733791351318,0.8421062231063843,0.24409011006355286
0.021383702754974365,0.8421062231063843,0.07209819555282593
-0.04741305112838745,0.8421062231063843,0.07209819555282593
-0.013014733791351318,0.8421062231063843,0.037699829787015915
-0.013014733791351318,0.8421062231063843,0.10649658739566803
0.158977210521698,0.8421062231063843,0.07209819555282593
0.09018045663833618,0.8421062231063843,0.07209819555282593
0.12457883358001709,0.8421062231063843,0.037699829787015915
0.12457883358001709,0.8421062231063843,0.10649658739566803
0.1933755874633789,0.7389110326766968,0.20969171822071075
0.1933755874633789,0.8077077865600586,0.20969171822071075
0.1933755874633789,0.7733094096183777,0.17529334127902985
0.1933755874633789,0.7733094096183777,0.24409011006355286
0.1933755874633789,0.7389110326766968,0.07209819555282593
0.1933755874633789,0.8077077865600586,0.07209819555282593
0.1933755874633789,0.7733094096183777,0.037699829787015915
0.1933755874633789,0.7733094096183777,0.10649658739566803
0.1933755874633789,0.6013175249099731,0.07209819555282593
0.1933755874633789,0.670114278793335,0.07209819555282593
0.1933755874633789,0.6357158422470093,0.037699829787015915
0.1933755874633789,0.6357158422470093,0.10649658739566803
0.09018045663833618,0.5669191479682922,0.20969171822071075
0.158977210521698,0.5669191479682922,0.20969171822071075
0.12457883358001709,0.5669191479682922,0.17529334127902985
0.12457883358001709,0.5669191479682922,0.24409011006355286
0.09018045663833618,0.5669191479682922,0.07209819555282593
0.158977210521698,0.5669191479682922,0.07209819555282593
0.12457883358001709,0.5669191479682922,0.037699829787015915
0.12457883358001709,0.5669191479682922,0.10649658739566803
-0.04741305112838745,0.5669191479682922,0.07209819555282593
0.021383702754974365,0.5669191479682922,0.07209819555282593
-0.013014733791351318,0.5669191479682922,0.037699829787015915
-0.013014733791351318,0.5669191479682922,0.10649658739566803
0.12457883358001709,0.7389110326766968,0.003301437711343169
0.12457883358001709,0.8077077865600586,0.003301437711343169
0.09018045663833618,0.7733094096183777,0.003301437711343169
0.158977210521698,0.7733094096183777,0.003301437711343169
-0.013014733791351318,0.7389110326766968,0.003301437711343169
-0.013014733791351318,0.8077077865600586,0.003301437711343169
-0.04741305112838745,0.7733094096183777,0.003301437711343169
0.021383702754974365,0.7733094096183777,0.003301437711343169
-0.013014733791351318,0.6013175249099731,0.003301437711343169
-0.013014733791351318,0.670114278793335,0.003301437711343169
-0.04741305112838745,0.6357158422470093,0.003301437711343169
0.021383702754974365,0.6357158422470093,0.003301437711343169
-0.013014733791351318,0.7389110326766968,0.27848848700523376
-0.013014733791351318,0.8077077865600586,0.27848848700523376
0.021383702754974365,0.7733094096183777,0.27848848700523376
-0.04741305112838745,0.7733094096183777,0.27848848700523376
0.12457883358001709,0.7389110326766968,0.27848848700523376
0.12457883358001709,0.8077077865600586,0.27848848700523376
0.158977210521698,0.7733094096183777,0.27848848700523376
0.09018045663833618,0.7733094096183777,0.27848848700523376
0.12457883358001709,0.6013175249099731,0.27848848700523376
0.12457883358001709,0.670114278793335,0.27848848700523376
0.158977210521698,0.6357158422470093,0.27848848700523376
0.09018045663833618,0.6357158422470093,0.27848848700523376
-0.013014733791351318,0.6013175249099731,0.27848848700523376
-0.013014733791351318,0.670114278793335,0.27848848700523376
0.021383702754974365,0.6357158422470093,0.27848848700523376
-0.04741305112838745,0.6357158422470093,0.27848848700523376
0.12457883358001709,0.6013175249099731,0.003301437711343169
0.12457883358001709,0.670114278793335,0.003301437711343169
0.09018045663833618,0.6357158422470093,0.003301437711343169
0.158977210521698,0.6357158422470093,0.003301437711343169
-0.04741305112838745,0.5669191479682922,0.20969171822071075
0.021383702754974365,0.5669191479682922,0.20969171822071075
-0.013014733791351318,0.5669191479682922,0.17529334127902985
-0.013014733791351318,0.5669191479682922,0.24409011006355286
0.1933755874633789,0.6013175249099731,0.20969171822071075
0.1933755874633789,0.670114278793335,0.20969171822071075
0.1933755874633789,0.6357158422470093,0.17529334127902985
0.1933755874633789,0.6357158422470093,0.24409011006355286
0.158977210521698,0.8421062231063843,0.20969171822071075
0.09018045663833618,0.8421062231063843,0.20969171822071075
0.12457883358001709,0.8421062231063843,0.17529334127902985
0.12457883358001709,0.8421062231063843,0.24409011006355286
-0.08181142807006836,0.8077077865600586,0.20969171822071075
-0.08181142807006836,0.7389110326766968,0.20969171822071075
-0.08181142807006836,0.7733094096183777,0.17529334127902985
-0.08181142807006836,0.7733094096183777,0.24409011006355286
-0.08181142807006836,0.7389110326766968,0.24409011006355286
-0.08181142807006836,0.7389110326766968,0.17529334127902985
-0.08181142807006836,0.8077077865600586,0.17529334127902985
0.09018045663833618,0.8421062231063843,0.24409011006355286
0.09018045663833618,0.8421062231063843,0.17529334127902985
0.158977210521698,0.8421062231063843,0.17529334127902985
0.1933755874633789,0.670114278793335,0.24409011006355286
0.1933755874633789,0.670114278793335,0.17529334127902985
0.1933755874633789,0.6013175249099731,0.17529334127902985
0.021383702754974365,0.5669191479682922,0.24409011006355286
0.021383702754974365,0.5669191479682922,0.17529334127902985
-0.04741305112838745,0.5669191479682922,0.17529334127902985
0.158977210521698,0.670114278793335,0.003301437711343169
0.09018045663833618,0.670114278793335,0.003301437711343169
0.09018045663833618,0.6013175249099731,0.003301437711343169
-0.04741305112838745,0.670114278793335,0.27848848700523376
0.021383702754974365,0.670114278793335,0.27848848700523376
0.021383702754974365,0.6013175249099731,0.27848848700523376
0.09018045663833618,0.670114278793335,0.27848848700523376
0.158977210521698,0.670114278793335,0.27848848700523376
0.158977210521698,0.6013175249099731,0.27848848700523376
0.09018045663833618,0.8077077865600586,0.27848848700523376
0.158977210521698,0.8077077865600586,0.27848848700523376
0.158977210521698,0.7389110326766968,0.27848848700523376
-0.04741305112838745,0.8077077865600586,0.27848848700523376
0.021383702754974365,0.8077077865600586,0.27848848700523376
0.021383702754974365,0.7389110326766968,0.27848848700523376
0.021383702754974365,0.670114278793335,0.003301437711343169
-0.04741305112838745,0.670114278793335,0.003301437711343169
-0.04741305112838745,0.6013175249099731,0.003301437711343169
0.021383702754974365,0.8077077865600586,0.003301437711343169
-0.04741305112838745,0.8077077865600586,0.003301437711343169
-0.04741305112838745,0.7389110326766968,0.003301437711343169
0.158977210521698,0.8077077865600586,0.003301437711343169
0.09018045663833618,0.8077077865600586,0.003301437711343169
0.09018045663833618,0.7389110326766968,0.003301437711343169
0.021383702754974365,0.5669191479682922,0.10649658739566803
0.021383702754974365,0.5669191479682922,0.037699829787015915
-0.04741305112838745,0.5669191479682922,0.037699829787015915
0.158977210521698,0.5669191479682922,0.10649658739566803
0.158977210521698,0.5669191479682922,0.037699829787015915
0.09018045663833618,0.5669191479682922,0.037699829787015915
0.158977210521698,0.5669191479682922,0.24409011006355286
0.158977210521698,0.5669191479682922,0.17529334127902985
0.09018045663833618,0.5669191479682922,0.17529334127902985
0.1933755874633789,0.670114278793335,0.10649658739566803
0.1933755874633789,0.670114278793335,0.037699829787015915
0.1933755874633789,0.6013175249099731,0.037699829787015915
0.1933755874633789,0.8077077865600586,0.10649658739566803
0.1933755874633789,0.8077077865600586,0.037699829787015915
0.1933755874633789,0.7389110326766968,0.037699829787015915
0.1933755874633789,0.8077077865600586,0.24409011006355286
0.1933755874633789,0.8077077865600586,0.17529334127902985
0.1933755874633789,0.7389110326766968,0.17529334127902985
0.09018045663833618,0.8421062231063843,0.10649658739566803
0.09018045663833618,0.8421062231063843,0.037699829787015915
0.158977210521698,0.8421062231063843,0.037699829787015915
-0.04741305112838745,0.8421062231063843,0.10649658739566803
-0.04741305112838745,0.8421062231063843,0.037699829787015915
0.021383702754974365,0.8421062231063843,0.037699829787015915
-0.04741305112838745,0.8421062231063843,0.24409011006355286
-0.04741305112838745,0.8421062231063843,0.17529334127902985
0.021383702754974365,0.8421062231063843,0.17529334127902985
-0.08181142807006836,0.7389110326766968,0.10649658739566803
-0.08181142807006836,0.7389110326766968,0.037699829787015915
-0.08181142807006836,0.8077077865600586,0.037699829787015915
-0.08181142807006836,0.6013175249099731,0.10649658739566803
-0.08181142807006836,0.6013175249099731,0.037699829787015915
-0.08181142807006836,0.670114278793335,0.037699829787015915
-0.08181142807006836,0.6013175249099731,0.24409011006355286
-0.08181142807006836,0.6013175249099731,0.17529334127902985
-0.08181142807006836,0.670114278793335,0.17529334127902985
-0.08181142807006836,0.670114278793335,0.24409011006355286
-0.08181142807006836,0.670114278793335,0.10649658739566803
-0.08181142807006836,0.8077077865600586,0.10649658739566803
0.021383702754974365,0.8421062231063843,0.24409011006355286
0.021383702754974365,0.8421062231063843,0.10649658739566803
0.158977210521698,0.8421062231063843,0.10649658739566803
0.1933755874633789,0.7389110326766968,0.24409011006355286
0.1933755874633789,0.7389110326766968,0.10649658739566803
0.1933755874633789,0.6013175249099731,0.10649658739566803
0.09018045663833618,0.5669191479682922,0.24409011006355286
0.09018045663833618,0.5669191479682922,0.10649658739566803
-0.04741305112838745,0.5669191479682922,0.10649658739566803
0.158977210521698,0.7389110326766968,0.003301437711343169
0.021383702754974365,0.7389110326766968,0.003301437711343169
0.021383702754974365,0.6013175249099731,0.003301437711343169
-0.04741305112838745,0.7389110326766968,0.27848848700523376
0.09018045663833618,0.7389110326766968,0.27848848700523376
0.09018045663833618,0.6013175249099731,0.27848848700523376
-0.04741305112838745,0.6013175249099731,0.27848848700523376
0.158977210521698,0.6013175249099731,0.003301437711343169
-0.04741305112838745,0.5669191479682922,0.24409011006355286
0.1933755874633789,0.6013175249099731,0.24409011006355286
0.158977210521698,0.8421062231063843,0.24409011006355286
-0.08181142807006836,0.8077077865600586,0.24409011006355286
-0.11076650023460388,0.6038873195648193,0.2834268808364868
-0.11076650023460388,0.6038873195648193,0.5586138963699341
-0.044843077659606934,0.8710614442825317,0.2834268808364868
-0.044843077659606934,0.8710614442825317,0.5586138963699341
0.15640759468078613,0.5379639267921448,0.2834268808364868
0.15640759468078613,0.5379639267921448,0.5586138963699341
0.2223309874534607,0.8051379919052124,0.2834268808364868
0.2223309874534607,0.8051379919052124,0.5586138963699341
-0.0778048038482666,0.7374743223190308,0.2834268808364868
-0.11076650023460388,0.6038873195648193,0.42102038860321045
-0.0778048038482666,0.7374743223190308,0.5586138963699341
-0.044843077659606934,0.8710614442825317,0.42102038860321045
0.08874398469924927,0.8380997180938721,0.2834268808364868
0.08874398469924927,0.8380997180938721,0.5586138963699341
0.2223309874534607,0.8051379919052124,0.42102038860321045
0.18936938047409058,0.671550989151001,0.2834268808364868
0.18936938047409058,0.671550989151001,0.5586138963699341
0.15640759468078613,0.5379639267921448,0.42102038860321045
0.02282053232192993,0.5709255933761597,0.2834268808364868
0.02282053232192993,0.5709255933761597,0.5586138963699341
0.0557822585105896,0.7045126557350159,0.5586138963699341
0.0557822585105896,0.7045126557350159,0.2834268808364868
0.02282053232192993,0.5709255933761597,0.42102038860321045
0.18936938047409058,0.671550989151001,0.42102038860321045
0.08874398469924927,0.8380997180938721,0.42102038860321045
-0.0778048038482666,0.7374743223190308,0.42102038860321045
-0.09428566694259644,0.6706808805465698,0.2834268808364868
-0.11076650023460388,0.6038873195648193,0.48981717228889465
-0.06132394075393677,0.8042678833007812,0.5586138963699341
-0.044843077659606934,0.8710614442825317,0.35222363471984863
0.02195042371749878,0.8545805811882019,0.2834268808364868
0.15553748607635498,0.8216188549995422,0.5586138963699341
0.2223309874534607,0.8051379919052124,0.35222363471984863
0.20585012435913086,0.7383444309234619,0.2834268808364868
0.17288845777511597,0.6047573685646057,0.5586138963699341
0.15640759468078613,0.5379639267921448,0.35222363471984863
0.08961409330368042,0.5544447302818298,0.2834268808364868
-0.04397296905517578,0.5874064564704895,0.5586138963699341
-0.06132394075393677,0.8042678833007812,0.2834268808364868
-0.11076650023460388,0.6038873195648193,0.35222363471984863
-0.09428566694259644,0.6706808805465698,0.5586138963699341
-0.044843077659606934,0.8710614442825317,0.48981717228889465
0.15553748607635498,0.8216188549995422,0.2834268808364868
0.02195042371749878,0.8545805811882019,0.5586138963699341
0.2223309874534607,0.8051379919052124,0.48981717228889465
0.17288845777511597,0.6047573685646057,0.2834268808364868
0.20585012435913086,0.7383444309234619,0.5586138963699341
0.15640759468078613,0.5379639267921448,0.48981717228889465
-0.04397296905517578,0.5874064564704895,0.2834268808364868
0.08961409330368042,0.5544447302818298,0.5586138963699341
0.039301395416259766,0.6377190947532654,0.5586138963699341
0.07226312160491943,0.7713061571121216,0.5586138963699341
0.12257581949234009,0.688031792640686,0.5586138963699341
-0.011011242866516113,0.7209935188293457,0.5586138963699341
0.039301395416259766,0.6377190947532654,0.2834268808364868
0.07226312160491943,0.7713061571121216,0.2834268808364868
-0.011011242866516113,0.7209935188293457,0.2834268808364868
0.12257581949234009,0.688031792640686,0.2834268808364868
-0.04397296905517578,0.5874064564704895,0.42102038860321045
0.08961409330368042,0.5544447302818298,0.42102038860321045
0.02282053232192993,0.5709255933761597,0.35222363471984863
0.02282053232192993,0.5709255933761597,0.48981717228889465
0.17288845777511597,0.6047573685646057,0.42102038860321045
0.20585012435913086,0.7383444309234619,0.42102038860321045
0.18936938047409058,0.671550989151001,0.35222363471984863
0.18936938047409058,0.671550989151001,0.48981717228889465
0.15553748607635498,0.8216188549995422,0.42102038860321045
0.02195042371749878,0.8545805811882019,0.42102038860321045
0.08874398469924927,0.8380997180938721,0.35222363471984863
0.08874398469924927,0.8380997180938721,0.48981717228889465
-0.06132394075393677,0.8042678833007812,0.42102038860321045
-0.09428566694259644,0.6706808805465698,0.42102038860321045
-0.0778048038482666,0.7374743223190308,0.35222363471984863
-0.0778048038482666,0.7374743223190308,0.48981717228889465
-0.09428566694259644,0.6706808805465698,0.48981717228889465
-0.09428566694259644,0.6706808805465698,0.35222363471984863
-0.06132394075393677,0.8042678833007812,0.35222363471984863
0.02195042371749878,0.8545805811882019,0.48981717228889465
0.02195042371749878,0.8545805811882019,0.35222363471984863
0.15553748607635498,0.8216188549995422,0.35222363471984863
0.20585012435913086,0.7383444309234619,0.48981717228889465
0.20585012435913086,0.7383444309234619,0.35222363471984863
0.17288845777511597,0.6047573685646057,0.35222363471984863
0.08961409330368042,0.5544447302818298,0.48981717228889465
0.08961409330368042,0.5544447302818298,0.35222363471984863
-0.04397296905517578,0.5874064564704895,0.35222363471984863
0.13905668258666992,0.7548253536224365,0.2834268808364868
0.005469560623168945,0.7877870202064514,0.2834268808364868
-0.027492165565490723,0.6541999578475952,0.2834268808364868
0.005469560623168945,0.7877870202064514,0.5586138963699341
0.13905668258666992,0.7548253536224365,0.5586138963699341
0.10609495639801025,0.6212382912635803,0.5586138963699341
-0.027492165565490723,0.6541999578475952,0.5586138963699341
0.10609495639801025,0.6212382912635803,0.2834268808364868
-0.04397296905517578,0.5874064564704895,0.48981717228889465
0.17288845777511597,0.6047573685646057,0.48981717228889465
0.15553748607635498,0.8216188549995422,0.48981717228889465
-0.06132394075393677,0.8042678833007812,0.48981717228889465
-0.10252606868743896,0.6372840404510498,0.2834268808364868
-0.11076650023460388,0.6038873195648193,0.524215579032898
-0.05308353900909424,0.8376646041870117,0.5586138963699341
-0.044843077659606934,0.8710614442825317,0.3178252875804901
-0.011446356773376465,0.8628209829330444,0.2834268808364868
0.18893426656723022,0.8133784532546997,0.5586138963699341
0.2223309874534607,0.8051379919052124,0.3178252875804901
0.21409058570861816,0.7717412710189819,0.2834268808364868
0.16464805603027344,0.5713606476783752,0.5586138963699341
0.15640759468078613,0.5379639267921448,0.3178252875804901
0.12301087379455566,0.5462043285369873,0.2834268808364868
-0.07736974954605103,0.595646858215332,0.5586138963699341
-0.06956440210342407,0.7708711624145508,0.2834268808364868
-0.11076650023460388,0.6038873195648193,0.38662204146385193
-0.08604520559310913,0.7040775418281555,0.5586138963699341
-0.044843077659606934,0.8710614442825317,0.45541882514953613
0.12214070558547974,0.8298592567443848,0.2834268808364868
0.0553472638130188,0.8463401794433594,0.5586138963699341
0.2223309874534607,0.8051379919052124,0.45541882514953613
0.18112891912460327,0.638154149055481,0.2834268808364868
0.19760972261428833,0.7049477100372314,0.5586138963699341
0.15640759468078613,0.5379639267921448,0.45541882514953613
-0.010576188564300537,0.5791659951210022,0.2834268808364868
0.056217312812805176,0.5626851916313171,0.5586138963699341
0.031060993671417236,0.6043223738670349,0.5586138963699341
0.0640227198600769,0.7379094362258911,0.5586138963699341
0.15597254037857056,0.6797913908958435,0.5586138963699341
0.022385478019714355,0.7127530574798584,0.5586138963699341
0.031060993671417236,0.6043223738670349,0.2834268808364868
0.0640227198600769,0.7379094362258911,0.2834268808364868
-0.04440802335739136,0.7292339205741882,0.2834268808364868
0.08917903900146484,0.6962722539901733,0.2834268808364868
-0.07736974954605103,0.595646858215332,0.42102038860321045
0.056217312812805176,0.5626851916313171,0.42102038860321045
0.02282053232192993,0.5709255933761597,0.3178252875804901
0.02282053232192993,0.5709255933761597,0.45541882514953613
0.16464805603027344,0.5713606476783752,0.42102038860321045
0.19760972261428833,0.7049477100372314,0.42102038860321045
0.18936938047409058,0.671550989151001,0.3178252875804901
0.18936938047409058,0.671550989151001,0.45541882514953613
0.18893426656723022,0.8133784532546997,0.42102038860321045
0.0553472638130188,0.8463401794433594,0.42102038860321045
0.08874398469924927,0.8380997180938721,0.3178252875804901
0.08874398469924927,0.8380997180938721,0.45541882514953613
-0.05308353900909424,0.8376646041870117,0.42102038860321045
-0.08604520559310913,0.7040775418281555,0.42102038860321045
-0.0778048038482666,0.7374743223190308,0.3178252875804901
-0.0778048038482666,0.7374743223190308,0.45541882514953613
-0.08604520559310913,0.7040775418281555,0.2834268808364868
-0.11076650023460388,0.6038873195648193,0.45541882514953613
-0.06956440210342407,0.7708711624145508,0.5586138963699341
-0.044843077659606934,0.8710614442825317,0.38662204146385193
0.0553472638130188,0.8463401794433594,0.2834268808364868
0.12214070558547974,0.8298592567443848,0.5586138963699341
0.2223309874534607,0.8051379919052124,0.38662204146385193
0.19760972261428833,0.7049477100372314,0.2834268808364868
0.18112891912460327,0.638154149055481,0.5586138963699341
0.15640759468078613,0.5379639267921448,0.38662204146385193
0.056217312812805176,0.5626851916313171,0.2834268808364868
-0.010576188564300537,0.5791659951210022,0.5586138963699341
-0.05308353900909424,0.8376646041870117,0.2834268808364868
-0.11076650023460388,0.6038873195648193,0.3178252875804901
-0.10252606868743896,0.6372840404510498,0.5586138963699341
-0.044843077659606934,0.8710614442825317,0.524215579032898
0.18893426656723022,0.8133784532546997,0.2834268808364868
-0.011446356773376465,0.8628209829330444,0.5586138963699341
0.2223309874534607,0.8051379919052124,0.524215579032898
0.16464805603027344,0.5713606476783752,0.2834268808364868
0.21409058570861816,0.7717412710189819,0.5586138963699341
0.15640759468078613,0.5379639267921448,0.524215579032898
-0.07736974954605103,0.595646858215332,0.2834268808364868
0.12301087379455566,0.5462043285369873,0.5586138963699341
0.047541797161102295,0.6711158752441406,0.5586138963699341
0.08050352334976196,0.8047029376029968,0.5586138963699341
0.08917903900146484,0.6962722539901733,0.5586138963699341
-0.04440802335739136,0.7292339205741882,0.5586138963699341
0.047541797161102295,0.6711158752441406,0.2834268808364868
0.08050352334976196,0.8047029376029968,0.2834268808364868
0.022385478019714355,0.7127530574798584,0.2834268808364868
0.15597254037857056,0.6797913908958435,0.2834268808364868
-0.010576188564300537,0.5791659951210022,0.42102038860321045
0.12301087379455566,0.5462043285369873,0.42102038860321045
0.02282053232192993,0.5709255933761597,0.38662204146385193
0.02282053232192993,0.5709255933761597,0.524215579032898
0.18112891912460327,0.638154149055481,0.42102038860321045
0.21409058570861816,0.7717412710189819,0.42102038860321045
0.18936938047409058,0.671550989151001,0.38662204146385193
0.18936938047409058,0.671550989151001,0.524215579032898
0.12214070558547974,0.8298592567443848,0.42102038860321045
-0.011446356773376465,0.8628209829330444,0.42102038860321045
0.08874398469924927,0.8380997180938721,0.38662204146385193
0.08874398469924927,0.8380997180938721,0.524215579032898
-0.06956440210342407,0.7708711624145508,0.42102038860321045
-0.10252606868743896,0.6372840404510498,0.42102038860321045
-0.0778048038482666,0.7374743223190308,0.38662204146385193
-0.0778048038482666,0.7374743223190308,0.524215579032898
-0.08604520559310913,0.7040775418281555,0.48981717228889465
-0.10252606868743896,0.6372840404510498,0.48981717228889465
-0.09428566694259644,0.6706808805465698,0.45541882514953613
-0.09428566694259644,0.6706808805465698,0.524215579032898
-0.08604520559310913,0.7040775418281555,0.35222363471984863
-0.10252606868743896,0.6372840404510498,0.35222363471984863
-0.09428566694259644,0.6706808805465698,0.3178252875804901
-0.09428566694259644,0.6706808805465698,0.38662204146385193
-0.05308353900909424,0.8376646041870117,0.35222363471984863
-0.06956440210342407,0.7708711624145508,0.35222363471984863
-0.06132394075393677,0.8042678833007812,0.3178252875804901
-0.06132394075393677,0.8042678833007812,0.38662204146385193
0.0553472638130188,0.8463401794433594,0.48981717228889465
-0.011446356773376465,0.8628209829330444,0.48981717228889465
0.02195042371749878,0.8545805811882019,0.45541882514953613
0.02195042371749878,0.8545805811882019,0.524215579032898
0.0553472638130188,0.8463401794433594,0.35222363471984863
-0.011446356773376465,0.8628209829330444,0.35222363471984863
0.02195042371749878,0.8545805811882019,0.3178252875804901
0.02195042371749878,0.8545805811882019,0.38662204146385193
0.18893426656723022,0.8133784532546997,0.35222363471984863
0.12214070558547974,0.8298592567443848,0.35222363471984863
0.15553748607635498,0.8216188549995422,0.3178252875804901
0.15553748607635498,0.8216188549995422,0.38662204146385193
0.19760972261428833,0.7049477100372314,0.48981717228889465
0.21409058570861816,0.7717412710189819,0.48981717228889465
0.20585012435913086,0.7383444309234619,0.45541882514953613
0.20585012435913086,0.7383444309234619,0.524215579032898
0.19760972261428833,0.7049477100372314,0.35222363471984863
0.21409058570861816,0.7717412710189819,0.35222363471984863
0.20585012435913086,0.7383444309234619,0.3178252875804901
0.20585012435913086,0.7383444309234619,0.38662204146385193
0.16464805603027344,0.5713606476783752,0.35222363471984863
0.18112891912460327,0.638154149055481,0.35222363471984863
0.17288845777511597,0.6047573685646057,0.3178252875804901
0.17288845777511597,0.6047573685646057,0.38662204146385193
0.056217312812805176,0.5626851916313171,0.48981717228889465
0.12301087379455566,0.5462043285369873,0.48981717228889465
0.08961409330368042,0.5544447302818298,0.45541882514953613
0.08961409330368042,0.5544447302818298,0.524215579032898
0.056217312812805176,0.5626851916313171,0.35222363471984863
0.12301087379455566,0.5462043285369873,0.35222363471984863
0.08961409330368042,0.5544447302818298,0.3178252875804901
0.08961409330368042,0.5544447302818298,0.38662204146385193
-0.07736974954605103,0.595646858215332,0.35222363471984863
-0.010576188564300537,0.5791659951210022,0.35222363471984863
-0.04397296905517578,0.5874064564704895,0.3178252875804901
-0.04397296905517578,0.5874064564704895,0.38662204146385193
0.1308162808418274,0.7214285135269165,0.2834268808364868
0.14729708433151245,0.788222074508667,0.2834268808364868
0.1056598424911499,0.763065755367279,0.2834268808364868
0.1724534034729004,0.7465848922729492,0.2834268808364868
-0.0027709007263183594,0.754390299320221,0.2834268808364868
0.01371002197265625,0.8211838006973267,0.2834268808364868
-0.0279272198677063,0.796027421951294,0.2834268808364868
0.03886634111404419,0.7795466184616089,0.2834268808364868
-0.03573256731033325,0.62080317735672,0.2834268808364868
-0.019251704216003418,0.6875967383384705,0.2834268808364868
-0.06088888645172119,0.6624404191970825,0.2834268808364868
0.005904674530029297,0.6459594964981079,0.2834268808364868
-0.0027709007263183594,0.754390299320221,0.5586138963699341
0.01371002197265625,0.8211838006973267,0.5586138963699341
0.03886634111404419,0.7795466184616089,0.5586138963699341
-0.0279272198677063,0.796027421951294,0.5586138963699341
0.1308162808418274,0.7214285135269165,0.5586138963699341
0.14729708433151245,0.788222074508667,0.5586138963699341
0.1724534034729004,0.7465848922729492,0.5586138963699341
0.1056598424911499,0.763065755367279,0.5586138963699341
0.09785449504852295,0.5878415107727051,0.5586138963699341
0.11433541774749756,0.6546350717544556,0.5586138963699341
0.1394917368888855,0.612997829914093,0.5586138963699341
0.07269817590713501,0.6294786930084229,0.5586138963699341
-0.03573256731033325,0.62080317735672,0.5586138963699341
-0.019251704216003418,0.6875967383384705,0.5586138963699341
0.005904674530029297,0.6459594964981079,0.5586138963699341
-0.06088888645172119,0.6624404191970825,0.5586138963699341
0.09785449504852295,0.5878415107727051,0.2834268808364868
0.11433541774749756,0.6546350717544556,0.2834268808364868
0.07269817590713501,0.6294786930084229,0.2834268808364868
0.1394917368888855,0.612997829914093,0.2834268808364868
-0.07736974954605103,0.595646858215332,0.48981717228889465
-0.010576188564300537,0.5791659951210022,0.48981717228889465
-0.04397296905517578,0.5874064564704895,0.45541882514953613
-0.04397296905517578,0.5874064564704895,0.524215579032898
0.16464805603027344,0.5713606476783752,0.48981717228889465
0.18112891912460327,0.638154149055481,0.48981717228889465
0.17288845777511597,0.6047573685646057,0.45541882514953613
0.17288845777511597,0.6047573685646057,0.524215579032898
0.18893426656723022,0.8133784532546997,0.48981717228889465
0.12214070558547974,0.8298592567443848,0.48981717228889465
0.15553748607635498,0.8216188549995422,0.45541882514953613
0.15553748607635498,0.8216188549995422,0.524215579032898
-0.05308353900909424,0.8376646041870117,0.48981717228889465
-0.06956440210342407,0.7708711624145508,0.48981717228889465
-0.06132394075393677,0.8042678833007812,0.45541882514953613
-0.06132394075393677,0.8042678833007812,0.524215579032898
-0.06956440210342407,0.7708711624145508,0.524215579032898
-0.06956440210342407,0.7708711624145508,0.45541882514953613
-0.05308353900909424,0.8376646041870117,0.45541882514953613
0.12214070558547974,0.8298592567443848,0.524215579032898
0.12214070558547974,0.8298592567443848,0.45541882514953613
0.18893426656723022,0.8133784532546997,0.45541882514953613
0.18112891912460327,0.638154149055481,0.524215579032898
0.18112891912460327,0.638154149055481,0.45541882514953613
0.16464805603027344,0.5713606476783752,0.45541882514953613
-0.010576188564300537,0.5791659951210022,0.524215579032898
-0.010576188564300537,0.5791659951210022,0.45541882514953613
-0.07736974954605103,0.595646858215332,0.45541882514953613
0.14773213863372803,0.6463946104049683,0.2834268808364868
0.08093857765197754,0.6628754138946533,0.2834268808364868
0.0644577145576477,0.5960819125175476,0.2834268808364868
-0.05264848470687866,0.695837140083313,0.5586138963699341
0.014145076274871826,0.6793563365936279,0.5586138963699341
-0.002335786819458008,0.6125627756118774,0.5586138963699341
0.08093857765197754,0.6628754138946533,0.5586138963699341
0.14773213863372803,0.6463946104049683,0.5586138963699341
0.1312512755393982,0.5796010494232178,0.5586138963699341
0.11390030384063721,0.7964625358581543,0.5586138963699341
0.1806938648223877,0.7799816727638245,0.5586138963699341
0.16421300172805786,0.713188111782074,0.5586138963699341
-0.019686758518218994,0.829424262046814,0.5586138963699341
0.047106802463531494,0.8129433989524841,0.5586138963699341
0.03062593936920166,0.7461498975753784,0.5586138963699341
0.014145076274871826,0.6793563365936279,0.2834268808364868
-0.05264848470687866,0.695837140083313,0.2834268808364868
-0.0691293478012085,0.6290436387062073,0.2834268808364868
0.047106802463531494,0.8129433989524841,0.2834268808364868
-0.019686758518218994,0.829424262046814,0.2834268808364868
-0.03616762161254883,0.7626307010650635,0.2834268808364868
0.1806938648223877,0.7799816727638245,0.2834268808364868
0.11390030384063721,0.7964625358581543,0.2834268808364868
0.09741944074630737,0.7296689748764038,0.2834268808364868
-0.010576188564300537,0.5791659951210022,0.38662204146385193
-0.010576188564300537,0.5791659951210022,0.3178252875804901
-0.07736974954605103,0.595646858215332,0.3178252875804901
0.12301087379455566,0.5462043285369873,0.38662204146385193
0.12301087379455566,0.5462043285369873,0.3178252875804901
0.056217312812805176,0.5626851916313171,0.3178252875804901
0.12301087379455566,0.5462043285369873,0.524215579032898
0.12301087379455566,0.5462043285369873,0.45541882514953613
0.056217312812805176,0.5626851916313171,0.45541882514953613
0.18112891912460327,0.638154149055481,0.38662204146385193
0.18112891912460327,0.638154149055481,0.3178252875804901
0.16464805603027344,0.5713606476783752,0.3178252875804901
0.21409058570861816,0.7717412710189819,0.38662204146385193
0.21409058570861816,0.7717412710189819,0.3178252875804901
0.19760972261428833,0.7049477100372314,0.3178252875804901
0.21409058570861816,0.7717412710189819,0.524215579032898
0.21409058570861816,0.7717412710189819,0.45541882514953613
0.19760972261428833,0.7049477100372314,0.45541882514953613
0.12214070558547974,0.8298592567443848,0.38662204146385193
0.12214070558547974,0.8298592567443848,0.3178252875804901
0.18893426656723022,0.8133784532546997,0.3178252875804901
-0.011446356773376465,0.8628209829330444,0.38662204146385193
-0.011446356773376465,0.8628209829330444,0.3178252875804901
0.0553472638130188,0.8463401794433594,0.3178252875804901
-0.011446356773376465,0.8628209829330444,0.524215579032898
-0.011446356773376465,0.8628209829330444,0.45541882514953613
0.0553472638130188,0.8463401794433594,0.45541882514953613
-0.06956440210342407,0.7708711624145508,0.38662204146385193
-0.06956440210342407,0.7708711624145508,0.3178252875804901
-0.05308353900909424,0.8376646041870117,0.3178252875804901
-0.10252606868743896,0.6372840404510498,0.38662204146385193
-0.10252606868743896,0.6372840404510498,0.3178252875804901
-0.08604520559310913,0.7040775418281555,0.3178252875804901
-0.10252606868743896,0.6372840404510498,0.524215579032898
-0.10252606868743896,0.6372840404510498,0.45541882514953613
-0.08604520559310913,0.7040775418281555,0.45541882514953613
-0.08604520559310913,0.7040775418281555,0.524215579032898
-0.08604520559310913,0.7040775418281555,0.38662204146385193
-0.05308353900909424,0.8376646041870117,0.38662204146385193
0.0553472638130188,0.8463401794433594,0.524215579032898
0.0553472638130188,0.8463401794433594,0.38662204146385193
0.18893426656723022,0.8133784532546997,0.38662204146385193
0.19760972261428833,0.7049477100372314,0.524215579032898
0.19760972261428833,0.7049477100372314,0.38662204146385193
0.16464805603027344,0.5713606476783752,0.38662204146385193
0.056217312812805176,0.5626851916313171,0.524215579032898
0.056217312812805176,0.5626851916313171,0.38662204146385193
-0.07736974954605103,0.595646858215332,0.38662204146385193
0.16421300172805786,0.713188111782074,0.2834268808364868
0.03062593936920166,0.7461498975753784,0.2834268808364868
-0.002335786819458008,0.6125627756118774,0.2834268808364868
-0.03616762161254883,0.7626307010650635,0.5586138963699341
0.09741944074630737,0.7296689748764038,0.5586138963699341
0.0644577145576477,0.5960819125175476,0.5586138963699341
-0.0691293478012085,0.6290436387062073,0.5586138963699341
0.1312512755393982,0.5796010494232178,0.2834268808364868
-0.07736974954605103,0.595646858215332,0.524215579032898
0.16464805603027344,0.5713606476783752,0.524215579032898
0.18893426656723022,0.8133784532546997,0.524215579032898
-0.05308353900909424,0.8376646041870117,0.524215579032898
