-0.2528921067714691,-0.1631818562746048,-1.0
-0.2528921067714691,-0.1631818562746048,1.0
-0.24083206057548523,-0.16436967253684998,-1.0
-0.24083206057548523,-0.16436967253684998,1.0
-0.2292354702949524,-0.16788744926452637,-1.0
-0.2292354702949524,-0.16788744926452637,1.0
-0.2185479998588562,-0.17360003292560577,-1.0
-0.2185479998588562,-0.17360003292560577,1.0
-0.20918035507202148,-0.18128785490989685,-1.0
-0.20918035507202148,-0.18128785490989685,1.0
-0.2014925181865692,-0.19065551459789276,-1.0
-0.2014925181865692,-0.19065551459789276,1.0
-0.195779949426651,-0.20134298503398895,-1.0
-0.195779949426651,-0.20134298503398895,1.0
-0.19226215779781342,-0.2129395753145218,-1.0
-0.19226215779781342,-0.2129395753145218,1.0
-0.19107434153556824,-0.22499962151050568,-1.0
-0.19107434153556824,-0.22499962151050568,1.0
-0.19226214289665222,-0.23705966770648956,-1.0
-0.19226214289665222,-0.23705966770648956,1.0
-0.1957799345254898,-0.2486562430858612,-1.0
-0.1957799345254898,-0.2486562430858612,1.0
-0.2014925181865692,-0.2593437433242798,-1.0
-0.2014925181865692,-0.2593437433242798,1.0
-0.20918035507202148,-0.2687113881111145,-1.0
-0.20918035507202148,-0.2687113881111145,1.0
-0.2185479998588562,-0.2763992249965668,-1.0
-0.2185479998588562,-0.2763992249965668,1.0
-0.2292354851961136,-0.282111793756485,-1.0
-0.2292354851961136,-0.282111793756485,1.0
-0.24083207547664642,-0.2856295704841614,-1.0
-0.24083207547664642,-0.2856295704841614,1.0
-0.2528921365737915,-0.28681737184524536,-1.0
-0.2528921365737915,-0.28681737184524536,1.0
-0.2649521827697754,-0.2856295704841614,-1.0
-0.2649521827697754,-0.2856295704841614,1.0
-0.2765487730503082,-0.2821117639541626,-1.0
-0.2765487730503082,-0.2821117639541626,1.0
-0.2872362434864044,-0.2763991951942444,-1.0
-0.2872362434864044,-0.2763991951942444,1.0
-0.29660388827323914,-0.2687113583087921,-1.0
-0.29660388827323914,-0.2687113583087921,1.0
-0.3042917251586914,-0.259343683719635,-1.0
-0.3042917251586914,-0.259343683719635,1.0
-0.3100042939186096,-0.24865621328353882,-1.0
-0.3100042939186096,-0.24865621328353882,1.0
-0.313522070646286,-0.23705962300300598,-1.0
-0.313522070646286,-0.23705962300300598,1.0
-0.31470987200737,-0.2249995619058609,-1.0
-0.31470987200737,-0.2249995619058609,1.0
-0.3135220408439636,-0.21293951570987701,-1.0
-0.3135220408439636,-0.21293951570987701,1.0
-0.31000423431396484,-0.20134292542934418,-1.0
-0.31000423431396484,-0.20134292542934418,1.0
-0.30429166555404663,-0.1906554400920868,-1.0
-0.30429166555404663,-0.1906554400920868,1.0
-0.296603798866272,-0.18128781020641327,-1.0
-0.296603798866272,-0.18128781020641327,1.0
-0.28723615407943726,-0.1735999882221222,-1.0
-0.28723615407943726,-0.1735999882221222,1.0
-0.2765486538410187,-0.16788741946220398,-1.0
-0.2765486538410187,-0.16788741946220398,1.0
-0.26495206356048584,-0.1643696427345276,-1.0
-0.26495206356048584,-0.1643696427345276,1.0
0.377478688955307,-0.19107437133789062,-1.0
0.377478688955307,-0.19107437133789062,1.0
0.3895387351512909,-0.1922621876001358,-1.0
0.3895387351512909,-0.1922621876001358,1.0
0.40113532543182373,-0.1957799792289734,-1.0
0.40113532543182373,-0.1957799792289734,1.0
0.4118227958679199,-0.2014925479888916,-1.0
0.4118227958679199,-0.2014925479888916,1.0
0.42119044065475464,-0.20918038487434387,-1.0
0.42119044065475464,-0.20918038487434387,1.0
0.4288782775402069,-0.2185480296611786,-1.0
0.4288782775402069,-0.2185480296611786,1.0
0.4345908463001251,-0.22923550009727478,-1.0
0.4345908463001251,-0.22923550009727478,1.0
0.4381086528301239,-0.24083209037780762,-1.0
0.4381086528301239,-0.24083209037780762,1.0
0.4392964541912079,-0.2528921365737915,-1.0
0.4392964541912079,-0.2528921365737915,1.0
0.4381086528301239,-0.2649521827697754,-1.0
0.4381086528301239,-0.2649521827697754,1.0
0.4345908463001251,-0.2765487730503082,-1.0
0.4345908463001251,-0.2765487730503082,1.0
0.4288782775402069,-0.2872362434864044,-1.0
0.4288782775402069,-0.2872362434864044,1.0
0.42119044065475464,-0.29660388827323914,-1.0
0.42119044065475464,-0.29660388827323914,1.0
0.4118227958679199,-0.3042917251586914,-1.0
0.4118227958679199,-0.3042917251586914,1.0
0.40113532543182373,-0.3100042939186096,-1.0
0.40113532543182373,-0.3100042939186096,1.0
0.3895387351512909,-0.3135221004486084,-1.0
0.3895387351512909,-0.3135221004486084,1.0
0.3774786591529846,-0.3147099018096924,-1.0
0.3774786591529846,-0.3147099018096924,1.0
0.36541861295700073,-0.3135221004486084,-1.0
0.36541861295700073,-0.3135221004486084,1.0
0.3538220226764679,-0.3100042939186096,-1.0
0.3538220226764679,-0.3100042939186096,1.0
0.3431345522403717,-0.3042917251586914,-1.0
0.3431345522403717,-0.3042917251586914,1.0
0.333766907453537,-0.29660385847091675,-1.0
0.333766907453537,-0.29660385847091675,1.0
0.3260790705680847,-0.28723621368408203,-1.0
0.3260790705680847,-0.28723621368408203,1.0
0.3203665018081665,-0.27654871344566345,-1.0
0.3203665018081665,-0.27654871344566345,1.0
0.3168487250804901,-0.2649521231651306,-1.0
0.3168487250804901,-0.2649521231651306,1.0
0.31566092371940613,-0.25289207696914673,-1.0
0.31566092371940613,-0.25289207696914673,1.0
0.3168487548828125,-0.24083203077316284,-1.0
0.3168487548828125,-0.24083203077316284,1.0
0.3203665614128113,-0.22923544049263,-1.0
0.3203665614128113,-0.22923544049263,1.0
0.3260791301727295,-0.2185479700565338,-1.0
0.3260791301727295,-0.2185479700565338,1.0
0.33376699686050415,-0.2091803252696991,-1.0
0.33376699686050415,-0.2091803252696991,1.0
0.34313464164733887,-0.20149248838424683,-1.0
0.34313464164733887,-0.20149248838424683,1.0
0.35382214188575745,-0.1957799345254898,-1.0
0.35382214188575745,-0.1957799345254898,1.0
0.3654187321662903,-0.1922621726989746,-1.0
0.3654187321662903,-0.1922621726989746,1.0
0.262189656496048,0.549006998538971,-1.0
0.262189656496048,0.549006998538971,1.0
0.27424970269203186,0.547819197177887,-1.0
0.27424970269203186,0.547819197177887,1.0
0.2858462929725647,0.5443013906478882,-1.0
0.2858462929725647,0.5443013906478882,1.0
0.2965337634086609,0.53858882188797,-1.0
0.2965337634086609,0.53858882188797,1.0
0.3059014081954956,0.5309010148048401,-1.0
0.3059014081954956,0.5309010148048401,1.0
0.3135892450809479,0.5215333700180054,-1.0
0.3135892450809479,0.5215333700180054,1.0
0.3193018138408661,0.5108458399772644,-1.0
0.3193018138408661,0.5108458399772644,1.0
0.32281962037086487,0.49924927949905396,-1.0
0.32281962037086487,0.49924927949905396,1.0
0.32400742173194885,0.48718923330307007,-1.0
0.32400742173194885,0.48718923330307007,1.0
0.32281962037086487,0.4751291871070862,-1.0
0.32281962037086487,0.4751291871070862,1.0
0.3193018138408661,0.46353259682655334,-1.0
0.3193018138408661,0.46353259682655334,1.0
0.3135892450809479,0.45284512639045715,-1.0
0.3135892450809479,0.45284512639045715,1.0
0.3059014081954956,0.44347748160362244,-1.0
0.3059014081954956,0.44347748160362244,1.0
0.2965337634086609,0.43578964471817017,-1.0
0.2965337634086609,0.43578964471817017,1.0
0.2858462929725647,0.43007707595825195,-1.0
0.2858462929725647,0.43007707595825195,1.0
0.27424970269203186,0.4265592694282532,-1.0
0.27424970269203186,0.4265592694282532,1.0
0.2621896266937256,0.4253714680671692,-1.0
0.2621896266937256,0.4253714680671692,1.0
0.2501295804977417,0.4265592694282532,-1.0
0.2501295804977417,0.4265592694282532,1.0
0.23853299021720886,0.43007707595825195,-1.0
0.23853299021720886,0.43007707595825195,1.0
0.22784551978111267,0.43578964471817017,-1.0
0.22784551978111267,0.43578964471817017,1.0
0.21847787499427795,0.4434775114059448,-1.0
0.21847787499427795,0.4434775114059448,1.0
0.21079003810882568,0.45284515619277954,-1.0
0.21079003810882568,0.45284515619277954,1.0
0.20507746934890747,0.4635326564311981,-1.0
0.20507746934890747,0.4635326564311981,1.0
0.20155969262123108,0.47512924671173096,-1.0
0.20155969262123108,0.47512924671173096,1.0
0.2003718912601471,0.48718929290771484,-1.0
0.2003718912601471,0.48718929290771484,1.0
0.20155972242355347,0.49924933910369873,-1.0
0.20155972242355347,0.49924933910369873,1.0
0.20507751405239105,0.510845959186554,-1.0
0.20507751405239105,0.510845959186554,1.0
0.21079009771347046,0.5215334296226501,-1.0
0.21079009771347046,0.5215334296226501,1.0
0.21847794950008392,0.5309010744094849,-1.0
0.21847794950008392,0.5309010744094849,1.0
0.22784560918807983,0.5385888814926147,-1.0
0.22784560918807983,0.5385888814926147,1.0
0.2385331094264984,0.544301450252533,-1.0
0.2385331094264984,0.544301450252533,1.0
0.25012969970703125,0.547819197177887,-1.0
0.25012969970703125,0.547819197177887,1.0
0.7623953819274902,0.14363577961921692,-1.0
0.7623953819274902,0.14363577961921692,1.0
0.7744554281234741,0.14244796335697174,-1.0
0.7744554281234741,0.14244796335697174,1.0
0.7860519886016846,0.13893017172813416,-1.0
0.7860519886016846,0.13893017172813416,1.0
0.7967395186424255,0.13321760296821594,-1.0
0.7967395186424255,0.13321760296821594,1.0
0.8061071634292603,0.12552976608276367,-1.0
0.8061071634292603,0.12552976608276367,1.0
0.8137949705123901,0.11616212129592896,-1.0
0.8137949705123901,0.11616212129592896,1.0
0.8195075392723083,0.10547465085983276,-1.0
0.8195075392723083,0.10547465085983276,1.0
0.8230253458023071,0.09387806057929993,-1.0
0.8230253458023071,0.09387806057929993,1.0
0.8242131471633911,0.08181802183389664,-1.0
0.8242131471633911,0.08181802183389664,1.0
0.8230253458023071,0.06975797563791275,-1.0
0.8230253458023071,0.06975797563791275,1.0
0.8195075392723083,0.05816138908267021,-1.0
0.8195075392723083,0.05816138908267021,1.0
0.8137949705123901,0.047473907470703125,-1.0
0.8137949705123901,0.047473907470703125,1.0
0.8061071634292603,0.03810625523328781,-1.0
0.8061071634292603,0.03810625523328781,1.0
0.7967394590377808,0.03041841834783554,-1.0
0.7967394590377808,0.03041841834783554,1.0
0.7860519886016846,0.02470584213733673,-1.0
0.7860519886016846,0.02470584213733673,1.0
0.7744554281234741,0.021188057959079742,-1.0
0.7744554281234741,0.021188057959079742,1.0
0.7623953819274902,0.02000024914741516,-1.0
0.7623953819274902,0.02000024914741516,1.0
0.7503353357315063,0.02118806540966034,-1.0
0.7503353357315063,0.02118806540966034,1.0
0.7387387156486511,0.024705860763788223,-1.0
0.7387387156486511,0.024705860763788223,1.0
0.7280512452125549,0.03041844069957733,-1.0
0.7280512452125549,0.03041844069957733,1.0
0.7186836004257202,0.0381062813103199,-1.0
0.7186836004257202,0.0381062813103199,1.0
0.7109957933425903,0.04747394099831581,-1.0
0.7109957933425903,0.04747394099831581,1.0
0.7052831649780273,0.058161426335573196,-1.0
0.7052831649780273,0.058161426335573196,1.0
0.7017654180526733,0.06975802034139633,-1.0
0.7017654180526733,0.06975802034139633,1.0
0.7005776166915894,0.08181807398796082,-1.0
0.7005776166915894,0.08181807398796082,1.0
0.7017654180526733,0.0938781276345253,-1.0
0.7017654180526733,0.0938781276345253,1.0
0.7052832245826721,0.10547471046447754,-1.0
0.7052832245826721,0.10547471046447754,1.0
0.7109958529472351,0.11616218835115433,-1.0
0.7109958529472351,0.11616218835115433,1.0
0.718683660030365,0.12552982568740845,-1.0
0.718683660030365,0.12552982568740845,1.0
0.7280513644218445,0.13321766257286072,-1.0
0.7280513644218445,0.13321766257286072,1.0
0.7387388348579407,0.13893021643161774,-1.0
0.7387388348579407,0.13893021643161774,1.0
0.7503354549407959,0.14244797825813293,-1.0
0.7503354549407959,0.14244797825813293,1.0
0.7623953819274902,0.14363577961921692,-0.800000011920929
0.7623953819274902,0.14363577961921692,-0.6000000238418579
0.7623953819274902,0.14363577961921692,-0.40000003576278687
0.7623953819274902,0.14363577961921692,-0.20000001788139343
0.7623953819274902,0.14363577961921692,0.0
0.7623953819274902,0.14363577961921692,0.20000000298023224
0.7623953819274902,0.14363577961921692,0.4000000059604645
0.7623953819274902,0.14363577961921692,0.6000000238418579
0.7623953819274902,0.14363577961921692,0.800000011920929
0.7744554281234741,0.14244796335697174,0.800000011920929
0.7744554281234741,0.14244796335697174,0.6000000238418579
0.7744554281234741,0.14244796335697174,0.40000003576278687
0.7744554281234741,0.14244796335697174,0.20000001788139343
0.7744554281234741,0.14244796335697174,0.0
0.7744554281234741,0.14244796335697174,-0.20000000298023224
0.7744554281234741,0.14244796335697174,-0.4000000059604645
0.7744554281234741,0.14244796335697174,-0.6000000238418579
0.7744554281234741,0.14244796335697174,-0.800000011920929
0.7860519886016846,0.13893017172813416,0.800000011920929
0.7860519886016846,0.13893017172813416,0.6000000238418579
0.7860519886016846,0.13893017172813416,0.40000003576278687
0.7860519886016846,0.13893017172813416,0.20000001788139343
0.7860519886016846,0.13893017172813416,0.0
0.7860519886016846,0.13893017172813416,-0.20000000298023224
0.7860519886016846,0.13893017172813416,-0.4000000059604645
0.7860519886016846,0.13893017172813416,-0.6000000238418579
0.7860519886016846,0.13893017172813416,-0.800000011920929
0.7967395186424255,0.13321760296821594,0.800000011920929
0.7967395186424255,0.13321760296821594,0.6000000238418579
0.7967395186424255,0.13321760296821594,0.40000003576278687
0.7967395186424255,0.13321760296821594,0.20000001788139343
0.7967395186424255,0.13321760296821594,0.0
0.7967395186424255,0.13321760296821594,-0.20000000298023224
0.7967395186424255,0.13321760296821594,-0.4000000059604645
0.7967395186424255,0.13321760296821594,-0.6000000238418579
0.7967395186424255,0.13321760296821594,-0.800000011920929
0.8061071634292603,0.12552976608276367,0.800000011920929
0.8061071634292603,0.12552976608276367,0.6000000238418579
0.8061071634292603,0.12552976608276367,0.40000003576278687
0.8061071634292603,0.12552976608276367,0.20000001788139343
0.8061071634292603,0.12552976608276367,0.0
0.8061071634292603,0.12552976608276367,-0.20000000298023224
0.8061071634292603,0.12552976608276367,-0.4000000059604645
0.8061071634292603,0.12552976608276367,-0.6000000238418579
0.8061071634292603,0.12552976608276367,-0.800000011920929
0.8137949705123901,0.11616212129592896,0.800000011920929
0.8137949705123901,0.11616212129592896,0.6000000238418579
0.8137949705123901,0.11616212129592896,0.40000003576278687
0.8137949705123901,0.11616212129592896,0.20000001788139343
0.8137949705123901,0.11616212129592896,0.0
0.8137949705123901,0.11616212129592896,-0.20000000298023224
0.8137949705123901,0.11616212129592896,-0.4000000059604645
0.8137949705123901,0.11616212129592896,-0.6000000238418579
0.8137949705123901,0.11616212129592896,-0.800000011920929
0.8195075392723083,0.10547465085983276,0.800000011920929
0.8195075392723083,0.10547465085983276,0.6000000238418579
0.8195075392723083,0.10547465085983276,0.40000003576278687
0.8195075392723083,0.10547465085983276,0.20000001788139343
0.8195075392723083,0.10547465085983276,0.0
0.8195075392723083,0.10547465085983276,-0.20000000298023224
0.8195075392723083,0.10547465085983276,-0.4000000059604645
0.8195075392723083,0.10547465085983276,-0.6000000238418579
0.8195075392723083,0.10547465085983276,-0.800000011920929
0.8230253458023071,0.09387806057929993,0.800000011920929
0.8230253458023071,0.09387806057929993,0.6000000238418579
0.8230253458023071,0.09387806057929993,0.40000003576278687
0.8230253458023071,0.09387806057929993,0.20000001788139343
0.8230253458023071,0.09387806057929993,0.0
0.8230253458023071,0.09387806057929993,-0.20000000298023224
0.8230253458023071,0.09387806057929993,-0.4000000059604645
0.8230253458023071,0.09387806057929993,-0.6000000238418579
0.8230253458023071,0.09387806057929993,-0.800000011920929
0.8242131471633911,0.08181802183389664,0.800000011920929
0.8242131471633911,0.08181802183389664,0.6000000238418579
0.8242131471633911,0.08181802183389664,0.40000003576278687
0.8242131471633911,0.08181802183389664,0.20000001788139343
0.8242131471633911,0.08181802183389664,0.0
0.8242131471633911,0.08181802183389664,-0.20000000298023224
0.8242131471633911,0.08181802183389664,-0.4000000059604645
0.8242131471633911,0.08181802183389664,-0.6000000238418579
0.8242131471633911,0.08181802183389664,-0.800000011920929
0.8230253458023071,0.06975797563791275,0.800000011920929
0.8230253458023071,0.06975797563791275,0.6000000238418579
0.8230253458023071,0.06975797563791275,0.40000003576278687
0.8230253458023071,0.06975797563791275,0.20000001788139343
0.8230253458023071,0.06975797563791275,0.0
0.8230253458023071,0.06975797563791275,-0.20000000298023224
0.8230253458023071,0.06975797563791275,-0.4000000059604645
0.8230253458023071,0.06975797563791275,-0.6000000238418579
0.8230253458023071,0.06975797563791275,-0.800000011920929
0.8195075392723083,0.05816138908267021,0.800000011920929
0.8195075392723083,0.05816138908267021,0.6000000238418579
0.8195075392723083,0.05816138908267021,0.40000003576278687
0.8195075392723083,0.05816138908267021,0.20000001788139343
0.8195075392723083,0.05816138908267021,0.0
0.8195075392723083,0.05816138908267021,-0.20000000298023224
0.8195075392723083,0.05816138908267021,-0.4000000059604645
0.8195075392723083,0.05816138908267021,-0.6000000238418579
0.8195075392723083,0.05816138908267021,-0.800000011920929
0.8137949705123901,0.047473907470703125,0.800000011920929
0.8137949705123901,0.047473907470703125,0.6000000238418579
0.8137949705123901,0.047473907470703125,0.40000003576278687
0.8137949705123901,0.047473907470703125,0.20000001788139343
0.8137949705123901,0.047473907470703125,0.0
0.8137949705123901,0.047473907470703125,-0.20000000298023224
0.8137949705123901,0.047473907470703125,-0.4000000059604645
0.8137949705123901,0.047473907470703125,-0.6000000238418579
0.8137949705123901,0.047473907470703125,-0.800000011920929
0.8061071634292603,0.03810625523328781,0.800000011920929
0.8061071634292603,0.03810625523328781,0.6000000238418579
0.8061071634292603,0.03810625523328781,0.40000003576278687
0.8061071634292603,0.03810625523328781,0.20000001788139343
0.8061071634292603,0.03810625523328781,0.0
0.8061071634292603,0.03810625523328781,-0.20000000298023224
0.8061071634292603,0.03810625523328781,-0.4000000059604645
0.8061071634292603,0.03810625523328781,-0.6000000238418579
0.8061071634292603,0.03810625523328781,-0.800000011920929
0.7967394590377808,0.03041841834783554,0.800000011920929
0.7967394590377808,0.03041841834783554,0.6000000238418579
0.7967394590377808,0.03041841834783554,0.40000003576278687
0.7967394590377808,0.03041841834783554,0.20000001788139343
0.7967394590377808,0.03041841834783554,0.0
0.7967394590377808,0.03041841834783554,-0.20000000298023224
0.7967394590377808,0.03041841834783554,-0.4000000059604645
0.7967394590377808,0.03041841834783554,-0.6000000238418579
0.7967394590377808,0.03041841834783554,-0.800000011920929
0.7860519886016846,0.02470584213733673,0.800000011920929
0.7860519886016846,0.02470584213733673,0.6000000238418579
0.7860519886016846,0.02470584213733673,0.40000003576278687
0.7860519886016846,0.02470584213733673,0.20000001788139343
0.7860519886016846,0.02470584213733673,0.0
0.7860519886016846,0.02470584213733673,-0.20000000298023224
0.7860519886016846,0.02470584213733673,-0.4000000059604645
0.7860519886016846,0.02470584213733673,-0.6000000238418579
0.7860519886016846,0.02470584213733673,-0.800000011920929
0.7744554281234741,0.021188057959079742,0.800000011920929
0.7744554281234741,0.021188057959079742,0.6000000238418579
0.7744554281234741,0.021188057959079742,0.40000003576278687
0.7744554281234741,0.021188057959079742,0.20000001788139343
0.7744554281234741,0.021188057959079742,0.0
0.7744554281234741,0.021188057959079742,-0.20000000298023224
0.7744554281234741,0.021188057959079742,-0.4000000059604645
0.7744554281234741,0.021188057959079742,-0.6000000238418579
0.7744554281234741,0.021188057959079742,-0.800000011920929
0.7623953819274902,0.02000024914741516,0.800000011920929
0.7623953819274902,0.02000024914741516,0.6000000238418579
0.7623953819274902,0.02000024914741516,0.40000003576278687
0.7623953819274902,0.02000024914741516,0.20000001788139343
0.7623953819274902,0.02000024914741516,0.0
0.7623953819274902,0.02000024914741516,-0.20000000298023224
0.7623953819274902,0.02000024914741516,-0.4000000059604645
0.7623953819274902,0.02000024914741516,-0.6000000238418579
0.7623953819274902,0.02000024914741516,-0.800000011920929
0.7503353357315063,0.02118806540966034,0.800000011920929
0.7503353357315063,0.02118806540966034,0.6000000238418579
0.7503353357315063,0.02118806540966034,0.40000003576278687
0.7503353357315063,0.02118806540966034,0.20000001788139343
0.7503353357315063,0.02118806540966034,0.0
0.7503353357315063,0.02118806540966034,-0.20000000298023224
0.7503353357315063,0.02118806540966034,-0.4000000059604645
0.7503353357315063,0.02118806540966034,-0.6000000238418579
0.7503353357315063,0.02118806540966034,-0.800000011920929
0.7387387156486511,0.024705860763788223,0.800000011920929
0.7387387156486511,0.024705860763788223,0.6000000238418579
0.7387387156486511,0.024705860763788223,0.40000003576278687
0.7387387156486511,0.024705860763788223,0.20000001788139343
0.7387387156486511,0.024705860763788223,0.0
0.7387387156486511,0.024705860763788223,-0.20000000298023224
0.7387387156486511,0.024705860763788223,-0.4000000059604645
0.7387387156486511,0.024705860763788223,-0.6000000238418579
0.7387387156486511,0.024705860763788223,-0.800000011920929
0.7280512452125549,0.03041844069957733,0.800000011920929
0.7280512452125549,0.03041844069957733,0.6000000238418579
0.7280512452125549,0.03041844069957733,0.40000003576278687
0.7280512452125549,0.03041844069957733,0.20000001788139343
0.7280512452125549,0.03041844069957733,0.0
0.7280512452125549,0.03041844069957733,-0.20000000298023224
0.7280512452125549,0.03041844069957733,-0.4000000059604645
0.7280512452125549,0.03041844069957733,-0.6000000238418579
0.7280512452125549,0.03041844069957733,-0.800000011920929
0.7186836004257202,0.0381062813103199,0.800000011920929
0.7186836004257202,0.0381062813103199,0.6000000238418579
0.7186836004257202,0.0381062813103199,0.40000003576278687
0.7186836004257202,0.0381062813103199,0.20000001788139343
0.7186836004257202,0.0381062813103199,0.0
0.7186836004257202,0.0381062813103199,-0.20000000298023224
0.7186836004257202,0.0381062813103199,-0.4000000059604645
0.7186836004257202,0.0381062813103199,-0.6000000238418579
0.7186836004257202,0.0381062813103199,-0.800000011920929
0.7109957933425903,0.04747394099831581,0.800000011920929
0.7109957933425903,0.04747394099831581,0.6000000238418579
0.7109957933425903,0.04747394099831581,0.40000003576278687
0.7109957933425903,0.04747394099831581,0.20000001788139343
0.7109957933425903,0.04747394099831581,0.0
0.7109957933425903,0.04747394099831581,-0.20000000298023224
0.7109957933425903,0.04747394099831581,-0.4000000059604645
0.7109957933425903,0.04747394099831581,-0.6000000238418579
0.7109957933425903,0.04747394099831581,-0.800000011920929
0.7052831649780273,0.058161426335573196,0.800000011920929
0.7052831649780273,0.058161426335573196,0.6000000238418579
0.7052831649780273,0.058161426335573196,0.40000003576278687
0.7052831649780273,0.058161426335573196,0.20000001788139343
0.7052831649780273,0.058161426335573196,0.0
0.7052831649780273,0.058161426335573196,-0.20000000298023224
0.7052831649780273,0.058161426335573196,-0.4000000059604645
0.7052831649780273,0.058161426335573196,-0.6000000238418579
0.7052831649780273,0.058161426335573196,-0.800000011920929
0.7017654180526733,0.06975802034139633,0.800000011920929
0.7017654180526733,0.06975802034139633,0.6000000238418579
0.7017654180526733,0.06975802034139633,0.40000003576278687
0.7017654180526733,0.06975802034139633,0.20000001788139343
0.7017654180526733,0.06975802034139633,0.0
0.7017654180526733,0.06975802034139633,-0.20000000298023224
0.7017654180526733,0.06975802034139633,-0.4000000059604645
0.7017654180526733,0.06975802034139633,-0.6000000238418579
0.7017654180526733,0.06975802034139633,-0.800000011920929
0.7005776166915894,0.08181807398796082,0.800000011920929
0.7005776166915894,0.08181807398796082,0.6000000238418579
0.7005776166915894,0.08181807398796082,0.40000003576278687
0.7005776166915894,0.08181807398796082,0.20000001788139343
0.7005776166915894,0.08181807398796082,0.0
0.7005776166915894,0.08181807398796082,-0.20000000298023224
0.7005776166915894,0.08181807398796082,-0.4000000059604645
0.7005776166915894,0.08181807398796082,-0.6000000238418579
0.7005776166915894,0.08181807398796082,-0.800000011920929
0.7017654180526733,0.0938781276345253,0.800000011920929
0.7017654180526733,0.0938781276345253,0.6000000238418579
0.7017654180526733,0.0938781276345253,0.40000003576278687
0.7017654180526733,0.0938781276345253,0.20000001788139343
0.7017654180526733,0.0938781276345253,0.0
0.7017654180526733,0.0938781276345253,-0.20000000298023224
0.7017654180526733,0.0938781276345253,-0.4000000059604645
0.7017654180526733,0.0938781276345253,-0.6000000238418579
0.7017654180526733,0.0938781276345253,-0.800000011920929
0.7052832245826721,0.10547471046447754,0.800000011920929
0.7052832245826721,0.10547471046447754,0.6000000238418579
0.7052832245826721,0.10547471046447754,0.40000003576278687
0.7052832245826721,0.10547471046447754,0.20000001788139343
0.7052832245826721,0.10547471046447754,0.0
0.7052832245826721,0.10547471046447754,-0.20000000298023224
0.7052832245826721,0.10547471046447754,-0.4000000059604645
0.7052832245826721,0.10547471046447754,-0.6000000238418579
0.7052832245826721,0.10547471046447754,-0.800000011920929
0.7109958529472351,0.11616218835115433,0.800000011920929
0.7109958529472351,0.11616218835115433,0.6000000238418579
0.7109958529472351,0.11616218835115433,0.40000003576278687
0.7109958529472351,0.11616218835115433,0.20000001788139343
0.7109958529472351,0.11616218835115433,0.0
0.7109958529472351,0.11616218835115433,-0.20000000298023224
0.7109958529472351,0.11616218835115433,-0.4000000059604645
0.7109958529472351,0.11616218835115433,-0.6000000238418579
0.7109958529472351,0.11616218835115433,-0.800000011920929
0.718683660030365,0.12552982568740845,0.800000011920929
0.718683660030365,0.12552982568740845,0.6000000238418579
0.718683660030365,0.12552982568740845,0.40000003576278687
0.718683660030365,0.12552982568740845,0.20000001788139343
0.718683660030365,0.12552982568740845,0.0
0.718683660030365,0.12552982568740845,-0.20000000298023224
0.718683660030365,0.12552982568740845,-0.4000000059604645
0.718683660030365,0.12552982568740845,-0.6000000238418579
0.718683660030365,0.12552982568740845,-0.800000011920929
0.7280513644218445,0.13321766257286072,0.800000011920929
0.7280513644218445,0.13321766257286072,0.6000000238418579
0.7280513644218445,0.13321766257286072,0.40000003576278687
0.7280513644218445,0.13321766257286072,0.20000001788139343
0.7280513644218445,0.13321766257286072,0.0
0.7280513644218445,0.13321766257286072,-0.20000000298023224
0.7280513644218445,0.13321766257286072,-0.4000000059604645
0.7280513644218445,0.13321766257286072,-0.6000000238418579
0.7280513644218445,0.13321766257286072,-0.800000011920929
0.7387388348579407,0.13893021643161774,0.800000011920929
0.7387388348579407,0.13893021643161774,0.6000000238418579
0.7387388348579407,0.13893021643161774,0.40000003576278687
0.7387388348579407,0.13893021643161774,0.20000001788139343
0.7387388348579407,0.13893021643161774,0.0
0.7387388348579407,0.13893021643161774,-0.20000000298023224
0.7387388348579407,0.13893021643161774,-0.4000000059604645
0.7387388348579407,0.13893021643161774,-0.6000000238418579
0.7387388348579407,0.13893021643161774,-0.800000011920929
0.7503354549407959,0.14244797825813293,0.800000011920929
0.7503354549407959,0.14244797825813293,0.6000000238418579
0.7503354549407959,0.14244797825813293,0.40000003576278687
0.7503354549407959,0.14244797825813293,0.20000001788139343
0.7503354549407959,0.14244797825813293,0.0
0.7503354549407959,0.14244797825813293,-0.20000000298023224
0.7503354549407959,0.14244797825813293,-0.4000000059604645
0.7503354549407959,0.14244797825813293,-0.6000000238418579
0.7503354549407959,0.14244797825813293,-0.800000011920929
0.262189656496048,0.549006998538971,-0.800000011920929
0.262189656496048,0.549006998538971,-0.6000000238418579
0.262189656496048,0.549006998538971,-0.40000003576278687
0.262189656496048,0.549006998538971,-0.20000001788139343
0.262189656496048,0.549006998538971,0.0
0.262189656496048,0.549006998538971,0.20000000298023224
0.262189656496048,0.549006998538971,0.4000000059604645
0.262189656496048,0.549006998538971,0.6000000238418579
0.262189656496048,0.549006998538971,0.800000011920929
0.27424970269203186,0.547819197177887,0.800000011920929
0.27424970269203186,0.547819197177887,0.6000000238418579
0.27424970269203186,0.547819197177887,0.40000003576278687
0.27424970269203186,0.547819197177887,0.20000001788139343
0.27424970269203186,0.547819197177887,0.0
0.27424970269203186,0.547819197177887,-0.20000000298023224
0.27424970269203186,0.547819197177887,-0.4000000059604645
0.27424970269203186,0.547819197177887,-0.6000000238418579
0.27424970269203186,0.547819197177887,-0.800000011920929
0.2858462929725647,0.5443013906478882,0.800000011920929
0.2858462929725647,0.5443013906478882,0.6000000238418579
0.2858462929725647,0.5443013906478882,0.40000003576278687
0.2858462929725647,0.5443013906478882,0.20000001788139343
0.2858462929725647,0.5443013906478882,0.0
0.2858462929725647,0.5443013906478882,-0.20000000298023224
0.2858462929725647,0.5443013906478882,-0.4000000059604645
0.2858462929725647,0.5443013906478882,-0.6000000238418579
0.2858462929725647,0.5443013906478882,-0.800000011920929
0.2965337634086609,0.53858882188797,0.800000011920929
0.2965337634086609,0.53858882188797,0.6000000238418579
0.2965337634086609,0.53858882188797,0.40000003576278687
0.2965337634086609,0.53858882188797,0.20000001788139343
0.2965337634086609,0.53858882188797,0.0
0.2965337634086609,0.53858882188797,-0.20000000298023224
0.2965337634086609,0.53858882188797,-0.4000000059604645
0.2965337634086609,0.53858882188797,-0.6000000238418579
0.2965337634086609,0.53858882188797,-0.800000011920929
0.3059014081954956,0.5309010148048401,0.800000011920929
0.3059014081954956,0.5309010148048401,0.6000000238418579
0.3059014081954956,0.5309010148048401,0.40000003576278687
0.3059014081954956,0.5309010148048401,0.20000001788139343
0.3059014081954956,0.5309010148048401,0.0
0.3059014081954956,0.5309010148048401,-0.20000000298023224
0.3059014081954956,0.5309010148048401,-0.4000000059604645
0.3059014081954956,0.5309010148048401,-0.6000000238418579
0.3059014081954956,0.5309010148048401,-0.800000011920929
0.3135892450809479,0.5215333700180054,0.800000011920929
0.3135892450809479,0.5215333700180054,0.6000000238418579
0.3135892450809479,0.5215333700180054,0.40000003576278687
0.3135892450809479,0.5215333700180054,0.20000001788139343
0.3135892450809479,0.5215333700180054,0.0
0.3135892450809479,0.5215333700180054,-0.20000000298023224
0.3135892450809479,0.5215333700180054,-0.4000000059604645
0.3135892450809479,0.5215333700180054,-0.6000000238418579
0.3135892450809479,0.5215333700180054,-0.800000011920929
0.3193018138408661,0.5108458399772644,0.800000011920929
0.3193018138408661,0.5108458399772644,0.6000000238418579
0.3193018138408661,0.5108458399772644,0.40000003576278687
0.3193018138408661,0.5108458399772644,0.20000001788139343
0.3193018138408661,0.5108458399772644,0.0
0.3193018138408661,0.5108458399772644,-0.20000000298023224
0.3193018138408661,0.5108458399772644,-0.4000000059604645
0.3193018138408661,0.5108458399772644,-0.6000000238418579
0.3193018138408661,0.5108458399772644,-0.800000011920929
0.32281962037086487,0.49924927949905396,0.800000011920929
0.32281962037086487,0.49924927949905396,0.6000000238418579
0.32281962037086487,0.49924927949905396,0.40000003576278687
0.32281962037086487,0.49924927949905396,0.20000001788139343
0.32281962037086487,0.49924927949905396,0.0
0.32281962037086487,0.49924927949905396,-0.20000000298023224
0.32281962037086487,0.49924927949905396,-0.4000000059604645
0.32281962037086487,0.49924927949905396,-0.6000000238418579
0.32281962037086487,0.49924927949905396,-0.800000011920929
0.32400742173194885,0.48718923330307007,0.800000011920929
0.32400742173194885,0.48718923330307007,0.6000000238418579
0.32400742173194885,0.48718923330307007,0.40000003576278687
0.32400742173194885,0.48718923330307007,0.20000001788139343
0.32400742173194885,0.48718923330307007,0.0
0.32400742173194885,0.48718923330307007,-0.20000000298023224
0.32400742173194885,0.48718923330307007,-0.4000000059604645
0.32400742173194885,0.48718923330307007,-0.6000000238418579
0.32400742173194885,0.48718923330307007,-0.800000011920929
0.32281962037086487,0.4751291871070862,0.800000011920929
0.32281962037086487,0.4751291871070862,0.6000000238418579
0.32281962037086487,0.4751291871070862,0.40000003576278687
0.32281962037086487,0.4751291871070862,0.20000001788139343
0.32281962037086487,0.4751291871070862,0.0
0.32281962037086487,0.4751291871070862,-0.20000000298023224
0.32281962037086487,0.4751291871070862,-0.4000000059604645
0.32281962037086487,0.4751291871070862,-0.6000000238418579
0.32281962037086487,0.4751291871070862,-0.800000011920929
0.3193018138408661,0.46353259682655334,0.800000011920929
0.3193018138408661,0.46353259682655334,0.6000000238418579
0.3193018138408661,0.46353259682655334,0.40000003576278687
0.3193018138408661,0.46353259682655334,0.20000001788139343
0.3193018138408661,0.46353259682655334,0.0
0.3193018138408661,0.46353259682655334,-0.20000000298023224
0.3193018138408661,0.46353259682655334,-0.4000000059604645
0.3193018138408661,0.46353259682655334,-0.6000000238418579
0.3193018138408661,0.46353259682655334,-0.800000011920929
0.3135892450809479,0.45284512639045715,0.800000011920929
0.3135892450809479,0.45284512639045715,0.6000000238418579
0.3135892450809479,0.45284512639045715,0.40000003576278687
0.3135892450809479,0.45284512639045715,0.20000001788139343
0.3135892450809479,0.45284512639045715,0.0
0.3135892450809479,0.45284512639045715,-0.20000000298023224
0.3135892450809479,0.45284512639045715,-0.4000000059604645
0.3135892450809479,0.45284512639045715,-0.6000000238418579
0.3135892450809479,0.45284512639045715,-0.800000011920929
0.3059014081954956,0.44347748160362244,0.800000011920929
0.3059014081954956,0.44347748160362244,0.6000000238418579
0.3059014081954956,0.44347748160362244,0.40000003576278687
0.3059014081954956,0.44347748160362244,0.20000001788139343
0.3059014081954956,0.44347748160362244,0.0
0.3059014081954956,0.44347748160362244,-0.20000000298023224
0.3059014081954956,0.44347748160362244,-0.4000000059604645
0.3059014081954956,0.44347748160362244,-0.6000000238418579
0.3059014081954956,0.44347748160362244,-0.800000011920929
0.2965337634086609,0.43578964471817017,0.800000011920929
0.2965337634086609,0.43578964471817017,0.6000000238418579
0.2965337634086609,0.43578964471817017,0.40000003576278687
0.2965337634086609,0.43578964471817017,0.20000001788139343
0.2965337634086609,0.43578964471817017,0.0
0.2965337634086609,0.43578964471817017,-0.20000000298023224
0.2965337634086609,0.43578964471817017,-0.4000000059604645
0.2965337634086609,0.43578964471817017,-0.6000000238418579
0.2965337634086609,0.43578964471817017,-0.800000011920929
0.2858462929725647,0.43007707595825195,0.800000011920929
0.2858462929725647,0.43007707595825195,0.6000000238418579
0.2858462929725647,0.43007707595825195,0.40000003576278687
0.2858462929725647,0.43007707595825195,0.20000001788139343
0.2858462929725647,0.43007707595825195,0.0
0.2858462929725647,0.43007707595825195,-0.20000000298023224
0.2858462929725647,0.43007707595825195,-0.4000000059604645
0.2858462929725647,0.43007707595825195,-0.6000000238418579
0.2858462929725647,0.43007707595825195,-0.800000011920929
0.27424970269203186,0.4265592694282532,0.800000011920929
0.27424970269203186,0.4265592694282532,0.6000000238418579
0.27424970269203186,0.4265592694282532,0.40000003576278687
0.27424970269203186,0.4265592694282532,0.20000001788139343
0.27424970269203186,0.4265592694282532,0.0
0.27424970269203186,0.4265592694282532,-0.20000000298023224
0.27424970269203186,0.4265592694282532,-0.4000000059604645
0.27424970269203186,0.4265592694282532,-0.6000000238418579
0.27424970269203186,0.4265592694282532,-0.800000011920929
0.2621896266937256,0.4253714680671692,0.800000011920929
0.2621896266937256,0.4253714680671692,0.6000000238418579
0.2621896266937256,0.4253714680671692,0.40000003576278687
0.2621896266937256,0.4253714680671692,0.20000001788139343
0.2621896266937256,0.4253714680671692,0.0
0.2621896266937256,0.4253714680671692,-0.20000000298023224
0.2621896266937256,0.4253714680671692,-0.4000000059604645
0.2621896266937256,0.4253714680671692,-0.6000000238418579
0.2621896266937256,0.4253714680671692,-0.800000011920929
0.2501295804977417,0.4265592694282532,0.800000011920929
0.2501295804977417,0.4265592694282532,0.6000000238418579
0.2501295804977417,0.4265592694282532,0.40000003576278687
0.2501295804977417,0.4265592694282532,0.20000001788139343
0.2501295804977417,0.4265592694282532,0.0
0.2501295804977417,0.4265592694282532,-0.20000000298023224
0.2501295804977417,0.4265592694282532,-0.4000000059604645
0.2501295804977417,0.4265592694282532,-0.6000000238418579
0.2501295804977417,0.4265592694282532,-0.800000011920929
0.23853299021720886,0.43007707595825195,0.800000011920929
0.23853299021720886,0.43007707595825195,0.6000000238418579
0.23853299021720886,0.43007707595825195,0.40000003576278687
0.23853299021720886,0.43007707595825195,0.20000001788139343
0.23853299021720886,0.43007707595825195,0.0
0.23853299021720886,0.43007707595825195,-0.20000000298023224
0.23853299021720886,0.43007707595825195,-0.4000000059604645
0.23853299021720886,0.43007707595825195,-0.6000000238418579
0.23853299021720886,0.43007707595825195,-0.800000011920929
0.22784551978111267,0.43578964471817017,0.800000011920929
0.22784551978111267,0.43578964471817017,0.6000000238418579
0.22784551978111267,0.43578964471817017,0.40000003576278687
0.22784551978111267,0.43578964471817017,0.20000001788139343
0.22784551978111267,0.43578964471817017,0.0
0.22784551978111267,0.43578964471817017,-0.20000000298023224
0.22784551978111267,0.43578964471817017,-0.4000000059604645
0.22784551978111267,0.43578964471817017,-0.6000000238418579
0.22784551978111267,0.43578964471817017,-0.800000011920929
0.21847787499427795,0.4434775114059448,0.800000011920929
0.21847787499427795,0.4434775114059448,0.6000000238418579
0.21847787499427795,0.4434775114059448,0.40000003576278687
0.21847787499427795,0.4434775114059448,0.20000001788139343
0.21847787499427795,0.4434775114059448,0.0
0.21847787499427795,0.4434775114059448,-0.20000000298023224
0.21847787499427795,0.4434775114059448,-0.4000000059604645
0.21847787499427795,0.4434775114059448,-0.6000000238418579
0.21847787499427795,0.4434775114059448,-0.800000011920929
0.21079003810882568,0.45284515619277954,0.800000011920929
0.21079003810882568,0.45284515619277954,0.6000000238418579
0.21079003810882568,0.45284515619277954,0.40000003576278687
0.21079003810882568,0.45284515619277954,0.20000001788139343
0.21079003810882568,0.45284515619277954,0.0
0.21079003810882568,0.45284515619277954,-0.20000000298023224
0.21079003810882568,0.45284515619277954,-0.4000000059604645
0.21079003810882568,0.45284515619277954,-0.6000000238418579
0.21079003810882568,0.45284515619277954,-0.800000011920929
0.20507746934890747,0.4635326564311981,0.800000011920929
0.20507746934890747,0.4635326564311981,0.6000000238418579
0.20507746934890747,0.4635326564311981,0.40000003576278687
0.20507746934890747,0.4635326564311981,0.20000001788139343
0.20507746934890747,0.4635326564311981,0.0
0.20507746934890747,0.4635326564311981,-0.20000000298023224
0.20507746934890747,0.4635326564311981,-0.4000000059604645
0.20507746934890747,0.4635326564311981,-0.6000000238418579
0.20507746934890747,0.4635326564311981,-0.800000011920929
0.20155969262123108,0.47512924671173096,0.800000011920929
0.20155969262123108,0.47512924671173096,0.6000000238418579
0.20155969262123108,0.47512924671173096,0.40000003576278687
0.20155969262123108,0.47512924671173096,0.20000001788139343
0.20155969262123108,0.47512924671173096,0.0
0.20155969262123108,0.47512924671173096,-0.20000000298023224
0.20155969262123108,0.47512924671173096,-0.4000000059604645
0.20155969262123108,0.47512924671173096,-0.6000000238418579
0.20155969262123108,0.47512924671173096,-0.800000011920929
0.2003718912601471,0.48718929290771484,0.800000011920929
0.2003718912601471,0.48718929290771484,0.6000000238418579
0.2003718912601471,0.48718929290771484,0.40000003576278687
0.2003718912601471,0.48718929290771484,0.20000001788139343
0.2003718912601471,0.48718929290771484,0.0
0.2003718912601471,0.48718929290771484,-0.20000000298023224
0.2003718912601471,0.48718929290771484,-0.4000000059604645
0.2003718912601471,0.48718929290771484,-0.6000000238418579
0.2003718912601471,0.48718929290771484,-0.800000011920929
0.20155972242355347,0.49924933910369873,0.800000011920929
0.20155972242355347,0.49924933910369873,0.6000000238418579
0.20155972242355347,0.49924933910369873,0.40000003576278687
0.20155972242355347,0.49924933910369873,0.20000001788139343
0.20155972242355347,0.49924933910369873,0.0
0.20155972242355347,0.49924933910369873,-0.20000000298023224
0.20155972242355347,0.49924933910369873,-0.4000000059604645
0.20155972242355347,0.49924933910369873,-0.6000000238418579
0.20155972242355347,0.49924933910369873,-0.800000011920929
0.20507751405239105,0.510845959186554,0.800000011920929
0.20507751405239105,0.510845959186554,0.6000000238418579
0.20507751405239105,0.510845959186554,0.40000003576278687
0.20507751405239105,0.510845959186554,0.20000001788139343
0.20507751405239105,0.510845959186554,0.0
0.20507751405239105,0.510845959186554,-0.20000000298023224
0.20507751405239105,0.510845959186554,-0.4000000059604645
0.20507751405239105,0.510845959186554,-0.6000000238418579
0.20507751405239105,0.510845959186554,-0.800000011920929
0.21079009771347046,0.5215334296226501,0.800000011920929
0.21079009771347046,0.5215334296226501,0.6000000238418579
0.21079009771347046,0.5215334296226501,0.40000003576278687
0.21079009771347046,0.5215334296226501,0.20000001788139343
0.21079009771347046,0.5215334296226501,0.0
0.21079009771347046,0.5215334296226501,-0.20000000298023224
0.21079009771347046,0.5215334296226501,-0.4000000059604645
0.21079009771347046,0.5215334296226501,-0.6000000238418579
0.21079009771347046,0.5215334296226501,-0.800000011920929
0.21847794950008392,0.5309010744094849,0.800000011920929
0.21847794950008392,0.5309010744094849,0.6000000238418579
0.21847794950008392,0.5309010744094849,0.40000003576278687
0.21847794950008392,0.5309010744094849,0.20000001788139343
0.21847794950008392,0.5309010744094849,0.0
0.21847794950008392,0.5309010744094849,-0.20000000298023224
0.21847794950008392,0.5309010744094849,-0.4000000059604645
0.21847794950008392,0.5309010744094849,-0.6000000238418579
0.21847794950008392,0.5309010744094849,-0.800000011920929
0.22784560918807983,0.5385888814926147,0.800000011920929
0.22784560918807983,0.5385888814926147,0.6000000238418579
0.22784560918807983,0.5385888814926147,0.40000003576278687
0.22784560918807983,0.5385888814926147,0.20000001788139343
0.22784560918807983,0.5385888814926147,0.0
0.22784560918807983,0.5385888814926147,-0.20000000298023224
0.22784560918807983,0.5385888814926147,-0.4000000059604645
0.22784560918807983,0.5385888814926147,-0.6000000238418579
0.22784560918807983,0.5385888814926147,-0.800000011920929
0.2385331094264984,0.544301450252533,0.800000011920929
0.2385331094264984,0.544301450252533,0.6000000238418579
0.2385331094264984,0.544301450252533,0.40000003576278687
0.2385331094264984,0.544301450252533,0.20000001788139343
0.2385331094264984,0.544301450252533,0.0
0.2385331094264984,0.544301450252533,-0.20000000298023224
0.2385331094264984,0.544301450252533,-0.4000000059604645
0.2385331094264984,0.544301450252533,-0.6000000238418579
0.2385331094264984,0.544301450252533,-0.800000011920929
0.25012969970703125,0.547819197177887,0.800000011920929
0.25012969970703125,0.547819197177887,0.6000000238418579
0.25012969970703125,0.547819197177887,0.40000003576278687
0.25012969970703125,0.547819197177887,0.20000001788139343
0.25012969970703125,0.547819197177887,0.0
0.25012969970703125,0.547819197177887,-0.20000000298023224
0.25012969970703125,0.547819197177887,-0.4000000059604645
0.25012969970703125,0.547819197177887,-0.6000000238418579
0.25012969970703125,0.547819197177887,-0.800000011920929
0.377478688955307,-0.19107437133789062,-0.800000011920929
0.377478688955307,-0.19107437133789062,-0.6000000238418579
0.377478688955307,-0.19107437133789062,-0.40000003576278687
0.377478688955307,-0.19107437133789062,-0.20000001788139343
0.377478688955307,-0.19107437133789062,0.0
0.377478688955307,-0.19107437133789062,0.20000000298023224
0.377478688955307,-0.19107437133789062,0.4000000059604645
0.377478688955307,-0.19107437133789062,0.6000000238418579
0.377478688955307,-0.19107437133789062,0.800000011920929
0.3895387351512909,-0.1922621876001358,0.800000011920929
0.3895387351512909,-0.1922621876001358,0.6000000238418579
0.3895387351512909,-0.1922621876001358,0.40000003576278687
0.3895387351512909,-0.1922621876001358,0.20000001788139343
0.3895387351512909,-0.1922621876001358,0.0
0.3895387351512909,-0.1922621876001358,-0.20000000298023224
0.3895387351512909,-0.1922621876001358,-0.4000000059604645
0.3895387351512909,-0.1922621876001358,-0.6000000238418579
0.3895387351512909,-0.1922621876001358,-0.800000011920929
0.40113532543182373,-0.1957799792289734,0.800000011920929
0.40113532543182373,-0.1957799792289734,0.6000000238418579
0.40113532543182373,-0.1957799792289734,0.40000003576278687
0.40113532543182373,-0.1957799792289734,0.20000001788139343
0.40113532543182373,-0.1957799792289734,0.0
0.40113532543182373,-0.1957799792289734,-0.20000000298023224
0.40113532543182373,-0.1957799792289734,-0.4000000059604645
0.40113532543182373,-0.1957799792289734,-0.6000000238418579
0.40113532543182373,-0.1957799792289734,-0.800000011920929
0.4118227958679199,-0.2014925479888916,0.800000011920929
0.4118227958679199,-0.2014925479888916,0.6000000238418579
0.4118227958679199,-0.2014925479888916,0.40000003576278687
0.4118227958679199,-0.2014925479888916,0.20000001788139343
0.4118227958679199,-0.2014925479888916,0.0
0.4118227958679199,-0.2014925479888916,-0.20000000298023224
0.4118227958679199,-0.2014925479888916,-0.4000000059604645
0.4118227958679199,-0.2014925479888916,-0.6000000238418579
0.4118227958679199,-0.2014925479888916,-0.800000011920929
0.42119044065475464,-0.20918038487434387,0.800000011920929
0.42119044065475464,-0.20918038487434387,0.6000000238418579
0.42119044065475464,-0.20918038487434387,0.40000003576278687
0.42119044065475464,-0.20918038487434387,0.20000001788139343
0.42119044065475464,-0.20918038487434387,0.0
0.42119044065475464,-0.20918038487434387,-0.20000000298023224
0.42119044065475464,-0.20918038487434387,-0.4000000059604645
0.42119044065475464,-0.20918038487434387,-0.6000000238418579
0.42119044065475464,-0.20918038487434387,-0.800000011920929
0.4288782775402069,-0.2185480296611786,0.800000011920929
0.4288782775402069,-0.2185480296611786,0.6000000238418579
0.4288782775402069,-0.2185480296611786,0.40000003576278687
0.4288782775402069,-0.2185480296611786,0.20000001788139343
0.4288782775402069,-0.2185480296611786,0.0
0.4288782775402069,-0.2185480296611786,-0.20000000298023224
0.4288782775402069,-0.2185480296611786,-0.4000000059604645
0.4288782775402069,-0.2185480296611786,-0.6000000238418579
0.4288782775402069,-0.2185480296611786,-0.800000011920929
0.4345908463001251,-0.22923550009727478,0.800000011920929
0.4345908463001251,-0.22923550009727478,0.6000000238418579
0.4345908463001251,-0.22923550009727478,0.40000003576278687
0.4345908463001251,-0.22923550009727478,0.20000001788139343
0.4345908463001251,-0.22923550009727478,0.0
0.4345908463001251,-0.22923550009727478,-0.20000000298023224
0.4345908463001251,-0.22923550009727478,-0.4000000059604645
0.4345908463001251,-0.22923550009727478,-0.6000000238418579
0.4345908463001251,-0.22923550009727478,-0.800000011920929
0.4381086528301239,-0.24083209037780762,0.800000011920929
0.4381086528301239,-0.24083209037780762,0.6000000238418579
0.4381086528301239,-0.24083209037780762,0.40000003576278687
0.4381086528301239,-0.24083209037780762,0.20000001788139343
0.4381086528301239,-0.24083209037780762,0.0
0.4381086528301239,-0.24083209037780762,-0.20000000298023224
0.4381086528301239,-0.24083209037780762,-0.4000000059604645
0.4381086528301239,-0.24083209037780762,-0.6000000238418579
0.4381086528301239,-0.24083209037780762,-0.800000011920929
0.4392964541912079,-0.2528921365737915,0.800000011920929
0.4392964541912079,-0.2528921365737915,0.6000000238418579
0.4392964541912079,-0.2528921365737915,0.40000003576278687
0.4392964541912079,-0.2528921365737915,0.20000001788139343
0.4392964541912079,-0.2528921365737915,0.0
0.4392964541912079,-0.2528921365737915,-0.20000000298023224
0.4392964541912079,-0.2528921365737915,-0.4000000059604645
0.4392964541912079,-0.2528921365737915,-0.6000000238418579
0.4392964541912079,-0.2528921365737915,-0.800000011920929
0.4381086528301239,-0.2649521827697754,0.800000011920929
0.4381086528301239,-0.2649521827697754,0.6000000238418579
0.4381086528301239,-0.2649521827697754,0.40000003576278687
0.4381086528301239,-0.2649521827697754,0.20000001788139343
0.4381086528301239,-0.2649521827697754,0.0
0.4381086528301239,-0.2649521827697754,-0.20000000298023224
0.4381086528301239,-0.2649521827697754,-0.4000000059604645
0.4381086528301239,-0.2649521827697754,-0.6000000238418579
0.4381086528301239,-0.2649521827697754,-0.800000011920929
0.4345908463001251,-0.2765487730503082,0.800000011920929
0.4345908463001251,-0.2765487730503082,0.6000000238418579
0.4345908463001251,-0.2765487730503082,0.40000003576278687
0.4345908463001251,-0.2765487730503082,0.20000001788139343
0.4345908463001251,-0.2765487730503082,0.0
0.4345908463001251,-0.2765487730503082,-0.20000000298023224
0.4345908463001251,-0.2765487730503082,-0.4000000059604645
0.4345908463001251,-0.2765487730503082,-0.6000000238418579
0.4345908463001251,-0.2765487730503082,-0.800000011920929
0.4288782775402069,-0.2872362434864044,0.800000011920929
0.4288782775402069,-0.2872362434864044,0.6000000238418579
0.4288782775402069,-0.2872362434864044,0.40000003576278687
0.4288782775402069,-0.2872362434864044,0.20000001788139343
0.4288782775402069,-0.2872362434864044,0.0
0.4288782775402069,-0.2872362434864044,-0.20000000298023224
0.4288782775402069,-0.2872362434864044,-0.4000000059604645
0.4288782775402069,-0.2872362434864044,-0.6000000238418579
0.4288782775402069,-0.2872362434864044,-0.800000011920929
0.42119044065475464,-0.29660388827323914,0.800000011920929
0.42119044065475464,-0.29660388827323914,0.6000000238418579
0.42119044065475464,-0.29660388827323914,0.40000003576278687
0.42119044065475464,-0.29660388827323914,0.20000001788139343
0.42119044065475464,-0.29660388827323914,0.0
0.42119044065475464,-0.29660388827323914,-0.20000000298023224
0.42119044065475464,-0.29660388827323914,-0.4000000059604645
0.42119044065475464,-0.29660388827323914,-0.6000000238418579
0.42119044065475464,-0.29660388827323914,-0.800000011920929
0.4118227958679199,-0.3042917251586914,0.800000011920929
0.4118227958679199,-0.3042917251586914,0.6000000238418579
0.4118227958679199,-0.3042917251586914,0.40000003576278687
0.4118227958679199,-0.3042917251586914,0.20000001788139343
0.4118227958679199,-0.3042917251586914,0.0
0.4118227958679199,-0.3042917251586914,-0.20000000298023224
0.4118227958679199,-0.3042917251586914,-0.4000000059604645
0.4118227958679199,-0.3042917251586914,-0.6000000238418579
0.4118227958679199,-0.3042917251586914,-0.800000011920929
0.40113532543182373,-0.3100042939186096,0.800000011920929
0.40113532543182373,-0.3100042939186096,0.6000000238418579
0.40113532543182373,-0.3100042939186096,0.40000003576278687
0.40113532543182373,-0.3100042939186096,0.20000001788139343
0.40113532543182373,-0.3100042939186096,0.0
0.40113532543182373,-0.3100042939186096,-0.20000000298023224
0.40113532543182373,-0.3100042939186096,-0.4000000059604645
0.40113532543182373,-0.3100042939186096,-0.6000000238418579
0.40113532543182373,-0.3100042939186096,-0.800000011920929
0.3895387351512909,-0.3135221004486084,0.800000011920929
0.3895387351512909,-0.3135221004486084,0.6000000238418579
0.3895387351512909,-0.3135221004486084,0.40000003576278687
0.3895387351512909,-0.3135221004486084,0.20000001788139343
0.3895387351512909,-0.3135221004486084,0.0
0.3895387351512909,-0.3135221004486084,-0.20000000298023224
0.3895387351512909,-0.3135221004486084,-0.4000000059604645
0.3895387351512909,-0.3135221004486084,-0.6000000238418579
0.3895387351512909,-0.3135221004486084,-0.800000011920929
0.3774786591529846,-0.3147099018096924,0.800000011920929
0.3774786591529846,-0.3147099018096924,0.6000000238418579
0.3774786591529846,-0.3147099018096924,0.40000003576278687
0.3774786591529846,-0.3147099018096924,0.20000001788139343
0.3774786591529846,-0.3147099018096924,0.0
0.3774786591529846,-0.3147099018096924,-0.20000000298023224
0.3774786591529846,-0.3147099018096924,-0.4000000059604645
0.3774786591529846,-0.3147099018096924,-0.6000000238418579
0.3774786591529846,-0.3147099018096924,-0.800000011920929
0.36541861295700073,-0.3135221004486084,0.800000011920929
0.36541861295700073,-0.3135221004486084,0.6000000238418579
0.36541861295700073,-0.3135221004486084,0.40000003576278687
0.36541861295700073,-0.3135221004486084,0.20000001788139343
0.36541861295700073,-0.3135221004486084,0.0
0.36541861295700073,-0.3135221004486084,-0.20000000298023224
0.36541861295700073,-0.3135221004486084,-0.4000000059604645
0.36541861295700073,-0.3135221004486084,-0.6000000238418579
0.36541861295700073,-0.3135221004486084,-0.800000011920929
0.3538220226764679,-0.3100042939186096,0.800000011920929
0.3538220226764679,-0.3100042939186096,0.6000000238418579
0.3538220226764679,-0.3100042939186096,0.40000003576278687
0.3538220226764679,-0.3100042939186096,0.20000001788139343
0.3538220226764679,-0.3100042939186096,0.0
0.3538220226764679,-0.3100042939186096,-0.20000000298023224
0.3538220226764679,-0.3100042939186096,-0.4000000059604645
0.3538220226764679,-0.3100042939186096,-0.6000000238418579
0.3538220226764679,-0.3100042939186096,-0.800000011920929
0.3431345522403717,-0.3042917251586914,0.800000011920929
0.3431345522403717,-0.3042917251586914,0.6000000238418579
0.3431345522403717,-0.3042917251586914,0.40000003576278687
0.3431345522403717,-0.3042917251586914,0.20000001788139343
0.3431345522403717,-0.3042917251586914,0.0
0.3431345522403717,-0.3042917251586914,-0.20000000298023224
0.3431345522403717,-0.3042917251586914,-0.4000000059604645
0.3431345522403717,-0.3042917251586914,-0.6000000238418579
0.3431345522403717,-0.3042917251586914,-0.800000011920929
0.333766907453537,-0.29660385847091675,0.800000011920929
0.333766907453537,-0.29660385847091675,0.6000000238418579
0.333766907453537,-0.29660385847091675,0.40000003576278687
0.333766907453537,-0.29660385847091675,0.20000001788139343
0.333766907453537,-0.29660385847091675,0.0
0.333766907453537,-0.29660385847091675,-0.20000000298023224
0.333766907453537,-0.29660385847091675,-0.4000000059604645
0.333766907453537,-0.29660385847091675,-0.6000000238418579
0.333766907453537,-0.29660385847091675,-0.800000011920929
0.3260790705680847,-0.28723621368408203,0.800000011920929
0.3260790705680847,-0.28723621368408203,0.6000000238418579
0.3260790705680847,-0.28723621368408203,0.40000003576278687
0.3260790705680847,-0.28723621368408203,0.20000001788139343
0.3260790705680847,-0.28723621368408203,0.0
0.3260790705680847,-0.28723621368408203,-0.20000000298023224
0.3260790705680847,-0.28723621368408203,-0.4000000059604645
0.3260790705680847,-0.28723621368408203,-0.6000000238418579
0.3260790705680847,-0.28723621368408203,-0.800000011920929
0.3203665018081665,-0.27654871344566345,0.800000011920929
0.3203665018081665,-0.27654871344566345,0.6000000238418579
0.3203665018081665,-0.27654871344566345,0.40000003576278687
0.3203665018081665,-0.27654871344566345,0.20000001788139343
0.3203665018081665,-0.27654871344566345,0.0
0.3203665018081665,-0.27654871344566345,-0.20000000298023224
0.3203665018081665,-0.27654871344566345,-0.4000000059604645
0.3203665018081665,-0.27654871344566345,-0.6000000238418579
0.3203665018081665,-0.27654871344566345,-0.800000011920929
0.3168487250804901,-0.2649521231651306,0.800000011920929
0.3168487250804901,-0.2649521231651306,0.6000000238418579
0.3168487250804901,-0.2649521231651306,0.40000003576278687
0.3168487250804901,-0.2649521231651306,0.20000001788139343
0.3168487250804901,-0.2649521231651306,0.0
0.3168487250804901,-0.2649521231651306,-0.20000000298023224
0.3168487250804901,-0.2649521231651306,-0.4000000059604645
0.3168487250804901,-0.2649521231651306,-0.6000000238418579
0.3168487250804901,-0.2649521231651306,-0.800000011920929
0.31566092371940613,-0.25289207696914673,0.800000011920929
0.31566092371940613,-0.25289207696914673,0.6000000238418579
0.31566092371940613,-0.25289207696914673,0.40000003576278687
0.31566092371940613,-0.25289207696914673,0.20000001788139343
0.31566092371940613,-0.25289207696914673,0.0
0.31566092371940613,-0.25289207696914673,-0.20000000298023224
0.31566092371940613,-0.25289207696914673,-0.4000000059604645
0.31566092371940613,-0.25289207696914673,-0.6000000238418579
0.31566092371940613,-0.25289207696914673,-0.800000011920929
0.3168487548828125,-0.24083203077316284,0.800000011920929
0.3168487548828125,-0.24083203077316284,0.6000000238418579
0.3168487548828125,-0.24083203077316284,0.40000003576278687
0.3168487548828125,-0.24083203077316284,0.20000001788139343
0.3168487548828125,-0.24083203077316284,0.0
0.3168487548828125,-0.24083203077316284,-0.20000000298023224
0.3168487548828125,-0.24083203077316284,-0.4000000059604645
0.3168487548828125,-0.24083203077316284,-0.6000000238418579
0.3168487548828125,-0.24083203077316284,-0.800000011920929
0.3203665614128113,-0.22923544049263,0.800000011920929
0.3203665614128113,-0.22923544049263,0.6000000238418579
0.3203665614128113,-0.22923544049263,0.40000003576278687
0.3203665614128113,-0.22923544049263,0.20000001788139343
0.3203665614128113,-0.22923544049263,0.0
0.3203665614128113,-0.22923544049263,-0.20000000298023224
0.3203665614128113,-0.22923544049263,-0.4000000059604645
0.3203665614128113,-0.22923544049263,-0.6000000238418579
0.3203665614128113,-0.22923544049263,-0.800000011920929
0.3260791301727295,-0.2185479700565338,0.800000011920929
0.3260791301727295,-0.2185479700565338,0.6000000238418579
0.3260791301727295,-0.2185479700565338,0.40000003576278687
0.3260791301727295,-0.2185479700565338,0.20000001788139343
0.3260791301727295,-0.2185479700565338,0.0
0.3260791301727295,-0.2185479700565338,-0.20000000298023224
0.3260791301727295,-0.2185479700565338,-0.4000000059604645
0.3260791301727295,-0.2185479700565338,-0.6000000238418579
0.3260791301727295,-0.2185479700565338,-0.800000011920929
0.33376699686050415,-0.2091803252696991,0.800000011920929
0.33376699686050415,-0.2091803252696991,0.6000000238418579
0.33376699686050415,-0.2091803252696991,0.40000003576278687
0.33376699686050415,-0.2091803252696991,0.20000001788139343
0.33376699686050415,-0.2091803252696991,0.0
0.33376699686050415,-0.2091803252696991,-0.20000000298023224
0.33376699686050415,-0.2091803252696991,-0.4000000059604645
0.33376699686050415,-0.2091803252696991,-0.6000000238418579
0.33376699686050415,-0.2091803252696991,-0.800000011920929
0.34313464164733887,-0.20149248838424683,0.800000011920929
0.34313464164733887,-0.20149248838424683,0.6000000238418579
0.34313464164733887,-0.20149248838424683,0.40000003576278687
0.34313464164733887,-0.20149248838424683,0.20000001788139343
0.34313464164733887,-0.20149248838424683,0.0
0.34313464164733887,-0.20149248838424683,-0.20000000298023224
0.34313464164733887,-0.20149248838424683,-0.4000000059604645
0.34313464164733887,-0.20149248838424683,-0.6000000238418579
0.34313464164733887,-0.20149248838424683,-0.800000011920929
0.35382214188575745,-0.1957799345254898,0.800000011920929
0.35382214188575745,-0.1957799345254898,0.6000000238418579
0.35382214188575745,-0.1957799345254898,0.40000003576278687
0.35382214188575745,-0.1957799345254898,0.20000001788139343
0.35382214188575745,-0.1957799345254898,0.0
0.35382214188575745,-0.1957799345254898,-0.20000000298023224
0.35382214188575745,-0.1957799345254898,-0.4000000059604645
0.35382214188575745,-0.1957799345254898,-0.6000000238418579
0.35382214188575745,-0.1957799345254898,-0.800000011920929
0.3654187321662903,-0.1922621726989746,0.800000011920929
0.3654187321662903,-0.1922621726989746,0.6000000238418579
0.3654187321662903,-0.1922621726989746,0.40000003576278687
0.3654187321662903,-0.1922621726989746,0.20000001788139343
0.3654187321662903,-0.1922621726989746,0.0
0.3654187321662903,-0.1922621726989746,-0.20000000298023224
0.3654187321662903,-0.1922621726989746,-0.4000000059604645
0.3654187321662903,-0.1922621726989746,-0.6000000238418579
0.3654187321662903,-0.1922621726989746,-0.800000011920929
-0.2528921067714691,-0.1631818562746048,-0.800000011920929
-0.2528921067714691,-0.1631818562746048,-0.6000000238418579
-0.2528921067714691,-0.1631818562746048,-0.40000003576278687
-0.2528921067714691,-0.1631818562746048,-0.20000001788139343
-0.2528921067714691,-0.1631818562746048,0.0
-0.2528921067714691,-0.1631818562746048,0.20000000298023224
-0.2528921067714691,-0.1631818562746048,0.4000000059604645
-0.2528921067714691,-0.1631818562746048,0.6000000238418579
-0.2528921067714691,-0.1631818562746048,0.800000011920929
-0.24083206057548523,-0.16436967253684998,0.800000011920929
-0.24083206057548523,-0.16436967253684998,0.6000000238418579
-0.24083206057548523,-0.16436967253684998,0.40000003576278687
-0.24083206057548523,-0.16436967253684998,0.20000001788139343
-0.24083206057548523,-0.16436967253684998,0.0
-0.24083206057548523,-0.16436967253684998,-0.20000000298023224
-0.24083206057548523,-0.16436967253684998,-0.4000000059604645
-0.24083206057548523,-0.16436967253684998,-0.6000000238418579
-0.24083206057548523,-0.16436967253684998,-0.800000011920929
-0.2292354702949524,-0.16788744926452637,0.800000011920929
-0.2292354702949524,-0.16788744926452637,0.6000000238418579
-0.2292354702949524,-0.16788744926452637,0.40000003576278687
-0.2292354702949524,-0.16788744926452637,0.20000001788139343
-0.2292354702949524,-0.16788744926452637,0.0
-0.2292354702949524,-0.16788744926452637,-0.20000000298023224
-0.2292354702949524,-0.16788744926452637,-0.4000000059604645
-0.2292354702949524,-0.16788744926452637,-0.6000000238418579
-0.2292354702949524,-0.16788744926452637,-0.800000011920929
-0.2185479998588562,-0.17360003292560577,0.800000011920929
-0.2185479998588562,-0.17360003292560577,0.6000000238418579
-0.2185479998588562,-0.17360003292560577,0.40000003576278687
-0.2185479998588562,-0.17360003292560577,0.20000001788139343
-0.2185479998588562,-0.17360003292560577,0.0
-0.2185479998588562,-0.17360003292560577,-0.20000000298023224
-0.2185479998588562,-0.17360003292560577,-0.4000000059604645
-0.2185479998588562,-0.17360003292560577,-0.6000000238418579
-0.2185479998588562,-0.17360003292560577,-0.800000011920929
-0.20918035507202148,-0.18128785490989685,0.800000011920929
-0.20918035507202148,-0.18128785490989685,0.6000000238418579
-0.20918035507202148,-0.18128785490989685,0.40000003576278687
-0.20918035507202148,-0.18128785490989685,0.20000001788139343
-0.20918035507202148,-0.18128785490989685,0.0
-0.20918035507202148,-0.18128785490989685,-0.20000000298023224
-0.20918035507202148,-0.18128785490989685,-0.4000000059604645
-0.20918035507202148,-0.18128785490989685,-0.6000000238418579
-0.20918035507202148,-0.18128785490989685,-0.800000011920929
-0.2014925181865692,-0.19065551459789276,0.800000011920929
-0.2014925181865692,-0.19065551459789276,0.6000000238418579
-0.2014925181865692,-0.19065551459789276,0.40000003576278687
-0.2014925181865692,-0.19065551459789276,0.20000001788139343
-0.2014925181865692,-0.19065551459789276,0.0
-0.2014925181865692,-0.19065551459789276,-0.20000000298023224
-0.2014925181865692,-0.19065551459789276,-0.4000000059604645
-0.2014925181865692,-0.19065551459789276,-0.6000000238418579
-0.2014925181865692,-0.19065551459789276,-0.800000011920929
-0.195779949426651,-0.20134298503398895,0.800000011920929
-0.195779949426651,-0.20134298503398895,0.6000000238418579
-0.195779949426651,-0.20134298503398895,0.40000003576278687
-0.195779949426651,-0.20134298503398895,0.20000001788139343
-0.195779949426651,-0.20134298503398895,0.0
-0.195779949426651,-0.20134298503398895,-0.20000000298023224
-0.195779949426651,-0.20134298503398895,-0.4000000059604645
-0.195779949426651,-0.20134298503398895,-0.6000000238418579
-0.195779949426651,-0.20134298503398895,-0.800000011920929
-0.19226215779781342,-0.2129395753145218,0.800000011920929
-0.19226215779781342,-0.2129395753145218,0.6000000238418579
-0.19226215779781342,-0.2129395753145218,0.40000003576278687
-0.19226215779781342,-0.2129395753145218,0.20000001788139343
-0.19226215779781342,-0.2129395753145218,0.0
-0.19226215779781342,-0.2129395753145218,-0.20000000298023224
-0.19226215779781342,-0.2129395753145218,-0.4000000059604645
-0.19226215779781342,-0.2129395753145218,-0.6000000238418579
-0.19226215779781342,-0.2129395753145218,-0.800000011920929
-0.19107434153556824,-0.22499962151050568,0.800000011920929
-0.19107434153556824,-0.22499962151050568,0.6000000238418579
-0.19107434153556824,-0.22499962151050568,0.40000003576278687
-0.19107434153556824,-0.22499962151050568,0.20000001788139343
-0.19107434153556824,-0.22499962151050568,0.0
-0.19107434153556824,-0.22499962151050568,-0.20000000298023224
-0.19107434153556824,-0.22499962151050568,-0.4000000059604645
-0.19107434153556824,-0.22499962151050568,-0.6000000238418579
-0.19107434153556824,-0.22499962151050568,-0.800000011920929
-0.19226214289665222,-0.23705966770648956,0.800000011920929
-0.19226214289665222,-0.23705966770648956,0.6000000238418579
-0.19226214289665222,-0.23705966770648956,0.40000003576278687
-0.19226214289665222,-0.23705966770648956,0.20000001788139343
-0.19226214289665222,-0.23705966770648956,0.0
-0.19226214289665222,-0.23705966770648956,-0.20000000298023224
-0.19226214289665222,-0.23705966770648956,-0.4000000059604645
-0.19226214289665222,-0.23705966770648956,-0.6000000238418579
-0.19226214289665222,-0.23705966770648956,-0.800000011920929
-0.1957799345254898,-0.2486562430858612,0.800000011920929
-0.1957799345254898,-0.2486562430858612,0.6000000238418579
-0.1957799345254898,-0.2486562430858612,0.40000003576278687
-0.1957799345254898,-0.2486562430858612,0.20000001788139343
-0.1957799345254898,-0.2486562430858612,0.0
-0.1957799345254898,-0.2486562430858612,-0.20000000298023224
-0.1957799345254898,-0.2486562430858612,-0.4000000059604645
-0.1957799345254898,-0.2486562430858612,-0.6000000238418579
-0.1957799345254898,-0.2486562430858612,-0.800000011920929
-0.2014925181865692,-0.2593437433242798,0.800000011920929
-0.2014925181865692,-0.2593437433242798,0.6000000238418579
-0.2014925181865692,-0.2593437433242798,0.40000003576278687
-0.2014925181865692,-0.2593437433242798,0.20000001788139343
-0.2014925181865692,-0.2593437433242798,0.0
-0.2014925181865692,-0.2593437433242798,-0.20000000298023224
-0.2014925181865692,-0.2593437433242798,-0.4000000059604645
-0.2014925181865692,-0.2593437433242798,-0.6000000238418579
-0.2014925181865692,-0.2593437433242798,-0.800000011920929
-0.20918035507202148,-0.2687113881111145,0.800000011920929
-0.20918035507202148,-0.2687113881111145,0.6000000238418579
-0.20918035507202148,-0.2687113881111145,0.40000003576278687
-0.20918035507202148,-0.2687113881111145,0.20000001788139343
-0.20918035507202148,-0.2687113881111145,0.0
-0.20918035507202148,-0.2687113881111145,-0.20000000298023224
-0.20918035507202148,-0.2687113881111145,-0.4000000059604645
-0.20918035507202148,-0.2687113881111145,-0.6000000238418579
-0.20918035507202148,-0.2687113881111145,-0.800000011920929
-0.2185479998588562,-0.2763992249965668,0.800000011920929
-0.2185479998588562,-0.2763992249965668,0.6000000238418579
-0.2185479998588562,-0.2763992249965668,0.40000003576278687
-0.2185479998588562,-0.2763992249965668,0.20000001788139343
-0.2185479998588562,-0.2763992249965668,0.0
-0.2185479998588562,-0.2763992249965668,-0.20000000298023224
-0.2185479998588562,-0.2763992249965668,-0.4000000059604645
-0.2185479998588562,-0.2763992249965668,-0.6000000238418579
-0.2185479998588562,-0.2763992249965668,-0.800000011920929
-0.2292354851961136,-0.282111793756485,0.800000011920929
-0.2292354851961136,-0.282111793756485,0.6000000238418579
-0.2292354851961136,-0.282111793756485,0.40000003576278687
-0.2292354851961136,-0.282111793756485,0.20000001788139343
-0.2292354851961136,-0.282111793756485,0.0
-0.2292354851961136,-0.282111793756485,-0.20000000298023224
-0.2292354851961136,-0.282111793756485,-0.4000000059604645
-0.2292354851961136,-0.282111793756485,-0.6000000238418579
-0.2292354851961136,-0.282111793756485,-0.800000011920929
-0.24083207547664642,-0.2856295704841614,0.800000011920929
-0.24083207547664642,-0.2856295704841614,0.6000000238418579
-0.24083207547664642,-0.2856295704841614,0.40000003576278687
-0.24083207547664642,-0.2856295704841614,0.20000001788139343
-0.24083207547664642,-0.2856295704841614,0.0
-0.24083207547664642,-0.2856295704841614,-0.20000000298023224
-0.24083207547664642,-0.2856295704841614,-0.4000000059604645
-0.24083207547664642,-0.2856295704841614,-0.6000000238418579
-0.24083207547664642,-0.2856295704841614,-0.800000011920929
-0.2528921365737915,-0.28681737184524536,0.800000011920929
-0.2528921365737915,-0.28681737184524536,0.6000000238418579
-0.2528921365737915,-0.28681737184524536,0.40000003576278687
-0.2528921365737915,-0.28681737184524536,0.20000001788139343
-0.2528921365737915,-0.28681737184524536,0.0
-0.2528921365737915,-0.28681737184524536,-0.20000000298023224
-0.2528921365737915,-0.28681737184524536,-0.4000000059604645
-0.2528921365737915,-0.28681737184524536,-0.6000000238418579
-0.2528921365737915,-0.28681737184524536,-0.800000011920929
-0.2649521827697754,-0.2856295704841614,0.800000011920929
-0.2649521827697754,-0.2856295704841614,0.6000000238418579
-0.2649521827697754,-0.2856295704841614,0.40000003576278687
-0.2649521827697754,-0.2856295704841614,0.20000001788139343
-0.2649521827697754,-0.2856295704841614,0.0
-0.2649521827697754,-0.2856295704841614,-0.20000000298023224
-0.2649521827697754,-0.2856295704841614,-0.4000000059604645
-0.2649521827697754,-0.2856295704841614,-0.6000000238418579
-0.2649521827697754,-0.2856295704841614,-0.800000011920929
-0.2765487730503082,-0.2821117639541626,0.800000011920929
-0.2765487730503082,-0.2821117639541626,0.6000000238418579
-0.2765487730503082,-0.2821117639541626,0.40000003576278687
-0.2765487730503082,-0.2821117639541626,0.20000001788139343
-0.2765487730503082,-0.2821117639541626,0.0
-0.2765487730503082,-0.2821117639541626,-0.20000000298023224
-0.2765487730503082,-0.2821117639541626,-0.4000000059604645
-0.2765487730503082,-0.2821117639541626,-0.6000000238418579
-0.2765487730503082,-0.2821117639541626,-0.800000011920929
-0.2872362434864044,-0.2763991951942444,0.800000011920929
-0.2872362434864044,-0.2763991951942444,0.6000000238418579
-0.2872362434864044,-0.2763991951942444,0.40000003576278687
-0.2872362434864044,-0.2763991951942444,0.20000001788139343
-0.2872362434864044,-0.2763991951942444,0.0
-0.2872362434864044,-0.2763991951942444,-0.20000000298023224
-0.2872362434864044,-0.2763991951942444,-0.4000000059604645
-0.2872362434864044,-0.2763991951942444,-0.6000000238418579
-0.2872362434864044,-0.2763991951942444,-0.800000011920929
-0.29660388827323914,-0.2687113583087921,0.800000011920929
-0.29660388827323914,-0.2687113583087921,0.6000000238418579
-0.29660388827323914,-0.2687113583087921,0.40000003576278687
-0.29660388827323914,-0.2687113583087921,0.20000001788139343
-0.29660388827323914,-0.2687113583087921,0.0
-0.29660388827323914,-0.2687113583087921,-0.20000000298023224
-0.29660388827323914,-0.2687113583087921,-0.4000000059604645
-0.29660388827323914,-0.2687113583087921,-0.6000000238418579
-0.29660388827323914,-0.2687113583087921,-0.800000011920929
-0.3042917251586914,-0.259343683719635,0.800000011920929
-0.3042917251586914,-0.259343683719635,0.6000000238418579
-0.3042917251586914,-0.259343683719635,0.40000003576278687
-0.3042917251586914,-0.259343683719635,0.20000001788139343
-0.3042917251586914,-0.259343683719635,0.0
-0.3042917251586914,-0.259343683719635,-0.20000000298023224
-0.3042917251586914,-0.259343683719635,-0.4000000059604645
-0.3042917251586914,-0.259343683719635,-0.6000000238418579
-0.3042917251586914,-0.259343683719635,-0.800000011920929
-0.3100042939186096,-0.24865621328353882,0.800000011920929
-0.3100042939186096,-0.24865621328353882,0.6000000238418579
-0.3100042939186096,-0.24865621328353882,0.40000003576278687
-0.3100042939186096,-0.24865621328353882,0.20000001788139343
-0.3100042939186096,-0.24865621328353882,0.0
-0.3100042939186096,-0.24865621328353882,-0.20000000298023224
-0.3100042939186096,-0.24865621328353882,-0.4000000059604645
-0.3100042939186096,-0.24865621328353882,-0.6000000238418579
-0.3100042939186096,-0.24865621328353882,-0.800000011920929
-0.313522070646286,-0.23705962300300598,0.800000011920929
-0.313522070646286,-0.23705962300300598,0.6000000238418579
-0.313522070646286,-0.23705962300300598,0.40000003576278687
-0.313522070646286,-0.23705962300300598,0.20000001788139343
-0.313522070646286,-0.23705962300300598,0.0
-0.313522070646286,-0.23705962300300598,-0.20000000298023224
-0.313522070646286,-0.23705962300300598,-0.4000000059604645
-0.313522070646286,-0.23705962300300598,-0.6000000238418579
-0.313522070646286,-0.23705962300300598,-0.800000011920929
-0.31470987200737,-0.2249995619058609,0.800000011920929
-0.31470987200737,-0.2249995619058609,0.6000000238418579
-0.31470987200737,-0.2249995619058609,0.40000003576278687
-0.31470987200737,-0.2249995619058609,0.20000001788139343
-0.31470987200737,-0.2249995619058609,0.0
-0.31470987200737,-0.2249995619058609,-0.20000000298023224
-0.31470987200737,-0.2249995619058609,-0.4000000059604645
-0.31470987200737,-0.2249995619058609,-0.6000000238418579
-0.31470987200737,-0.2249995619058609,-0.800000011920929
-0.3135220408439636,-0.21293951570987701,0.800000011920929
-0.3135220408439636,-0.21293951570987701,0.6000000238418579
-0.3135220408439636,-0.21293951570987701,0.40000003576278687
-0.3135220408439636,-0.21293951570987701,0.20000001788139343
-0.3135220408439636,-0.21293951570987701,0.0
-0.3135220408439636,-0.21293951570987701,-0.20000000298023224
-0.3135220408439636,-0.21293951570987701,-0.4000000059604645
-0.3135220408439636,-0.21293951570987701,-0.6000000238418579
-0.3135220408439636,-0.21293951570987701,-0.800000011920929
-0.31000423431396484,-0.20134292542934418,0.800000011920929
-0.31000423431396484,-0.20134292542934418,0.6000000238418579
-0.31000423431396484,-0.20134292542934418,0.40000003576278687
-0.31000423431396484,-0.20134292542934418,0.20000001788139343
-0.31000423431396484,-0.20134292542934418,0.0
-0.31000423431396484,-0.20134292542934418,-0.20000000298023224
-0.31000423431396484,-0.20134292542934418,-0.4000000059604645
-0.31000423431396484,-0.20134292542934418,-0.6000000238418579
-0.31000423431396484,-0.20134292542934418,-0.800000011920929
-0.30429166555404663,-0.1906554400920868,0.800000011920929
-0.30429166555404663,-0.1906554400920868,0.6000000238418579
-0.30429166555404663,-0.1906554400920868,0.40000003576278687
-0.30429166555404663,-0.1906554400920868,0.20000001788139343
-0.30429166555404663,-0.1906554400920868,0.0
-0.30429166555404663,-0.1906554400920868,-0.20000000298023224
-0.30429166555404663,-0.1906554400920868,-0.4000000059604645
-0.30429166555404663,-0.1906554400920868,-0.6000000238418579
-0.30429166555404663,-0.1906554400920868,-0.800000011920929
-0.296603798866272,-0.18128781020641327,0.800000011920929
-0.296603798866272,-0.18128781020641327,0.6000000238418579
-0.296603798866272,-0.18128781020641327,0.40000003576278687
-0.296603798866272,-0.18128781020641327,0.20000001788139343
-0.296603798866272,-0.18128781020641327,0.0
-0.296603798866272,-0.18128781020641327,-0.20000000298023224
-0.296603798866272,-0.18128781020641327,-0.4000000059604645
-0.296603798866272,-0.18128781020641327,-0.6000000238418579
-0.296603798866272,-0.18128781020641327,-0.800000011920929
-0.28723615407943726,-0.1735999882221222,0.800000011920929
-0.28723615407943726,-0.1735999882221222,0.6000000238418579
-0.28723615407943726,-0.1735999882221222,0.40000003576278687
-0.28723615407943726,-0.1735999882221222,0.20000001788139343
-0.28723615407943726,-0.1735999882221222,0.0
-0.28723615407943726,-0.1735999882221222,-0.20000000298023224
-0.28723615407943726,-0.1735999882221222,-0.4000000059604645
-0.28723615407943726,-0.1735999882221222,-0.6000000238418579
-0.28723615407943726,-0.1735999882221222,-0.800000011920929
-0.2765486538410187,-0.16788741946220398,0.800000011920929
-0.2765486538410187,-0.16788741946220398,0.6000000238418579
-0.2765486538410187,-0.16788741946220398,0.40000003576278687
-0.2765486538410187,-0.16788741946220398,0.20000001788139343
-0.2765486538410187,-0.16788741946220398,0.0
-0.2765486538410187,-0.16788741946220398,-0.20000000298023224
-0.2765486538410187,-0.16788741946220398,-0.4000000059604645
-0.2765486538410187,-0.16788741946220398,-0.6000000238418579
-0.2765486538410187,-0.16788741946220398,-0.800000011920929
-0.26495206356048584,-0.1643696427345276,0.800000011920929
-0.26495206356048584,-0.1643696427345276,0.6000000238418579
-0.26495206356048584,-0.1643696427345276,0.40000003576278687
-0.26495206356048584,-0.1643696427345276,0.20000001788139343
-0.26495206356048584,-0.1643696427345276,0.0
-0.26495206356048584,-0.1643696427345276,-0.20000000298023224
-0.26495206356048584,-0.1643696427345276,-0.4000000059604645
-0.26495206356048584,-0.1643696427345276,-0.6000000238418579
-0.26495206356048584,-0.1643696427345276,-0.800000011920929
