0.0;-0.2891927617374135,0.7592434743502992,0.3938502993843792,-1.7815412649857147,0.00420094449366924,-0.958956757399178,-0.01857191332342984;0.0,0.0,0.0;1.0,0.0,0.0,0.0
0.0;-0.29133798522408044,0.7592078624522771,0.39259732179755363,-1.7813163129743688,0.0035496212199772983,-0.9587085058247049,-0.01799855054334337;0.0,0.0018661225913092494,0.0;1.0,0.0,0.0,0.0
0.0;-0.29171195714882875,0.7591521174569867,0.3927657296243046,-1.7813689261219263,0.002358664371398939,-0.9582898818672739,-0.017256988447203008;0.0,0.003732245182618499,0.0;1.0,0.0,0.0,0.0
0.0;-0.2908586201014666,0.7590933888100803,0.39381422439122893,-1.7815499480947607,0.0011298448365287285,-0.9578956355752146,-0.01657744691482334;0.0,0.005598367657512426,0.0;1.0,0.0,0.0,0.0
0.0;-0.2896863101604415,0.7590657822576892,0.39495718647472955,-1.7816993416961526,0.0002921642620917196,-0.957664933105409,-0.016134371829200442;0.0,0.007464490365236998,0.0;1.0,0.0,0.0,0.0
0.0;-0.28857396174951205,0.7590938246800136,0.3958693768196032,-1.7817758580841885,-2.7135579629288123e-5,-0.9576200071937633,-0.015988921553365436;0.0,0.009330613538622856,0.0;1.0,0.0,0.0,0.0
0.0;-0.2874492964773406,0.7591777161873206,0.3966116236928841,-1.7818114251354937,9.785631290165178e-5,-0.9577201563061145,-0.01612499253817403;0.0,0.011196735315024853,0.0;1.0,0.0,0.0,0.0
0.0;-0.28615706513291816,0.7593017726385329,0.3973242363508982,-1.7818374994909816,0.0005606912058726611,-0.9579238620938111,-0.016503997766918212;0.0,0.013062858954071999,0.0;1.0,0.0,0.0,0.0
0.0;-0.2846475302429849,0.7594504861920103,0.39806610732548603,-1.781859999026194,0.0013023140715635265,-0.9582101515365663,-0.01709439156740316;0.0,0.01492898166179657,0.0;1.0,0.0,0.0,0.0
0.0;-0.28295830781023856,0.759616513243051,0.3988235202369498,-1.7818711027851972,0.002304661349555975,-0.9585711772607184,-0.01787567339947727;0.0,0.01679510436952114,0.0;1.0,0.0,0.0,0.0
0.0;-0.28113882602616014,0.75979882341253,0.3995693126876416,-1.7818643482546557,0.003560013281131949,-0.9590012076105758,-0.018832957102395947;0.0,0.018661227077245712,0.0;1.0,0.0,0.0,0.0
0.0;-0.27921333825707206,0.7599977637277685,0.4002935887684069,-1.7818387368664517,0.00505465710420988,-0.959492857532504,-0.019952908471988436;0.0,0.020527349784970284,0.0;1.0,0.0,0.0,0.0
0.0;-0.27718618902448244,0.7602124234276976,0.4010009611553372,-1.7817957444916206,0.006769243107103837,-0.9600383546905534,-0.021222830146413893;0.0,0.022393472492694855,0.0;1.0,0.0,0.0,0.0
0.0;-0.2750580787593687,0.7604408730435486,0.40169834051306946,-1.7817362681685986,0.00868432556659964,-0.9606311861651591,-0.022631007810186853;0.0,0.024259595200419426,0.0;1.0,0.0,0.0,0.0
0.0;-0.27283389284336657,0.7606813135202306,0.40238887881883045,-1.7816600199171861,0.010783304999909253,-0.9612663199422893,-0.024166835581955686;0.0,0.026125717908143997,0.0;1.0,0.0,0.0,0.0
0.0;-0.2705217613556128,0.7609326516830905,0.403072690564137,-1.7815662517581468,0.013052155060461083,-0.9619396255772047,-0.02582058607547539;0.0,0.02799183689057827,0.0;1.0,0.0,0.0,0.0
0.0;-0.2681298278300738,0.761194358371127,0.4037494026169088,-1.781454369366462,0.01547816132524482,-0.9626473924937368,-0.02758316825544852;0.0,0.02985796146094799,0.0;1.0,0.0,0.0,0.0
0.0;-0.2656647389186671,0.7614661176761732,0.40441936807263296,-1.781324015385005,0.018049224454654362,-0.9633862110297114,-0.02944606023178559;0.0,0.03172408416867256,0.0;1.0,0.0,0.0,0.0
0.0;-0.2631319041918498,0.7617476368588122,0.4050834841006887,-1.7811749089592375,0.02075383139305968,-0.9641530231403023,-0.031401344199253875;0.0,0.03359020873904228,0.0;1.0,0.0,0.0,0.0
0.0;-0.26053619727066624,0.762038642781496,0.4057426606562528,-1.7810067355205974,0.023581230723604234,-0.9649451455053842,-0.03344172669456027;0.0,0.035456333309412,0.0;1.0,0.0,0.0,0.0
0.0;-0.25788229953648995,0.7623389348217074,0.40639757732884174,-1.7808191469239636,0.026521501735270472,-0.9657602238482957,-0.03556050450801292;0.0,0.037322454154491425,0.0;1.0,0.0,0.0,0.0
0.0;-0.2551746805486968,0.7626484037916095,0.4070487332457021,-1.7806118021017394,0.029565494299561686,-0.9665961652134627,-0.037751501377300246;0.0,0.03918857499957085,0.0;1.0,0.0,0.0,0.0
0.0;-0.25241749388806467,0.762967011198706,0.40769656415772154,-1.7803843893828342,0.03270473275728682,-0.9674510880163144,-0.04000900887203691;0.0,0.04105469584465027,0.0;1.0,0.0,0.0,0.0
0.0;-0.2496145436761082,0.7632947596529018,0.40834149837105443,-1.780136624772617,0.035931344529555674,-0.968323294022238,-0.04232774406857064;0.0,0.04292082041501999,0.0;1.0,0.0,0.0,0.0
0.0;-0.24676932409774147,0.7636316747515351,0.40898394908111746,-1.7798682430952664,0.03923801767796528,-0.9692112499845935,-0.044702819119764065;0.0,0.04478694126009941,0.0;1.0,0.0,0.0,0.0
0.0;-0.24388506536841056,0.763977798851273,0.40962429716264726,-1.7795789947575704,0.04261796790613126,-0.970113569649936,-0.04712971497688646;0.0,0.04665306583046913,0.0;1.0,0.0,0.0,0.0
0.0;-0.24096476855302196,0.7643331888904634,0.41026288150150825,-1.77926864652627,0.04606490488275043,-0.9710289957496895,-0.04960425514614134;0.0,0.04851918667554855,0.0;1.0,0.0,0.0,0.0
0.0;-0.23801121829275806,0.7646979133698084,0.4109000057300548,-1.7789369836674265,0.04957299574838369,-0.9719563836067003,-0.05212257979135493;0.0,0.050385311245918274,0.0;1.0,0.0,0.0,0.0
0.0;-0.23502699736712215,0.7650720481118808,0.41153594309674374,-1.7785838098304687,0.05313683079434299,-0.9728946880590005,-0.054681121173701996;0.0,0.052251432090997696,0.0;1.0,0.0,0.0,0.0
0.0;-0.23201449684014577,0.7654556724129877,0.4121709431946727,-1.778208946431054,0.05675139178558052,-0.973842952682693,-0.05727658134557795;0.0,0.054117556661367416,0.0;1.0,0.0,0.0,0.0
0.0;-0.22897593293828522,0.7658488663764852,0.4128052322722254,-1.7778122312285536,0.06041202420343605,-0.9748003009231637,-0.05990591185734658;0.0,0.05598368123173714,0.0;1.0,0.0,0.0,0.0
0.0;-0.22591336134035786,0.7662517092873521,0.41343901426659974,-1.7773935174766293,0.06411441127098425,-0.9757659281059413,-0.06256629509626106;0.0,0.05784980580210686,0.0;1.0,0.0,0.0,0.0
0.0;-0.2228286902861686,0.7666642784852837,0.4140724718137556,-1.7769526732504093,0.06785454953969769,-0.9767390943160933,-0.06525512695019844;0.0,0.05971592664718628,0.0;1.0,0.0,0.0,0.0
0.0;-0.21972368920957658,0.7670866484876331,0.41470576967121997,-1.7764895810087342,0.0716287257890775,-0.9777191180924211,-0.06797000087944083;0.0,0.0615820474922657,0.0;1.0,0.0,0.0,0.0
0.0;-0.21659999919317,0.7675188902982568,0.41533905599943505,-1.7760041366847075,0.0754334961138157,-0.9787053711577457,-0.07070869326066886;0.0,0.06344816833734512,0.0;1.0,0.0,0.0,0.0
0.0;-0.2134591420463771,0.7679610709558529,0.4159724639180195,-1.7754962488027646,0.0792656665404865,-0.9796972737923266,-0.0734691498921194;0.0,0.06531429290771484,0.0;1.0,0.0,0.0,0.0
0.0;-0.21030253354577916,0.7684132531939115,0.4166061095604556,-1.7749658373017225,0.08312227522473432,-0.9806942907663455,-0.07624947317724667;0.0,0.06718041002750397,0.0;1.0,0.0,0.0,0.0
0.0;-0.20713148457425345,0.7688754953319963,0.41724009828278386,-1.7744128334696774,0.08700057466150232,-0.981695927233202,-0.07904791052533901;0.0,0.06904653459787369,0.0;1.0,0.0,0.0,0.0
0.0;-0.20394721269109084,0.7693478512265212,0.4178745226664787,-1.7738371786805205,0.0908980167779807,-0.9827017256929776,-0.08186284358742832;0.0,0.07091265916824341,0.0;1.0,0.0,0.0,0.0
0.0;-0.20075084718866734,0.7698303703471938,0.41850946478984474,-1.7732388238055448,0.0948122382892058,-0.9837112629237611,-0.08469277833999994;0.0,0.07277879118919373,0.0;1.0,0.0,0.0,0.0
0.0;-0.19754344313338862,0.7703230977291315,0.4191449917912416,-1.7726177280149205,0.09874104759240038,-0.9847241473726451,-0.08753633534861303;0.0,0.07464490830898285,0.0;1.0,0.0,0.0,0.0
0.0;-0.19432597537981877,0.7708260741107561,0.4197811654303819,-1.7719738592913716,0.10268241050350971,-0.9857400159762889,-0.09039224122965826;0.0,0.07651103287935257,0.0;1.0,0.0,0.0,0.0
0.0;-0.19109934848852778,0.7713393361154919,0.42041803944255207,-1.7713071931064346,0.10663443977986839,-0.9867585324261383,-0.09325932092858996;0.0,0.07837715744972229,0.0;1.0,0.0,0.0,0.0
0.0;-0.18786440580800534,0.7718629164364356,0.42105565733468125,-1.770617711487036,0.11059538483141215,-0.9877793852871425,-0.09613649027989911;0.0,0.08024327456951141,0.0;1.0,0.0,0.0,0.0
0.0;-0.18462192754135168,0.7723968441110263,0.4216940578003989,-1.7699054030260601,0.11456362095516306,-0.988802285767751,-0.0990227493446189;0.0,0.08210939913988113,0.0;1.0,0.0,0.0,0.0
0.0;-0.18137263939193415,0.772941144731387,0.42233327211867827,-1.7691702618655838,0.11853764082944196,-0.9898269663126381,-0.10191717616212975;0.0,0.08397552371025085,0.0;1.0,0.0,0.0,0.0
0.0;-0.17811721688962528,0.7734958406235192,0.4229733245490421,-1.7684122872419246,0.12251604577654036,-0.9908531789210925,-0.1048189208071962;0.0,0.08584164828062057,0.0;1.0,0.0,0.0,0.0
0.0;-0.17485628815394585,0.7740609509988428,0.42361423363430306,-1.7676314831733542,0.12649753743658765,-0.9918806935058339,-0.10772719985655338;0.0,0.0877077728509903,0.0;1.0,0.0,0.0,0.0
0.0;-0.17159043898654108,0.774636492054711,0.4242560116192812,-1.7668278579828505,0.13048091027840314,-0.992909296480911,-0.11064129115965692;0.0,0.08957388997077942,0.0;1.0,0.0,0.0,0.0
0.0;-0.16832021412783252,0.7752224771056131,0.42489866639700946,-1.7660014241106754,0.1344650442825672,-0.9939387892955162,-0.11356052907815191;0.0,0.09143999963998795,0.0;1.0,0.0,0.0,0.0
0.0;-0.16554281530341425,0.7757422200252113,0.42521906107499235,-1.7655131304699732,0.13847171599877225,-0.9950377186338286,-0.11643859490605486;-0.001828799955546856,0.09143999963998795,0.0;1.0,0.0,0.0,0.0
0.0;-0.1633296265705912,0.7760440570293132,0.42524380919286303,-1.7656086566139078,0.14240500540385456,-0.9962579221584194,-0.11918951431203496;-0.003657599911093712,0.09143999963998795,0.0;1.0,0.0,0.0,0.0
0.0;-0.16148489389924056,0.7760007595251058,0.4251879819453062,-1.7663538779852683,0.1461470686356635,-0.9976235729543572,-0.12173255480141516;-0.005486399866640568,0.09143999963998795,0.0;1.0,0.0,0.0,0.0
0.0;-0.1598448678685602,0.7755727771946048,0.4252045070078731,-1.7677082459177702,0.14964495774621764,-0.9991402307206663,-0.12402472735078528;-0.007315200287848711,0.09143999963998795,0.0;1.0,0.0,0.0,0.0
0.0;-0.15836362704618198,0.7747956865466507,0.425322301090498,-1.7695975397613142,0.15291054075455146,-1.0008028280833747,-0.12606191693373614;-0.00914399977773428,0.09143999963998795,0.0;1.0,0.0,0.0,0.0
0.0;-0.15705316021324373,0.7737329829793268,0.4255085858965626,-1.7719496924240439,0.15597796756740445,-1.0026007285123908,-0.12786212893542767;-0.010972799733281136,0.09143999963998795,0.0;1.0,0.0,0.0,0.0
0.0;-0.15591922890652424,0.7724405000552621,0.42573250444351846,-1.7747036885106626,0.1588726944920024,-1.0045215546096173,-0.12944914396544158;-0.012801599688827991,0.09143999963998795,0.0;1.0,0.0,0.0,0.0
0.0;-0.15494574048439397,0.7709563841319984,0.4259839273788428,-1.7778083904848363,0.16160629971162493,-1.0065537936772757,-0.1308442771473216;-0.014630400575697422,0.09143999963998795,0.0;1.0,0.0,0.0,0.0
0.0;-0.154108193113902,0.7693064645751965,0.42626401619552073,-1.7812203237875532,0.16418432718050957,-1.0086877151087854,-0.13206475606076742;-0.016459200531244278,0.09143999963998795,0.0;1.0,0.0,0.0,0.0
0.0;-0.15338673675199985,0.7675115765817261,0.42657380415284757,-1.784902319843836,0.16661317029222428,-1.0109150258163693,-0.1331247554282171;-0.01828799955546856,0.09143999963998795,0.0;1.0,0.0,0.0,0.0
0.0;-0.15276873329701007,0.76559096364292,0.4269108764891644,-1.788822475782997,0.1689016290789751,-1.0132281826807288,-0.13403659677993937;-0.02011680044233799,0.09143999963998795,0.0;1.0,0.0,0.0,0.0
0.0;-0.15224535457696753,0.7635623927987231,0.42727127387945363,-1.7929530589780456,0.17105943582270206,-1.0156200099823216,-0.13481144189709446;-0.02194560132920742,0.09143999963998795,0.0;1.0,0.0,0.0,0.0
0.0;-0.1518084731450654,0.7614414603386377,0.42765158947991483,-1.797269536162115,0.1730958023552687,-1.0180836888310074,-0.13545962492816987;-0.0237744003534317,0.09143999963998795,0.0;1.0,0.0,0.0,0.0
0.0;-0.15144976542394345,0.7592414480734273,0.42804951436536354,-1.8017500088651848,0.1750189732557589,-1.020612815001378,-0.1359907959099606;-0.025603201240301132,0.09143999963998795,0.0;1.0,0.0,0.0,0.0
0.0;-0.15116120281014275,0.7569736863400783,0.42846335653458056,-1.8063749121931085,0.17683647652353277,-1.0232014401090026,-0.13641398024175794;-0.027432000264525414,0.09143999963998795,0.0;1.0,0.0,0.0,0.0
0.0;-0.15093557796881005,0.7546480008062579,0.4288915579784677,-1.8111268287005955,0.1785554402134679,-1.0258440587886417,-0.1367375894061444;-0.029260801151394844,0.09143999963998795,0.0;1.0,0.0,0.0,0.0
0.0;-0.1507665873597821,0.7522730030844084,0.42933257208987263,-1.8159902988143046,0.18018271167766106,-1.0285355730226304,-0.13696941883965522;-0.031089600175619125,0.09143999963998795,0.0;1.0,0.0,0.0,0.0
0.0;-0.15064864491895955,0.7498562358448267,0.4297849516157861,-1.8209516081748047,0.18172483277565926,-1.03127126366839,-0.1371166625698;-0.032918401062488556,0.09143999963998795,0.0;1.0,0.0,0.0,0.0
0.0;-0.1505766949944331,0.74740426860117,0.4302474306574829,-1.825998575518898,0.18318799303304834,-1.0340467731454555,-0.13718595173327275;-0.034747201949357986,0.09143999963998795,0.0;1.0,0.0,0.0,0.0
0.0;-0.15054612139044657,0.7449228017669228,0.4307189282133057,-1.8311203670138336,0.18457801735199827,-1.0368580903902167,-0.13718340561518055;-0.03657599911093712,0.09143999963998795,0.0;1.0,0.0,0.0,0.0
0.0;-0.15055271769141415,0.7424167808547093,0.43119850837897655,-1.836307344531555,0.1859003822638318,-1.0397015325949437,-0.1371146807354375;-0.03840479999780655,0.09143999963998795,0.0;1.0,0.0,0.0,0.0
0.0;-0.15059266642023897,0.7398905030230791,0.4316853433456761,-1.841550934366573,0.1871602384891445,-1.0425737239503998,-0.13698501085262277;-0.04023360460996628,0.09143999963998795,0.0;1.0,0.0,0.0,0.0
0.0;-0.1506625063899257,0.737347706267837,0.4321786952649044,-1.8468435078094223,0.18836242848210874,-1.0454715736310451,-0.13679923853954726;-0.04206240177154541,0.09143999963998795,0.0;1.0,0.0,0.0,0.0
0.0;-0.15075909242515992,0.7347916416744313,0.4326779110372734,-1.852178279223721,0.18951149964262534,-1.0483922557372514,-0.13656184202817356;-0.04389120265841484,0.09143999963998795,0.0;1.0,0.0,0.0,0.0
0.0;-0.15087956002174108,0.7322251340277353,0.43318241763820003,-1.8575492111673917,0.19061171682731098,-1.051333190884602,-0.1362769601950555;-0.04572000354528427,0.09143999963998795,0.0;1.0,0.0,0.0,0.0
0.0;-0.151021296976918,0.7296506354268157,0.43369171487639835,-1.8629509301706388,0.1916670757293293,-1.0542920284732273,-0.13594841666940516;-0.0475488007068634,0.09143999963998795,0.0;1.0,0.0,0.0,0.0
0.0;-0.15118191951331866,0.7270702728915814,0.43420536728468834,-1.868378655662438,0.19268131684219564,-1.0572666297794837,-0.13557974284537586;-0.049377601593732834,0.09143999963998795,0.0;1.0,0.0,0.0,0.0
0.0;-0.1513592518367253,0.7244858901622963,0.43472299604457165,-1.8738281343765943,0.19365793913586093,-1.0602550516203237,-0.1351741993942564;-0.051206402480602264,0.09143999963998795,0.0;1.0,0.0,0.0,0.0
0.0;-0.15155130706228043,0.7218990843279486,0.43524427238798447,-1.8792955819979904,0.19460021306892478,-1.0632555306182305,-0.13473479613943004;-0.053035199642181396,0.09143999963998795,0.0;1.0,0.0,0.0,0.0
0.0;-0.151756269192552,0.7193112375033394,0.4357689125249575,-1.8847776333670474,0.195511193096673,-1.0662664686339458,-0.13426431038933864;-0.05486399680376053,0.09143999963998795,0.0;1.0,0.0,0.0,0.0
0.0;-0.1519724770668148,0.7167235439136931,0.436296673159429,-1.8902712987029888,0.19639372991655069,-1.0692864196137435,-0.13376530388100435;-0.05669280141592026,0.09143999963998795,0.0;1.0,0.0,0.0,0.0
0.0;-0.15219841121875047,0.7141370340154426,0.4368273464077629,-1.895773918868499,0.19725048222803354,-1.0723140766710781,-0.13324013853606026;-0.05852159857749939,0.09143999963998795,0.0;1.0,0.0,0.0,0.0
0.0;-0.15243268038145863,0.7115525957581376,0.4373607564628698,-1.9012831323358155,0.19808392810729578,-1.0753482602675264,-0.1326909911336729;-0.06035039946436882,0.09143999963998795,0.0;1.0,0.0,0.0,0.0
0.0;-0.15267401031280284,0.7089709928988183,0.43789675587100957,-1.9067968424323853,0.198896375945668,-1.0783879073131994,-0.13211986697399827;-0.06217920035123825,0.09143999963998795,0.0;1.0,0.0,0.0,0.0
0.0;-0.15292123341610456,0.7063928809150148,0.438435222422873,-1.912313189355404,0.19968997492450147,-1.0814320611986745,-0.1315286125829129;-0.06400800496339798,0.09143999963998795,0.0;1.0,0.0,0.0,0.0
0.0;-0.15317327991291693,0.7038188212964765,0.4389760558526719,-1.9178305218862652,0.20046672489138406,-1.0844798620943499,-0.13091892755096846;-0.06583680212497711,0.09143999963998795,0.0;1.0,0.0,0.0,0.0
0.0;-0.15342916837599538,0.7012492937649198,0.4395191760595509,-1.9233473787572604,0.2012284858730184,-1.087530538556054,-0.13029237552826545;-0.06766560673713684,0.09143999963998795,0.0;1.0,0.0,0.0,0.0
0.0;-0.15368799894124932,0.698684706977225,0.44006452012187197,-1.9288624646858576,0.2019769870666461,-1.0905833994282508,-0.12965039445338505;-0.06949440389871597,0.09143999963998795,0.0;1.0,0.0,0.0,0.0
0.0;-0.15394894575437948,0.6961254080024099,0.4406120406681451,-1.9343746343157329,0.20271383538638793,-1.09363782655733,-0.1289943060587147;-0.0713232010602951,0.09143999963998795,0.0;1.0,0.0,0.0,0.0
0.0;-0.1542112503755407,0.6935716900897868,0.4411617043162597,-1.9398828780074595,0.20344052367866228,-1.0966932685533393,-0.1283253246671532;-0.07315200567245483,0.09143999963998795,0.0;1.0,0.0,0.0,0.0
0.0;-0.15447421725988847,0.6910238001400325,0.4417134889949801,-1.9453863014557313,0.2041584382895319,-1.0997492341171025,-0.12764456539605187;-0.07498079538345337,0.09143999963998795,0.0;1.0,0.0,0.0,0.0
0.0;-0.15473720688251352,0.6884819450767726,0.4422673837104682,-1.9508841190675654,0.20486886632396695,-1.1028052866253426,-0.1269530517651301;-0.0768095925450325,0.09143999963998795,0.0;1.0,0.0,0.0,0.0
0.0;-0.1549996313429691,0.6859462966478816,0.4428233870445668,-1.9563756422461807,0.20557300262088893,-1.1058610395607544,-0.12625172271689358;-0.07863839715719223,0.09143999963998795,0.0;1.0,0.0,0.0,0.0
0.0;-0.1552609507730461,0.6834169961273586,0.4433815053960498,-1.9618602659323412,0.20627195619545946,-1.1089161517529091,-0.12554143913035093;-0.08046720176935196,0.09143999963998795,0.0;1.0,0.0,0.0,0.0
0.0;-0.15552066928958078,0.6808941592478206,0.44394175183225165,-1.9673374577316707,0.20696675611213888,-1.1119703223807142,-0.1248229899195082;-0.08229599893093109,0.09143999963998795,0.0;1.0,0.0,0.0,0.0
0.0;-0.1557783300763967,0.6783778799545827,0.444504146113393,-1.972806754538848,0.20765835716039252,-1.1150232871982857,-0.12409709768701437;-0.08412480354309082,0.09143999963998795,0.0;1.0,0.0,0.0,0.0
0.0;-0.1560335129818522,0.6758682334156584,0.4450687131312343,-1.9782677515948037,0.20834764517923926,-1.1180748149455912,-0.12336442396511167;-0.08595360070466995,0.09143999963998795,0.0;1.0,0.0,0.0,0.0
0.0;-0.1562858309930801,0.6733652787103653,0.4456354825513965,-1.983720097918883,0.2090354420788751,-1.1211247042716639,-0.12262557404703259;-0.08778239786624908,0.09143999963998795,0.0;1.0,0.0,0.0,0.0
0.0;-0.15653492722256496,0.6708690607389127,0.4462044884367571,-1.9891634923622072,0.20972251065195738,-1.1241727813233615,-0.12188110140691386;-0.08961120247840881,0.09143999963998795,0.0;1.0,0.0,0.0,0.0
0.0;-0.1567804733385096,0.6683796123920246,0.4467757678886903,-1.9945976739857072,0.21040955892162386,-1.12721889682309,-0.12113151180289894;-0.09143999963998795,0.09143999963998795,0.0;1.0,0.0,0.0,0.0
0.0;-0.1570221664447729,0.6658969567540127,0.4473493610905067,-2.000022419611589,0.21109724416895165,-1.130262923439696,-0.12037726709428014;-0.09326879680156708,0.09143999963998795,0.0;1.0,0.0,0.0,0.0
0.0;-0.15725972680000577,0.6634211086472275,0.44792531096643967,-2.0054375401909836,0.2117861767654922,-1.1333047536546315,-0.11961878877187722;-0.09509759396314621,0.09143999963998795,0.0;1.0,0.0,0.0,0.0
0.0;-0.15749289597686605,0.6609520758135019,0.44850366271640874,-2.0108428768847486,0.212476923777924,-1.1363442979352865,-0.11885646120957093;-0.09692639112472534,0.09143999963998795,0.0;1.0,0.0,0.0,0.0
0.0;-0.1577214346009838,0.6584898595265581,0.44908446395873214,-2.016238300829885,0.2131700124563965,-1.1393814835967067,-0.11809063460869722;-0.09875520318746567,0.09143999963998795,0.0;1.0,0.0,0.0,0.0
0.0;-0.15794512241701383,0.6560344561070341,0.4496677629672569,-2.0216237017672247,0.2138659331648921,-1.1424162523724566,-0.11732162778323794;-0.1005840003490448,0.09143999963998795,0.0;1.0,0.0,0.0,0.0
0.0;-0.15816375514299238,0.6535858586061782,0.4502536095553782,-2.026998990279714,0.21456514210658706,-1.145448558484189,-0.11654973077147833;-0.10241279751062393,0.09143999963998795,0.0;1.0,0.0,0.0,0.0
0.0;-0.1583771426275156,0.6511440571077692,0.4508420552779928,-2.0323640983083244,0.21526806412074326,-1.1484783678428303,-0.11577520719925034;-0.10424160212278366,0.09143999963998795,0.0;1.0,0.0,0.0,0.0
0.0;-0.15858510881163476,0.6487090390858401,0.4514331522841677,-2.037718972438841,0.21597509519992536,-1.1515056568937374,-0.11499829645187994;-0.10607039928436279,0.09143999963998795,0.0;1.0,0.0,0.0,0.0
0.0;-0.15878749000486836,0.6462807900978402,0.4520269535768893,-2.0430635739269585,0.21668660478877758,-1.1545304115213766,-0.11421921566605187;-0.10789919644594193,0.09143999963998795,0.0;1.0,0.0,0.0,0.0
0.0;-0.15898413318173094,0.6438592937482591,0.4526235134995556,-2.0483978807792584,0.21740293810955885,-1.1575526267194727,-0.113438161497045;-0.10972800850868225,0.09143999963998795,0.0;1.0,0.0,0.0,0.0
0.0;-0.15917489682717537,0.6414445324638415,0.45322288606993744,-2.0537218776663178,0.21812441801216603,-1.1605723050096945,-0.11265531182053036;-0.11155680567026138,0.09143999963998795,0.0;1.0,0.0,0.0,0.0
0.0;-0.15935964852102302,0.639036488562656,0.45382512596331875,-2.0590355592753533,0.21885134668995937,-1.1635894552392005,-0.11187082733644646;-0.11338560283184052,0.09143999963998795,0.0;1.0,0.0,0.0,0.0
0.0;-0.15953826366840967,0.6366351441184159,0.45443028884729086,-2.0643389319035643,0.2195840075029181,-1.1666040923799958,-0.11108485300133747;-0.11521440744400024,0.09143999963998795,0.0;1.0,0.0,0.0,0.0
0.0;-0.1597106259553494,0.6342404809767542,0.45503843035544483,-2.0696320077363612,0.2203226665781769,-1.1696162368786172,-0.11029751934540197;-0.11704320460557938,0.09143999963998795,0.0;1.0,0.0,0.0,0.0
0.0;-0.15987662608456576,0.6318524811396043,0.4556496064658469,-2.0749148058304203,0.221067574259545,-1.1726259140210624,-0.10950894367703957;-0.11887200176715851,0.09143999963998795,0.0;1.0,0.0,0.0,0.0
0.0;-0.16003616049059455,0.6294711264421557,0.45626387409239244,-2.0801873550566707,0.22181896663091547,-1.1756331540581142,-0.10871923112471385;-0.12070081382989883,0.09143999963998795,0.0;1.0,0.0,0.0,0.0
0.0;-0.16018913260683823,0.6270963990524893,0.45688128947109063,-2.085449684684084,0.22257706663482577,-1.178637991030196,-0.1079284756690997;-0.12252961099147797,0.09143999963998795,0.0;1.0,0.0,0.0,0.0
0.0;-0.16033545082763453,0.6247282823076551,0.45750190921873557,-2.090701828428263,0.22334208509504513,-1.1816404619402927,-0.10713676113064187;-0.1243584081530571,0.09143999963998795,0.0;1.0,0.0,0.0,0.0
0.0;-0.16047502840369635,0.6223667610977538,0.4581257899012265,-2.095943821565468,0.2241142216764893,-1.18464060599925,-0.10634416211249935;-0.12618719041347504,0.09143999963998795,0.0;1.0,0.0,0.0,0.0
0.0;-0.1606077812708994,0.6200118208250247,0.45875298964206956,-2.1011757101362694,0.22489366622257542,-1.1876384657512336,-0.10555074470846423;-0.12801599502563477,0.09143999963998795,0.0;1.0,0.0,0.0,0.0
0.0;-0.16073363056413742,0.6176634470120764,0.45938356580554457,-2.1063975389932805,0.22568059971262575,-1.1906340866545375,-0.10475656716608021;-0.1298447847366333,0.09143999963998795,0.0;1.0,0.0,0.0,0.0
0.0;-0.1608524998752602,0.6153216251452087,0.4600175770422081,-2.1116093618050313,0.22647519529399845,-1.1936275175326287,-0.10396168041266392;-0.13167360424995422,0.09143999963998795,0.0;1.0,0.0,0.0,0.0
0.0;-0.16096431807478329,0.612986341812767,0.46065508046205184,-2.11681122475409,0.22727761867948315,-1.1966188086138443,-0.10316612873875615;-0.13350239396095276,0.09143999963998795,0.0;1.0,0.0,0.0,0.0
0.0;-0.1610690154598492,0.6106575855689617,0.46129613438648653,-2.1220031794268173,0.22808802875770476,-1.1996080111809364,-0.10236995043154029;-0.1353311985731125,0.09143999963998795,0.0;1.0,0.0,0.0,0.0
0.0;-0.1611665250915974,0.6083353467496122,0.46194079697905016,-2.1271852760258403,0.22890657820863444,-1.2025951772335153,-0.10157317837918399;-0.13715998828411102,0.09143999963998795,0.0;1.0,0.0,0.0,0.0
0.0;-0.16125678119340536,0.6060196167060131,0.46258912749811265,-2.1323575704593805,0.22973341435632866,-1.2055803603570956,-0.10077584049251169;-0.13898879289627075,0.09143999963998795,0.0;1.0,0.0,0.0,0.0
0.0;-0.16133972040162803,0.6037103871538689,0.4632411852088334,-2.1375201190807904,0.23056867987538143,-1.2085636159451092,-0.09997796004369733;-0.14081759750843048,0.09143999963998795,0.0;1.0,0.0,0.0,0.0
0.0;-0.16141528154130316,0.6014076505799621,0.4638970293605968,-2.1426729775535387,0.23141251324304596,-1.2115450006721036,-0.09917955600929837;-0.1426464021205902,0.09143999963998795,0.0;1.0,0.0,0.0,0.0
0.0;-0.16148340497740699,0.5991114008206264,0.4645567194720581,-2.1478162012922417,0.23226504909550735,-1.214524571892387,-0.09838064344306445;-0.14447520673274994,0.09143999963998795,0.0;1.0,0.0,0.0,0.0
0.0;-0.1615440321935318,0.5968216332565182,0.4652203154854538,-2.1529498458816714,0.23312641861868402,-1.2175023873787063,-0.09758123384173428;-0.14630401134490967,0.09143999963998795,0.0;1.0,0.0,0.0,0.0
0.0;-0.16159710564976337,0.5945383446747563,0.4658878777611319,-2.158073967097466,0.2339967499794436,-1.2204785053401035,-0.09678133546628825;-0.1481328159570694,0.09143999963998795,0.0;1.0,0.0,0.0,0.0
0.0;-0.16164256929019793,0.5922615335350669,0.46655946645620616,-2.1631886172736676,0.23487616857639318,-1.2234529839078512,-0.09598095368310175;-0.14996160566806793,0.09143999963998795,0.0;1.0,0.0,0.0,0.0
0.0;-0.1616803666557843,0.5899911994570923,0.46723514310723957,-2.1682938537362713,0.23576479758923327,-1.226425881924089,-0.09518009114928362;-0.15179041028022766,0.09143999963998795,0.0;1.0,0.0,0.0,0.0
0.0;-0.16171044228010245,0.5877273425010164,0.46791496951954037,-2.173389733631378,0.23666275846323215,-1.2293972592978344,-0.09437874794008735;-0.1536192148923874,0.09143999963998795,0.0;1.0,0.0,0.0,0.0
0.0;-0.1617327417055465,0.5854699634409182,0.46859900764917695,-2.1784763125810036,0.2375701711530455,-1.2323671766505144,-0.0935769217099843;-0.15544801950454712,0.09143999963998795,0.0;1.0,0.0,0.0,0.0
0.0;-0.1617472115720372,0.5832190647651652,0.4692873192576598,-2.1835536415785053,0.23848715411210714,-1.2353356941866094,-0.09277460796757087;-0.15727680921554565,0.09143999963998795,0.0;1.0,0.0,0.0,0.0
0.0;-0.1617537974634317,0.58097465050573,0.4699799676778551,-2.188621776122605,0.23941382465184735,-1.2383028722284923,-0.09197180024714434;-0.15910561382770538,0.09143999963998795,0.0;1.0,0.0,0.0,0.0
0.0;-0.16175244533675348,0.5787367254327538,0.4706770166808775,-2.193680771280494,0.2403502993355114,-1.2412687716767477,-0.09116849021932198;-0.1609344184398651,0.09143999963998795,0.0;1.0,0.0,0.0,0.0
0.0;-0.1617431022692579,0.5765052955640408,0.4713785296870152,-2.198730676864228,0.24129669401071777,-1.2442334532614836,-0.09036466788170976;-0.16276320815086365,0.09143999963998795,0.0;1.0,0.0,0.0,0.0
0.0;-0.16172571427623156,0.5742803681667006,0.472084571579866,-2.2037715464306165,0.24225312408870428,-1.2471969779315981,-0.08956032165099269;-0.16459201276302338,0.09143999963998795,0.0;1.0,0.0,0.0,0.0
0.0;-0.16170022752294344,0.5720619512621922,0.472795207727564,-2.2088034327037804,0.24321970482622418,-1.2501594070707338,-0.08875543842944317;-0.1664208173751831,0.09143999963998795,0.0;1.0,0.0,0.0,0.0
0.0;-0.1616665884031613,0.5698500538032664,0.47351050385440363,-2.213826386489408,0.24419655144909871,-1.2531208022552758,-0.08795000369949856;-0.16824962198734283,0.09143999963998795,0.0;1.0,0.0,0.0,0.0
0.0;-0.1616247437804605,0.5676446864876392,0.4742305256277976,-2.2188404535844897,0.24518377905080194,-1.2560812243095665,-0.08714400172432131;-0.17007841169834137,0.09143999963998795,0.0;1.0,0.0,0.0,0.0
0.0;-0.16157463893444637,0.5654458614943408,0.47495534041878934,-2.2238456839722547,0.24618150287374463,-1.2590407339553533,-0.08633741561721207;-0.1719072163105011,0.09143999963998795,0.0;1.0,0.0,0.0,0.0
0.0;-0.16151621961316384,0.5632535921205701,0.4756850155673678,-2.2288421233997875,0.2471898384499011,-1.2619993917141241,-0.08553022743165771;-0.17373600602149963,0.09143999963998795,0.0;1.0,0.0,0.0,0.0
0.0;-0.16144943042024473,0.5610678924594199,0.47641961982421066,-2.2338298207779985,0.24820890188864564,-1.264957258550528,-0.08472241814271704;-0.17556481063365936,0.09143999963998795,0.0;1.0,0.0,0.0,0.0
0.0;-0.16137421598970522,0.5588887771107741,0.47715922240088915,-2.2388088234271253,0.24923881005245435,-1.267914395915352,-0.08391396763740488;-0.1773936152458191,0.09143999963998795,0.0;1.0,0.0,0.0,0.0
0.0;-0.16129052088497386,0.5567162616386135,0.47790389296931995,-2.243779176331204,0.2502796805521082,-1.2708708652776726,-0.08310485477530093;-0.17922241985797882,0.09143999963998795,0.0;1.0,0.0,0.0,0.0
0.0;-0.16119828978025152,0.5545503634779967,0.4786537012932682,-2.2487409192931023,0.2513316315562637,-1.2738267271036148,-0.08229505757395511;-0.18105120956897736,0.09143999963998795,0.0;1.0,0.0,0.0,0.0
0.0;-0.1610974660309741,0.5523911020763356,0.4794087183810039,-2.2536940927475797,0.25239478185900793,-1.2767820409577642,-0.08148455333069081;-0.1828799992799759,0.09143999963998795,0.0;1.0,0.0,0.0,0.0
0.0;-0.16149021279372192,0.5502730118645041,0.4797362129345402,-2.25826687271778,0.2534714759187141,-1.2796820007182605,-0.08064989336273527;-0.1828799992799759,0.08959272503852844,0.0;1.0,0.0,0.0,0.0
0.0;-0.162448324519272,0.5482786554474596,0.4795767974652763,-2.262302826730247,0.25439055225379775,-1.2823753892961736,-0.07975035797910308;-0.1828799992799759,0.08774545043706894,0.0;1.0,0.0,0.0,0.0
0.0;-0.16375690480266347,0.5464768461817502,0.4791194660710029,-2.2658452796660127,0.2549441116509732,-1.2847210631232748,-0.07875276309089438;-0.1828799992799759,0.08589818328619003,0.0;1.0,0.0,0.0,0.0
0.0;-0.16522556054015794,0.5448830895842177,0.47853151783235376,-2.2689909833377806,0.25502263336203995,-1.2866658819404138,-0.07764541925407424;-0.1828799992799759,0.08405090868473053,0.0;1.0,0.0,0.0,0.0
0.0;-0.1667958911328185,0.5434688601190516,0.4778655406566509,-2.2718143840416762,0.2546297531572483,-1.2882378871728306,-0.07643369746640505;-0.1828799992799759,0.08220363408327103,0.0;1.0,0.0,0.0,0.0
0.0;-0.16848789234139785,0.5421918490249198,0.4771063392888433,-2.274364052143472,0.25382407693738407,-1.2894975959899884,-0.07512817130619638;-0.1828799992799759,0.08035635948181152,0.0;1.0,0.0,0.0,0.0
0.0;-0.17032566008369251,0.5410173547694019,0.4762355464516464,-2.276679009152704,0.25266471338385804,-1.290499559822445,-0.07373657371805976;-0.1828799992799759,0.07850909233093262,0.0;1.0,0.0,0.0,0.0
0.0;-0.17230926616095424,0.5399230745052239,0.47525572733758975,-2.2787961928629716,0.251191439747583,-1.291280914269831,-0.07226240424574719;-0.1828799992799759,0.07666181772947311,0.0;1.0,0.0,0.0,0.0
0.0;-0.17442325771432893,0.5388948037791644,0.47418250170265813,-2.2807487041391177,0.2494294174434691,-1.2918665431337142,-0.07070714905335997;-0.1828799992799759,0.07481454312801361,0.0;1.0,0.0,0.0,0.0
0.0;-0.17665172012574654,0.5379216204608271,0.47303113619781273,-2.282563070799523,0.24739889542021518,-1.2922765453692626,-0.06907249526178563;-0.1828799992799759,0.07296726852655411,0.0;1.0,0.0,0.0,0.0
0.0;-0.17898451472172086,0.5369938395922452,0.4718111036498761,-2.2842593561358044,0.24511999625244799,-1.2925296944379034,-0.06736111039575284;-0.1828799992799759,0.0711199939250946,0.0;1.0,0.0,0.0,0.0
0.0;-0.18141568080707438,0.5361029708779086,0.47052764787478296,-2.2858531540382208,0.2426127193075228,-1.2926435375298635,-0.0655763781070996;-0.1828799992799759,0.0692727267742157,0.0;1.0,0.0,0.0,0.0
0.0;-0.1839401506167601,0.5352420575090215,0.46918485496434204,-2.287357423694595,0.23989558598358973,-1.2926336747975973,-0.06372189857262203;-0.1828799992799759,0.0674254521727562,0.0;1.0,0.0,0.0,0.0
0.0;-0.18655220242905401,0.5344056475202776,0.4677871587507328,-2.2887833374514805,0.23698499145787796,-1.292513566363865,-0.061801187716917526;-0.1828799992799759,0.06557817757129669,0.0;1.0,0.0,0.0,0.0
0.0;-0.18924566534604703,0.533589484291884,0.4663392405877897,-2.290140438723422,0.23389545765015624,-1.2922948718063247,-0.059817622493103455;-0.1828799992799759,0.06373090296983719,0.0;1.0,0.0,0.0,0.0
0.0;-0.19201458323478682,0.5327901905953965,0.4648454835209517,-2.291436669393947,0.23064012403726936,-1.2919878764883286,-0.05777447950925163;-0.1828799992799759,0.06188363581895828,0.0;1.0,0.0,0.0,0.0
0.0;-0.1948535579545413,0.532005073165071,0.46330969210359507,-2.2926785231944873,0.227231057583479,-1.2916017601867147,-0.05567496309830101;-0.1828799992799759,0.06003636121749878,0.0;1.0,0.0,0.0,0.0
0.0;-0.19775771195534342,0.5312320190276866,0.46173514595320714,-2.293871296262655,0.22367935074922712,-1.2911447214417342,-0.053522199829839676;-0.1828799992799759,0.058189086616039276,0.0;1.0,0.0,0.0,0.0
0.0;-0.20072253357963557,0.5304694182967338,0.46012475884789017,-2.295019330131968,0.21999514718148125,-1.2906240572672256,-0.05131921738615743;-0.1828799992799759,0.05634181573987007,0.0;1.0,0.0,0.0,0.0
0.0;-0.20374378361062256,0.529716082845887,0.4584811837176846,-2.296126194345151,0.21618769170933733,-1.2900462546864888,-0.049068925786558734;-0.1828799992799759,0.05449454113841057,0.0;1.0,0.0,0.0,0.0
0.0;-0.20681747567373115,0.5289711646370568,0.4568068493228447,-2.2971948150507036,0.21226541449387148,-1.2894170938594525,-0.04677410663906773;-0.1828799992799759,0.052647266536951065,0.0;1.0,0.0,0.0,0.0
0.0;-0.2099398858452933,0.5282340854262072,0.4551039667267282,-2.2982275752795003,0.20823602337080244,-1.288741744442604,-0.044437408246551416;-0.1828799992799759,0.05079999566078186,0.0;1.0,0.0,0.0,0.0
0.0;-0.21310755568729392,0.5275044820231115,0.4533745375740191,-2.2992264029956795,0.20410658317784972,-1.2880248447508726,-0.04206134336059172;-0.1828799992799759,0.048952724784612656,0.0;1.0,0.0,0.0,0.0
0.0;-0.21631727836515957,0.5267821640516157,0.45162037429179874,-2.300192849777254,0.1998835776569736,-1.2872705648018314,-0.039648288318740565;-0.1828799992799759,0.04710545018315315,0.0;1.0,0.0,0.0,0.0
0.0;-0.219566074707344,0.5260670797270214,0.44984312688116673,-2.3011281579452207,0.1955729602158739,-1.2864826589563794,-0.03720048384482478;-0.1828799992799759,0.04525817930698395,0.0;1.0,0.0,0.0,0.0
0.0;-0.22285117659718923,0.525359286804912,0.4480443015516641,-2.3020333158802346,0.1911802010823006,-1.2856645127766861,-0.03472003739131192;-0.1828799992799759,0.043410904705524445,0.0;1.0,0.0,0.0,0.0
0.0;-0.226170010852469,0.5246589279945685,0.44622527754204766,-2.3029091029722433,0.18671033068246692,-1.2848191847043557,-0.03220892678717531;-0.1828799992799759,0.04156363010406494,0.0;1.0,0.0,0.0,0.0
0.0;-0.22952018494085236,0.5239662106774875,0.44438732113113394,-2.3037561265746267,0.18216797999353537,-1.2839494429034417,-0.029669004880029534;-0.1828799992799759,0.039716362953186035,0.0;1.0,0.0,0.0,0.0
0.0;-0.23289947915378612,0.5232813903542242,0.44253159312432444,-2.304574853108925,0.17755741791189386,-1.283057797669266,-0.02710200445919969;-0.1828799992799759,0.03786909207701683,0.0;1.0,0.0,0.0,0.0
0.0;-0.2363058344569778,0.5226047572618305,0.4406591595215132,-2.3053656342001605,0.17288258314279564,-1.282146529200038,-0.024509543304883998;-0.1828799992799759,0.03602181375026703,0.0;1.0,0.0,0.0,0.0
0.0;-0.2397373343557036,0.5219366257283254,0.43877100676907566,-2.306128728186397,0.16814711229386822,-1.2812177116566255,-0.02189312983436694;-0.1828799992799759,0.03417454659938812,0.0;1.0,0.0,0.0,0.0
0.0;-0.24319220072899406,0.521277325411779,0.4368680442811759,-2.3068643180386963,0.163354368163631,-1.280273235191748,-0.019254168745298596;-0.1828799992799759,0.03232727199792862,0.0;1.0,0.0,0.0,0.0
0.0;-0.2466687817051427,0.5206271942774183,0.4349511137060765,-2.307572526196704,0.15850746311705052,-1.279314824772271,-0.0165939666415545;-0.1828799992799759,0.030479995533823967,0.0;1.0,0.0,0.0,0.0
0.0;-0.2501655396568576,0.5199865730505262,0.433020997785591,-2.3082534267154635,0.15360928062106496,-1.278344056873859,-0.013913737798193241;-0.1828799992799759,0.028632724657654762,0.0;1.0,0.0,0.0,0.0
0.0;-0.2536810459819884,0.519355800768295,0.4310784230884618,-2.3089070552959567,0.14866249603429812,-1.2773623746083613,-0.011214609714771562;-0.1828799992799759,0.02678545005619526,0.0;1.0,0.0,0.0,0.0
0.0;-0.2572139711821008,0.5187352113542106,0.429124066812664,-2.309533417602002,0.14366959418359596,-1.2763711007702727,-0.008497628507558466;-0.1828799992799759,0.024938177317380905,0.0;1.0,0.0,0.0,0.0
0.0;-0.2607630763351216,0.5181251310080495,0.4271585622695179,-2.310132496038392,0.13863288577346072,-1.2753714495226784,-0.005763764198666261;-0.1828799992799759,0.023090910166502,0.0;1.0,0.0,0.0,0.0
0.0;-0.2643272100103037,0.5175258761387047,0.4251824996182163,-2.310704255306602,0.13355452294304807,-1.2743645370005856,-0.0030139155702216315;-0.1828799992799759,0.021243635565042496,0.0;1.0,0.0,0.0,0.0
0.0;-0.26790529820217923,0.5169377519152165,0.4231964327825811,-2.3112486470379987,0.1284365117552007,-1.2733513903126565,-0.00024891485386687665;-0.1828799992799759,0.019396360963582993,0.0;1.0,0.0,0.0,0.0
0.0;-0.2714963382787117,0.5163610512489043,0.4212008828059621,-2.3117656134273936,0.12328072473343818,-1.2723329558662482,0.002530467711220921;-0.1828799992799759,0.01754908449947834,0.0;1.0,0.0,0.0,0.0
0.0;-0.27509939287114343,0.515796054158299,0.41919634127124983,-2.312255090158823,0.11808891244513027,-1.271310106830208,0.005323519458634392;-0.1828799992799759,0.015701809898018837,0.0;1.0,0.0,0.0,0.0
0.0;-0.27871358581008654,0.5152430273852191,0.4171832719817696,-2.3127170087440465,0.11286271435927936,-1.2702836498938253,0.00812958114710471;-0.1828799992799759,0.013854536227881908,0.0;1.0,0.0,0.0,0.0
0.0;-0.2823380961517669,0.5147022242457981,0.41516211440823747,-2.3131512984819453,0.10760366823287668,-1.2692543311978115,0.010948043033346512;-0.1828799992799759,0.012007270008325577,0.0;1.0,0.0,0.0,0.0
0.0;-0.2859721583092424,0.5141738845264324,0.4131332819117278,-2.3135578878904837,0.10231321926137937,-1.26822284185324,0.013778341480909437;-0.1828799992799759,0.010159995406866074,0.0;1.0,0.0,0.0,0.0
0.0;-0.28961505386029557,0.5136582346140887,0.41109716743232444,-2.313936706129959,0.09699272644551608,-1.2671898224185973,0.016619955750960223;-0.1828799992799759,0.008312719874083996,0.0;1.0,0.0,0.0,0.0
0.0;-0.2932661047195657,0.5131554877938475,0.4090541479335161,-2.3142876839881437,0.09164346960821824,-1.266155867189973,0.01947240468304193;-0.1828799992799759,0.006465453188866377,0.0;1.0,0.0,0.0,0.0
0.0;-0.2969246758722259,0.5126658445076554,0.4070045804998277,-2.3146107542646517,0.08626665758503661,-1.2651215285062423,0.02233524376970293;-0.1828799992799759,0.004618179053068161,0.0;1.0,0.0,0.0,0.0
0.0;-0.3005901694243504,0.5121894927533643,0.4049488062536446,-2.31490585250167,0.08086343335783701,-1.2640873200784029,0.025208062472096754;-0.1828799992799759,0.002770904451608658,0.0;1.0,0.0,0.0,0.0
0.0;-0.3042620190862943,0.5117266085426437,0.40288715390388274,-2.315172917501847,0.0754348793019745,-1.2630537201199594,0.028090481533128844;-0.1828799992799759,0.0009236372425220907,0.0;1.0,0.0,0.0,0.0
0.0;-0.3079396925054443,0.5112773562746469,0.40081993646586406,-2.315411891307766,0.06998202332557414,-1.262021174506414,0.030982150666124333;-0.1828799992799759,-0.0009236372425220907,0.0;1.0,0.0,0.0,0.0
0.0;-0.31162268576413427,0.5108418892113002,0.39874745503024644,-2.315622719618965,0.06450584250694101,-1.2609900991845753,0.03388274641088763;-0.1828799992799759,-0.0027709119021892548,0.0;1.0,0.0,0.0,0.0
0.0;-0.3153105204680227,0.5104203499437724,0.39667000027173455,-2.3158053519336237,0.059007267285051165,-1.2599608825492448,0.03679197005607289;-0.1828799992799759,-0.004618186503648758,0.0;1.0,0.0,0.0,0.0
0.0;-0.31900274203425677,0.5100128708589903,0.3945878529413937,-2.3159597415463375,0.05348718567601048,-1.2589338876690188,0.039709545662648345;-0.1828799992799759,-0.006465460639446974,0.0;1.0,0.0,0.0,0.0
0.0;-0.32269891854216687,0.509619574585793,0.3925012839439707,-2.3160858454974553,0.047946447086648275,-1.2579094542895985,0.04263521828060854;-0.1828799992799759,-0.008312735706567764,0.0;1.0,0.0,0.0,0.0
0.0;-0.3263986384348208,0.5092405744367038,0.39041055550559217,-2.316183624588652,0.04238586541694383,-1.256887900552028,0.04556875231441123;-0.1828799992799759,-0.010160010308027267,0.0;1.0,0.0,0.0,0.0
0.0;-0.33010150529743687,0.5088759748665241,0.3883159249217779,-2.3162530436036253,0.036806221811438854,-1.2558695244964415,0.04850992977987553;-0.1828799992799759,-0.012007269077003002,0.0;1.0,0.0,0.0,0.0
0.0;-0.33380714642558584,0.5085258717017396,0.3862176362487709,-2.3162940703284467,0.031208269130811706,-1.254854605792858,0.051458549194888376;-0.1828799992799759,-0.013854543678462505,0.0;1.0,0.0,0.0,0.0
0.0;-0.3375152041253974,0.508190352482983,0.3841159274176894,-2.3163066761620104,0.02559273187923732,-1.2538434063549417,0.05441442456550998;-0.1828799992799759,-0.015701819211244583,0.0;1.0,0.0,0.0,0.0
0.0;-0.34122533258140275,0.5078694965609594,0.382011032341639,-2.3162908361615684,0.01996030838273292,-1.2528361711767604,0.05737738423854235;-0.1828799992799759,-0.017549093812704086,0.0;1.0,0.0,0.0,0.0
0.0;-0.34493720022101126,0.5075633747032999,0.37990317820308167,-2.316246528772731,0.014311674155532306,-1.2518331290702291,0.060347270009670106;-0.1828799992799759,-0.019396375864744186,0.0;1.0,0.0,0.0,0.0
0.0;-0.3486504818665128,0.5072720494173691,0.37779257658991156,-2.3161736883838544,0.008647478014709001,-1.2508344342906093,0.06332393085707715;-0.1828799992799759,-0.02124364860355854,0.0;1.0,0.0,0.0,0.0
0.0;-0.3523648671610576,0.5069955605515869,0.37567945977498507,-2.3160723484256858,0.00296836240626001,-1.2498403237416118,0.06630724415754567;-0.1828799992799759,-0.02309090830385685,0.0;1.0,0.0,0.0,0.0
0.0;-0.3560800640826612,0.5067339451496816,0.3735640477645441,-2.315942545637441,-0.0027250470310750826,-1.2488510348265136,0.06929709140904006;-0.1828799992799759,-0.024938182905316353,0.0;1.0,0.0,0.0,0.0
0.0;-0.35979578805799384,0.5064872430138889,0.3714465501480845,-2.3157842960493045,-0.008432145908931325,-1.247866778061201,0.0722933542108443;-0.1828799992799759,-0.026785457506775856,0.0;1.0,0.0,0.0,0.0
0.0;-0.36351175880094677,0.5062554958561923,0.36932717024528255,-2.315597599278417,-0.014152348906795667,-1.246887736495255,0.0752959175427754;-0.1828799992799759,-0.02863273210823536,0.0;1.0,0.0,0.0,0.0
0.0;-0.36722770124718884,0.506038744384899,0.3672061073755469,-2.315382448098066,-0.0198850857358072,-1.2459140733659924,0.07830467321181969;-0.1828799992799759,-0.030480006709694862,0.0;1.0,0.0,0.0,0.0
0.0;-0.3709433448969408,0.5058370256361072,0.3650835594356774,-2.3151388354594995,-0.025629798112264304,-1.2449459392822533,0.0813195211455023;-0.1828799992799759,-0.03232727199792862,0.0;1.0,0.0,0.0,0.0
0.0;-0.37465843017927486,0.5056503713918747,0.3629597179022396,-2.314866756868886,-0.031385937063284325,-1.2439834766719418,0.08434036929677305;-0.1828799992799759,-0.03417454659938812,0.0;1.0,0.0,0.0,0.0
0.0;-0.37837268402972185,0.5054789460808753,0.36083478031084854,-2.314566119239579,-0.03715296576859197,-1.2430268529168602,0.0873671117755766;-0.1828799992799759,-0.03602181375026703,0.0;1.0,0.0,0.0,0.0
0.0;-0.38208586435770764,0.5053227589685634,0.35870892824944056,-2.314236924111744,-0.04293035323065472,-1.2420761932893492,0.09039966839625532;-0.1828799992799759,-0.03786909580230713,0.0;1.0,0.0,0.0,0.0
0.0;-0.3857977316699304,0.5051817779372736,0.35658234621537216,-2.3138792080855604,-0.048717578437612624,-1.2411316085014275,0.093437970681322;-0.1828799992799759,-0.039716362953186035,0.0;1.0,0.0,0.0,0.0
0.0;-0.38950805344181344,0.5050559758290342,0.35445521472085234,-2.3134930111084215,-0.054514127375216624,-1.2401932058108107,0.0964819562518443;-0.1828799992799759,-0.041563648730516434,0.0;1.0,0.0,0.0,0.0
0.0;-0.3932165930980691,0.5049453386630232,0.35232771881204833,-2.3130783678998847,-0.06031949403226649,-1.2392610915234619,0.09953156594125216;-0.1828799992799759,-0.04341091588139534,0.0;1.0,0.0,0.0,0.0
0.0;-0.39692311872207586,0.5048498602213298,0.3502000397407617,-2.3126353065359613,-0.06613317754904274,-1.2383353708111011,0.10258674234106067;-0.1828799992799759,-0.045258183032274246,0.0;1.0,0.0,0.0,0.0
0.0;-0.4006274073261797,0.5047695359789476,0.34807235102441597,-2.31216385117466,-0.071954682244628,-1.2374161460473414,0.10564742964308836;-0.1828799992799759,-0.047105465084314346,0.0;1.0,0.0,0.0,0.0
0.0;-0.4043292325154773,0.5047043597867412,0.3459448293507901,-2.311664027462592,-0.07778352019427268,-1.2365035150887842,0.10871357351279112;-0.1828799992799759,-0.048952728509902954,0.0;1.0,0.0,0.0,0.0
0.0;-0.408028375902787,0.5046543224415718,0.3438176444770987,-2.311135862315933,-0.08361920822482723,-1.2355975710571985,0.11178512145737643;-0.1828799992799759,-0.050800010561943054,0.0;1.0,0.0,0.0,0.0
0.0;-0.4117246167969449,0.5046194115352509,0.34169096843952584,-2.3105793862996307,-0.08946126944009647,-1.234698402116828,0.11486202280077293;-0.1828799992799759,-0.05264727771282196,0.0;1.0,0.0,0.0,0.0
0.0;-0.41541773794920245,0.5045996114542384,0.33956497040600414,-2.3099946324436247,-0.09530923080038603,-1.2338060920800042,0.11794422857391808;-0.1828799992799759,-0.05449454486370087,0.0;1.0,0.0,0.0,0.0
0.0;-0.4191075294578229,0.5045949036061953,0.3374398132282569,-2.3093816351452414,-0.10116262260294073,-1.2329207207096906,0.12103169168730502;-0.1828799992799759,-0.05634182691574097,0.0;1.0,0.0,0.0,0.0
0.0;-0.42279377789591666,0.5046052667477089,0.335315663015632,-2.308740432056098,-0.10702098055192759,-1.2320423636838713,0.1241243665944773;-0.1828799992799759,-0.05818909406661987,0.0;1.0,0.0,0.0,0.0
0.0;-0.42647627573613256,0.5046306770460458,0.3331926806398785,-2.308071062105387,-0.11288384323631467,-1.2311710930611395,0.12722220914976556;-0.1828799992799759,-0.06003637611865997,0.0;1.0,0.0,0.0,0.0
0.0;-0.4301548127866969,0.5046711082856529,0.33107102920993337,-2.30737356721688,-0.1187507534616583,-1.230306977266395,0.13032517616828024;-0.1828799992799759,-0.06188364326953888,0.0;1.0,0.0,0.0,0.0
0.0;-0.4338291854521015,0.5047265318823828,0.32895086575516186,-2.3066479903472152,-0.12462125606957396,-1.229450081443437,0.13343322537027358;-0.1828799992799759,-0.06373092532157898,0.0;1.0,0.0,0.0,0.0
0.0;-0.43749918403437627,0.5047969170520155,0.3268323523776234,-2.30589437819891,-0.13049489999102803,-1.2286004673851676,0.1365463148371736;-0.1828799992799759,-0.06557817757129669,0.0;1.0,0.0,0.0,0.0
0.0;-0.44116461114642985,0.5048822307604314,0.32471563987519986,-2.3051127771402933,-0.1363712346195703,-1.2277581939779798,0.13966440329187857;-0.1828799992799759,-0.06742545962333679,0.0;1.0,0.0,0.0,0.0
0.0;-0.44482526538255746,0.5049824380841443,0.3226008822757982,-2.3043032366465193,-0.142249814082367,-1.2269233168247276,0.1427874500166438;-0.1828799992799759,-0.0692727267742157,0.0;1.0,0.0,0.0,0.0
0.0;-0.4484809492459462,0.5050975021992424,0.32048822975287167,-2.303465807466798,-0.14813019524750465,-1.2260958885671545,0.14591541483088896;-0.1828799992799759,-0.0711200088262558,0.0;1.0,0.0,0.0,0.0
0.0;-0.45213146130562715,0.5052273844745583,0.3183778354981577,-2.302600543460308,-0.15401193865981916,-1.2252759589554447,0.14904825765601598;-0.1828799992799759,-0.0729672759771347,0.0;1.0,0.0,0.0,0.0
0.0;-0.4557766080436087,0.5053720444513152,0.31626984516086964,-2.3017074987934167,-0.15989460590682403,-1.224463575161756,0.15218593858662666;-0.1828799992799759,-0.0748145654797554,0.0;1.0,0.0,0.0,0.0
0.0;-0.45941618840922227,0.5055314400208702,0.31416441047995575,-2.300786731654037,-0.16577776244080836,-1.2236587816613977,0.1553284173796738;-0.1828799992799759,-0.07666182518005371,0.0;1.0,0.0,0.0,0.0
0.0;-0.46305000756576176,0.5057055272865653,0.3120616769863167,-2.299838300988348,-0.17166097400771696,-1.2228616206377325,0.1584756533512364;-0.1828799992799759,-0.07850909233093262,0.0;1.0,0.0,0.0,0.0
0.0;-0.46667787740276895,0.5058942608609602,0.3099617836486904,-2.2988622661078053,-0.17754380804063163,-1.2220721317974774,0.1616276057930969;-0.1828799992799759,-0.08035637438297272,0.0;1.0,0.0,0.0,0.0
0.0;-0.4702996044402145,0.5060975940941124,0.3078648736303128,-2.297858689624733,-0.18342583653158184,-1.221290352225511,0.1647842338228577;-0.1828799992799759,-0.08220364153385162,0.0;1.0,0.0,0.0,0.0
0.0;-0.47391499965162115,0.5063154789918884,0.3057710855363557,-2.296827634969205,-0.1893066334745559,-1.2205163166857118,0.16794549635768266;-0.1828799992799759,-0.08405092358589172,0.0;1.0,0.0,0.0,0.0
0.0;-0.4775238706473034,0.5065478662891767,0.3036805603005973,-2.2957691684760535,-0.1951857760375841,-1.219750057662904,0.1711113517607894;-0.1828799992799759,-0.08589819073677063,0.0;1.0,0.0,0.0,0.0
0.0;-0.481126027983534,0.5067947053692476,0.30159343552020085,-2.2946833578126657,-0.20106284263452245,-1.2189916055913053,0.17428175766443277;-0.1828799992799759,-0.08774545788764954,0.0;1.0,0.0,0.0,0.0
0.0;-0.48472128540264126,0.5070559444051126,0.29950984526290586,-2.2935702718152546,-0.2069374133543248,-1.2182409888249097,0.17745667104448246;-0.1828799992799759,-0.08959272503852844,0.0;1.0,0.0,0.0,0.0
0.0;-0.48830945994499786,0.5073315305613618,0.29742992003748403,-2.2924299802608576,-0.2128090708224834,-1.2174982335552136,0.180636048459133;-0.1828799992799759,-0.09143999963998795,0.0;1.0,0.0,0.0,0.0
0.0;-0.49139161373492213,0.5076728612274312,0.29577956129965666,-2.2909704784134775,-0.21868665107837526,-1.2167006306614765,0.18379380415546281;-0.1810692995786667,-0.09143999963998795,0.0;1.0,0.0,0.0,0.0
0.0;-0.49386375801895704,0.5081771867630649,0.294611147553617,-2.289023218197861,-0.22440424359745217,-1.2157534427423404,0.18687552116549075;-0.17925861477851868,-0.09143999963998795,0.0;1.0,0.0,0.0,0.0
0.0;-0.4959045103419228,0.5089214835155357,0.2937242095946336,-2.286575311099899,-0.22975950567419262,-1.214581756656608,0.18982017831143744;-0.17744791507720947,-0.09143999963998795,0.0;1.0,0.0,0.0,0.0
0.0;-0.4976891849336252,0.5099219725933808,0.2929379859116357,-2.2836911083474067,-0.23464916207097647,-1.2131602128082548,0.1925826099301552;-0.17563723027706146,-0.09143999963998795,0.0;1.0,0.0,0.0,0.0
0.0;-0.49928159702937946,0.5111443993972944,0.2921910462346248,-2.280449473363703,-0.23908091770900705,-1.2115066579316276,0.19514236431574736;-0.17382653057575226,-0.09143999963998795,0.0;1.0,0.0,0.0,0.0
0.0;-0.5006753657762202,0.5125374565887004,0.29149756888080264,-2.27691880146931,-0.24311243630586113,-1.20965804823836,0.19749980157386257;-0.17201583087444305,-0.09143999963998795,0.0;1.0,0.0,0.0,0.0
0.0;-0.5018590156158075,0.514057883651424,0.29088095487164617,-2.273153650299217,-0.24679687148896057,-1.207650533929524,0.1996670308178714;-0.17020514607429504,-0.09143999963998795,0.0;1.0,0.0,0.0,0.0
0.0;-0.5028415436346535,0.5156774110072588,0.29034592384458446,-2.2691972893182117,-0.25016553084559323,-1.205511817639029,0.20165994133717796;-0.16839444637298584,-0.09143999963998795,0.0;1.0,0.0,0.0,0.0
0.0;-0.5036449403578859,0.5173784910568798,0.28988347060049613,-2.265084103449383,-0.25323544493408595,-1.203262096977379,0.20349365191487107;-0.16658376157283783,-0.09143999963998795,0.0;1.0,0.0,0.0,0.0
0.0;-0.5042904501386254,0.5191483859185694,0.28948317336673285,-2.260841331660556,-0.25602076330082396,-1.2009172623423503,0.20518093371577095;-0.16477306187152863,-0.09143999963998795,0.0;1.0,0.0,0.0,0.0
0.0;-0.504792907236215,0.52097609615024,0.2891387519866183,-2.256490692285992,-0.25853781735009124,-1.1984909351596158,0.20673228680640865;-0.16296237707138062,-0.09143999963998795,0.0;1.0,0.0,0.0,0.0
0.0;-0.5051623883895567,0.5228518695904089,0.2888470332282066,-2.2520498482485283,-0.2608045908984883,-1.1959950641166857,0.20815658257296027;-0.1611516773700714,-0.09143999963998795,0.0;1.0,0.0,0.0,0.0
0.0;-0.5054075046128621,0.5247675449469988,0.2886053256647292,-2.2475334860498775,-0.2628387068889166,-1.1934399664529436,0.20946168660155906;-0.1593409776687622,-0.09143999963998795,0.0;1.0,0.0,0.0,0.0
0.0;-0.5055370212247129,0.5267166585727409,0.2884101956742982,-2.242953950476001,-0.2646563652957192,-1.1908344255339791,0.2106548623647518;-0.1575302928686142,-0.09143999963998795,0.0;1.0,0.0,0.0,0.0
0.0;-0.5055597802092536,0.5286941514888666,0.2882576902035468,-2.2383215467346385,-0.26627237194762854,-1.1881859688176486,0.21174294928995221;-0.155719593167305,-0.09143999963998795,0.0;1.0,0.0,0.0,0.0
0.0;-0.5054840887055986,0.5306960228553731,0.2881439644999033,-2.2336448428261075,-0.2677005706221995,-1.185501109740554,0.21273241782554742;-0.15390890836715698,-0.09143999963998795,0.0;1.0,0.0,0.0,0.0
0.0;-0.5053174756815443,0.532719085935635,0.2880655348306871,-2.228930908418611,-0.26895407898456464,-1.182785499541973,0.21362936419693215;-0.15209820866584778,-0.09143999963998795,0.0;1.0,0.0,0.0,0.0
0.0;-0.5050667455370679,0.5347607780795959,0.2880192601420523,-2.2241855450737793,-0.27004533341007286,-1.1800440610563452,0.21443949616690008;-0.15028750896453857,-0.09143999963998795,0.0;1.0,0.0,0.0,0.0
0.0;-0.5047381424379321,0.5368190571547169,0.2880022235092674,-2.219413518933668,-0.2709860585035203,-1.1772810702209133,0.21516814558882724;-0.14847682416439056,-0.09143999963998795,0.0;1.0,0.0,0.0,0.0
0.0;-0.504337463978345,0.538892320841482,0.2880116631819893,-2.2146187463717815,-0.27178725656635094,-1.1745002274479883,0.21582029941070333;-0.14666612446308136,-0.09143999963998795,0.0;1.0,0.0,0.0,0.0
0.0;-0.5038701069604293,0.5409793243701856,0.288044965903949,-2.209804452555811,-0.27245923558293145,-1.17170473323638,0.2164006351361352;-0.14485543966293335,-0.09143999963998795,0.0;1.0,0.0,0.0,0.0
0.0;-0.5033410785410218,0.5430791027455322,0.28809968755414983,-2.204973281200867,-0.27301165301252145,-1.168897359397804,0.2169135520625702;-0.14304473996162415,-0.09143999963998795,0.0;1.0,0.0,0.0,0.0
0.0;-0.5027550148668687,0.545190906149042,0.28817356120581095,-2.2001273981226634,-0.27345355601482874,-1.166080510108146,0.2173631956675195;-0.14123405516147614,-0.09143999963998795,0.0;1.0,0.0,0.0,0.0
0.0;-0.5021162066380206,0.5473141511782936,0.28826449314161623,-2.195268565184621,-0.27379341340301844,-1.1632562696868542,0.21775347649208368;-0.13942335546016693,-0.09143999963998795,0.0;1.0,0.0,0.0,0.0
0.0;-0.5014286317153586,0.5494483835424887,0.28837054866055406,-2.190398217314611,-0.27403914401887264,-1.160426442099938,0.21808808543488256;-0.13761267066001892,-0.09143999963998795,0.0;1.0,0.0,0.0,0.0
0.0;-0.5006959801782728,0.5515932486675599,0.2884899419086075,-2.1855175129392994,-0.2741981449339201,-1.1575925837375463,0.21837050715273376;-0.13580197095870972,-0.09143999963998795,0.0;1.0,0.0,0.0,0.0
0.0;-0.4999216773648331,0.55374846771013,0.2886210258247294,-2.180627385992851,-0.27427732049252396,-1.1547560325982762,0.21860403222187283;-0.1339912712574005,-0.09143999963998795,0.0;1.0,0.0,0.0,0.0
0.0;-0.4991089035492483,0.5559138168655203,0.28876228395040743,-2.1757285892051,-0.2742831113577149,-1.1519179349845305,0.2187917683131451;-0.1321805864572525,-0.09143999963998795,0.0;1.0,0.0,0.0,0.0
0.0;-0.49826060897802454,0.5580891117805287,0.288912324893438,-2.1708217177116897,-0.27422152190067256,-1.1490792676835344,0.21893665066675436;-0.1303698867559433,-0.09143999963998795,0.0;1.0,0.0,0.0,0.0
0.0;-0.4973795323229778,0.5602741955665345,0.2890698727532771,-2.1659072435677955,-0.27409814625788725,-1.1462408579353378,0.219041451708388;-0.1285592019557953,-0.09143999963998795,0.0;1.0,0.0,0.0,0.0
0.0;-0.49646821431400295,0.5624689299890187,0.2892337607243393,-2.1609855309320434,-0.2739181928838094,-1.1434034000603215,0.21910878997122915;-0.12674850225448608,-0.09143999963998795,0.0;1.0,0.0,0.0,0.0
0.0;-0.4955290139848912,0.5646731883130801,0.2894029218058364,-2.156056862334762,-0.2736865083107918,-1.1405674711194944,0.2191411382657785;-0.12493781745433807,-0.09143999963998795,0.0;1.0,0.0,0.0,0.0
0.0;-0.49456411975494585,0.5668868501605546,0.2895763833072411,-2.1511214465382658,-0.2734075996546642,-1.137733544005809,0.21914083135828702;-0.12312711775302887,-0.09143999963998795,0.0;1.0,0.0,0.0,0.0
0.0;-0.49357556294246174,0.5691097976834496,0.28975325878880126,-2.1461794370459124,-0.2730856561948456,-1.1349019996897998,0.2191100731272913;-0.12131642550230026,-0.09143999963998795,0.0;1.0,0.0,0.0,0.0
0.0;-0.4925652283722283,0.5713419125249412,0.28993274217128306,-2.141230940826341,-0.27272456984750065,-1.1320731381151046,0.21905094332313396;-0.11950573325157166,-0.09143999963998795,0.0;1.0,0.0,0.0,0.0
0.0;-0.49153486452855827,0.5735830740418482,0.2901141018366745,-2.136276026358496,-0.27232795444809604,-1.129247187738761,0.21896540399515688;-0.11769504100084305,-0.09143999963998795,0.0;1.0,0.0,0.0,0.0
0.0;-0.4904860931645773,0.5758331584261541,0.29029667487024374,-2.13131473081145,-0.2718991639244859,-1.126424313950788,0.21885530558750588;-0.11588434875011444,-0.09143999963998795,0.0;1.0,0.0,0.0,0.0
0.0;-0.4894204182633504,0.5780920383119716,0.2904798616223506,-2.1263470661055472,-0.2714413094538809,-1.1236046266479118,0.21872239270915797;-0.11407365649938583,-0.09143999963998795,0.0;1.0,0.0,0.0,0.0
0.0;-0.48833923430709253,0.5803595826796223,0.2906631206786805,-2.121373023861005,-0.2709572756744106,-1.1207881871045091,0.21856830960188342;-0.11226296424865723,-0.09143999963998795,0.0;1.0,0.0,0.0,0.0
0.0;-0.4872438339421213,0.5826356569994262,0.2908459641914875,-2.1163925794010776,-0.27044973594920685,-1.117975014188724,0.21839460534153934;-0.11045227199792862,-0.09143999963998795,0.0;1.0,0.0,0.0,0.0
0.0;-0.48613541468683247,0.5849201238700483,0.2910279538252429,-2.111405693379346,-0.2699211666322327,-1.1151650896755791,0.2182027388101491;-0.10864157229661942,-0.09143999963998795,0.0;1.0,0.0,0.0,0.0
0.0;-0.4850150870228411,0.5872128430431202,0.29120869557143414,-2.1064123201668794,-0.2693738607148876,-1.1123583638884607,0.21799408338522236;-0.1068308874964714,-0.09143999963998795,0.0;1.0,0.0,0.0,0.0
0.0;-0.48388387885116224,0.5895136720004219,0.29138783746567454,-2.1014124036634603,-0.2688099403922122,-1.1095547599923312,0.21776993149217921;-0.1050201952457428,-0.09143999963998795,0.0;1.0,0.0,0.0,0.0
0.0;-0.48274274174893367,0.5918224671780662,0.2915650655589519,-2.09640588084815,-0.268231368782858,-1.1067541777225804,0.21753149894497162;-0.10320950299501419,-0.09143999963998795,0.0;1.0,0.0,0.0,0.0
0.0;-0.48159255653567945,0.5941390848385267,0.2917401004523372,-2.0913926840175194,-0.2676399609841171,-1.103956496916722,0.21727992904148913;-0.10139881074428558,-0.09143999963998795,0.0;1.0,0.0,0.0,0.0
0.0;-0.4804341382411269,0.5964633816388016,0.291912694326058,-2.0863727420391838,-0.26703739448613073,-1.1011615808563506,0.2170162964501212;-0.09958811849355698,-0.09143999963998795,0.0;1.0,0.0,0.0,0.0
0.0;-0.4792682406657472,0.5987952151626607,0.2920826282632546,-2.0813459811618706,-0.2664252189077891,-1.0983692792698072,0.21674161093104155;-0.09777742624282837,-0.09143999963998795,0.0;1.0,0.0,0.0,0.0
0.0;-0.47809556065770065,0.6011344445352703,0.2922497097420563,-2.0763123256882143,-0.26580486505700784,-1.0955794309406781,0.2164568209038062;-0.09596673399209976,-0.09143999963998795,0.0;1.0,0.0,0.0,0.0
0.0;-0.4769167421250797,0.6034809310755604,0.29241377028522403,-2.071271698579575,-0.26517765336964216,-1.0927918659707703,0.21616281685576705;-0.09415604174137115,-0.09143999963998795,0.0;1.0,0.0,0.0,0.0
0.0;-0.4757323797794911,0.6058345389015135,0.2925746632849224,-2.0662240219647745,-0.2645448017863425,-1.0900064077753644,0.21586043458445123;-0.09234534949064255,-0.09143999963998795,0.0;1.0,0.0,0.0,0.0
0.0;-0.4745430222081626,0.6081951357122286,0.292732262289125,-2.061169215915113,-0.263907433030151,-1.0872228745892953,0.21555045828716865;-0.09053464978933334,-0.09143999963998795,0.0;1.0,0.0,0.0,0.0
0.0;-0.4733491761575461,0.6105625929499634,0.2928864583522869,-2.056107202749135,-0.26326658158395694,-1.0844410814057723,0.21523362345773348;-0.08872395753860474,-0.09143999963998795,0.0;1.0,0.0,0.0,0.0
0.0;-0.4721513088838352,0.6129367858051975,0.29303715900027055,-2.0510379049531196,-0.2626232001384285,-1.0816608415304327,0.21491061967645603;-0.08691326528787613,-0.09143999963998795,0.0;1.0,0.0,0.0,0.0
0.0;-0.4709498508130348,0.6153175936749337,0.2931842868032495,-2.045961244778158,-0.26197816550045233,-1.0788819676645207,0.2145820932931312;-0.08510257303714752,-0.09143999963998795,0.0;1.0,0.0,0.0,0.0
0.0;-0.469745198240778,0.6177049006996793,0.2933277778444968,-2.040877144550293,-0.26133228406771214,-1.0761042727519123,0.21424864996620133;-0.08329188078641891,-0.09143999963998795,0.0;1.0,0.0,0.0,0.0
0.0;-0.4685377154332674,0.6200985963565704,0.293467580613123,-2.0357855253976567,-0.26068629689556905,-1.073327570518864,0.21391085705537097;-0.08148118108510971,-0.09143999963998795,0.0;1.0,0.0,0.0,0.0
0.0;-0.4673277379592045,0.6224985752883968,0.29360365399581584,-2.0306863113818574,-0.26004088462685837,-1.0705516766237932,0.21356924584511858;-0.0796704888343811,-0.09143999963998795,0.0;1.0,0.0,0.0,0.0
0.0;-0.46611557411411164,0.6249047369626946,0.29373596686674247,-2.0255794272471648,-0.2593966720398219,-1.0677764095276883,0.21322431369079445;-0.0778597965836525,-0.09143999963998795,0.0;1.0,0.0,0.0,0.0
0.0;-0.46490150673780617,0.6273169858317025,0.2938644972241386,-2.0204647978475547,-0.2587542321548728,-1.0650015909459931,0.21287652609279947;-0.07604910433292389,-0.09143999963998795,0.0;1.0,0.0,0.0,0.0
0.0;-0.46368579512275915,0.6297352316369365,0.2939892311795388,-2.0153423483291286,-0.2581140900221282,-1.0622270460992018,0.21252631865755797;-0.07423841208219528,-0.09143999963998795,0.0;1.0,0.0,0.0,0.0
0.0;-0.46246867679327236,0.632159389538548,0.294110162043612,-2.0102120043676637,-0.2574767262860604,-1.0594526039756689,0.21217409892628253;-0.07242771983146667,-0.09143999963998795,0.0;1.0,0.0,0.0,0.0
0.0;-0.4612503691090874,0.6345893800369753,0.2942272895651466,-2.005073692242953,-0.2568425805308961,-1.0566780976295151,0.21182024809285502;-0.07061702758073807,-0.09143999963998795,0.0;1.0,0.0,0.0,0.0
0.0;-0.46003107071799954,0.6370251288216693,0.2943406192845139,-1.9999273388090983,-0.2562120544021691,-1.0539033644457878,0.21146512263127848;-0.06880633533000946,-0.09143999963998795,0.0;1.0,0.0,0.0,0.0
0.0;-0.458810962506363,0.6394665669045684,0.2944501622100678,-1.9947728698508924,-0.25558551441702065,-1.0511282460590743,0.21110905584985246;-0.06699563562870026,-0.09143999963998795,0.0;1.0,0.0,0.0,0.0
0.0;-0.457590209919681,0.6419136302329645,0.2945559334662174,-1.989610213971968,-0.2549632947315036,-1.0483525888109873,0.21075235933678885;-0.06518494337797165,-0.09143999963998795,0.0;1.0,0.0,0.0,0.0
0.0;-0.4563689634867677,0.6443662592279829,0.29465795241368964,-1.9844393003057696,-0.25434569965749465,-1.0455762439556775,0.21039532435481256;-0.06337425112724304,-0.09143999963998795,0.0;1.0,0.0,0.0,0.0
0.0;-0.4551473601917851,0.6468243985445835,0.294756242018084,-1.9792600595016452,-0.2537330059760435,-1.0427990678069219,0.2100382231722685;-0.06156356632709503,-0.09143999963998795,0.0;1.0,0.0,0.0,0.0
0.0;-0.4539255235389583,0.6492879974916833,0.29485082910056876,-1.9740724199490158,-0.25312546489844806,-1.0400209211678775,0.20968131032988138;-0.059752874076366425,-0.09143999963998795,0.0;1.0,0.0,0.0,0.0
0.0;-0.4527035652432326,0.6517570103526562,0.294941743240366,-1.9688763102092268,-0.25252330398207445,-1.037241669036558,0.20932482377908196;-0.05794218182563782,-0.09143999963998795,0.0;1.0,0.0,0.0,0.0
0.0;-0.4514815862664727,0.6542313960187237,0.29502901632904016,-1.9636716596160728,-0.2519267290357872,-1.0344611806752864,0.20896898592438606;-0.05613148957490921,-0.09143999963998795,0.0;1.0,0.0,0.0,0.0
0.0;-0.4502596771331039,0.6567111177247603,0.29511268267781343,-1.958458396477913,-0.2513359258391026,-1.0316793294931712,0.20861400462752588;-0.054320789873600006,-0.09143999963998795,0.0;1.0,0.0,0.0,0.0
0.0;-0.44903792005672455,0.6591961421683371,0.29519277781098496,-1.9532364532445778,-0.25075106191228824,-1.0288959936548845,0.20826007415975215;-0.052510105073451996,-0.09143999963998795,0.0;1.0,0.0,0.0,0.0
0.0;-0.44781638731677625,0.6616864397351379,0.2952693400297079,-1.9480057579209615,-0.2501722877945906,-1.0261110553376553,0.20790737616822275;-0.05069940164685249,-0.09143999963998795,0.0;1.0,0.0,0.0,0.0
0.0;-0.4465951444399576,0.6641819842568343,0.2953424081942285,-1.9427662430756902,-0.24959973848668712,-1.0233244010349791,0.207556080531197;-0.04888871684670448,-0.09143999963998795,0.0;1.0,0.0,0.0,0.0
0.0;-0.445374248599975,0.6666827530569833,0.2954120232493644,-1.9375178377852835,-0.24903353458437097,-1.0205359209287341,0.20720634617866937;-0.04707801714539528,-0.09143999963998795,0.0;1.0,0.0,0.0,0.0
0.0;-0.44415375109056593,0.6691887266548193,0.2954782265459531,-1.9322604744515175,-0.24847378353631838,-1.01774550911202,0.20685832182287445;-0.04526733234524727,-0.09143999963998795,0.0;1.0,0.0,0.0,0.0
0.0;-0.44293369593084325,0.6716998888935344,0.2955410611386803,-1.926994081801403,-0.24792058060779867,-1.0149530629357324,0.2065121466671499;-0.043456632643938065,-0.09143999963998795,0.0;1.0,0.0,0.0,0.0
0.0;-0.44171412253255266,0.6742162264417187,0.29560056997729767,-1.9217185927615692,-0.24737401002974083,-1.012158483415179,0.2061679510378566;-0.04164595156908035,-0.09143999963998795,0.0;1.0,0.0,0.0,0.0
0.0;-0.44049506369422003,0.6767377289610652,0.2956567976588158,-1.9164339355247044,-0.24683414577225418,-1.0093616744699712,0.20582585702389114;-0.03983525186777115,-0.09143999963998795,0.0;1.0,0.0,0.0,0.0
0.0;-0.43927654829716356,0.6792643888915524,0.29570978851738333,-1.911140041630274,-0.2463010524960459,-1.0065625431497847,0.20548597903567448;-0.03802456706762314,-0.09143999963998795,0.0;1.0,0.0,0.0,0.0
0.0;-0.43805859900462774,0.6817962019826697,0.29575958848239764,-1.905836836103389,-0.24577478613189618,-1.0037609985859341,0.20514842435407385;-0.03621385246515274,-0.09143999963998795,0.0;1.0,0.0,0.0,0.0
0.0;-0.4368412366108331,0.6843331662335514,0.29580624203427663,-1.900524251944742,-0.2452553949440811,-1.0009569530673421,0.204813293585746;-0.03440316766500473,-0.09143999963998795,0.0;1.0,0.0,0.0,0.0
0.0;-0.43562447706482976,0.6868752812219046,0.2958497948793417,-1.8952022186466801,-0.2447429201944901,-0.9981503217889837,0.20448068117869594;-0.032592467963695526,-0.09143999963998795,0.0;1.0,0.0,0.0,0.0
0.0;-0.4344083333570352,0.6894225481825765,0.29589029262998257,-1.889870667615192,-0.24423739674832112,-0.9953410228232038,0.20415067591297392;-0.030781781300902367,-0.09143999963998795,0.0;1.0,0.0,0.0,0.0
0.0;-0.4331928143015352,0.6919749706478864,0.2959277817592447,-1.8845295264842015,-0.24373885344736543,-0.9925289762340802,0.20382336134475323;-0.028971081599593163,-0.09143999963998795,0.0;1.0,0.0,0.0,0.0
0.0;-0.4319779268373065,0.6945325542066885,0.29596230796236533,-1.8791787263061024,-0.2432473137566153,-0.9897141043202239,0.203498816155446;-0.0271603986620903,-0.09143999963998795,0.0;1.0,0.0,0.0,0.0
0.0;-0.43076367407117966,0.6970953066109784,0.29599391775906775,-1.873818193685099,-0.24276279616652013,-0.986896330986224,0.20317711449694148;-0.025349698960781097,-0.09143999963998795,0.0;1.0,0.0,0.0,0.0
0.0;-0.4295500575989193,0.6996632374284801,0.2960226568582383,-1.8684478582331003,-0.24228531478758983,-0.9840755820846336,0.20285832629403763;-0.023539014160633087,-0.09143999963998795,0.0;1.0,0.0,0.0,0.0
0.0;-0.4283370758081831,0.7022363580537043,0.2960485715779415,-1.8630676458151665,-0.24181487969531124,-0.9812517849259642,0.20254251756762104;-0.021728314459323883,-0.09143999963998795,0.0;1.0,0.0,0.0,0.0
0.0;-0.42712472599511764,0.7048146813213638,0.29607170739376804,-1.8576774853908478,-0.24135149744122822,-0.978424868653128,0.20222975072328855;-0.019917629659175873,-0.09143999963998795,0.0;1.0,0.0,0.0,0.0
0.0;-0.4259130025935905,0.7073982216241567,0.29609211038554756,-1.852277302085007,-0.24089517130704682,-0.975594763703682,0.20192008484941443;-0.01810692995786667,-0.09143999963998795,0.0;1.0,0.0,0.0,0.0
0.0;-0.42470189847923934,0.7099869951907187,0.2961098262477843,-1.846867020957734,-0.24044590161000612,-0.9727614016204548,0.20161357596666055;-0.016296230256557465,-0.09143999963998795,0.0;1.0,0.0,0.0,0.0
0.0;-0.4234914060578885,0.7125810191312524,0.29612489975203393,-1.8414465706403962,-0.24000368621363743,-0.9699247156890194,0.20131027725410564;-0.014485545456409454,-0.09143999963998795,0.0;1.0,0.0,0.0,0.0
0.0;-0.4222815151484041,0.7151803115861775,0.2961373764356976,-1.8360158753868527,-0.23956852069131176,-0.9670846403743791,0.20101023930335982;-0.01267484575510025,-0.09143999963998795,0.0;1.0,0.0,0.0,0.0
0.0;-0.4210722151126792,0.7177848917849748,0.2961473010363237,-1.8305748619109272,-0.23914039861827474,-0.9642411114477818,0.20071351033273285;-0.01086416095495224,-0.09143999963998795,0.0;1.0,0.0,0.0,0.0
0.0;-0.41986349314962224,0.7203947804272631,0.29615471877100874,-1.8251234528485947,-0.23871931168422894,-0.9613940653290209,0.20042013637876244;-0.009053461253643036,-0.09143999963998795,0.0;1.0,0.0,0.0,0.0
0.0;-0.418655335582417,0.7230099999459328,0.2961596743297321,-1.8196615706485426,-0.2383052499156804,-0.9585434389398948,0.2001301614408438;-0.007242761552333832,-0.09143999963998795,0.0;1.0,0.0,0.0,0.0
0.0;-0.41744772887355186,0.7256305734391646,0.2961622113962498,-1.8141891411927669,-0.2378982021167215,-0.9556891704395006,0.1998436276220265;-0.0054320767521858215,-0.09143999963998795,0.0;1.0,0.0,0.0,0.0
0.0;-0.41624065744822153,0.7282565247542048,0.29616237435883286,-1.8087060859215904,-0.23749815595431478,-0.9528311987405828,0.1995605753170638;-0.0036213770508766174,-0.09143999963998795,0.0;1.0,0.0,0.0,0.0
0.0;-0.4150341057736658,0.7308878785537811,0.2961602067863674,-1.803212328607931,-0.23710509816003947,-0.9499694636730598,0.19928104337222974;-0.0018106922507286072,-0.09143999963998795,0.0;1.0,0.0,0.0,0.0
0.0;-0.41382805702315417,0.7335246604584026,0.2961557524610991,-1.7977077903946819,-0.23671901461307931,-0.9471039055942218,0.19900506922955427;0.0,-0.09143999963998795,0.0;1.0,0.0,0.0,0.0
0.0;-0.41220218360710337,0.7360940632731088,0.2964630282012836,-1.7926709033129267,-0.23636606512858577,-0.9442958677191593,0.19869188520571282;0.0,-0.08961119502782822,0.0;1.0,0.0,0.0,0.0
0.0;-0.41016901457216665,0.7384500921860825,0.29706900274550246,-1.7883179191461942,-0.23594535713129894,-0.9416537703283233,0.19827316844277926;0.0,-0.08778239786624908,0.0;1.0,0.0,0.0,0.0
0.0;-0.4079760288855856,0.7404779949692184,0.297785069857946,-1.7846221844934749,-0.2353238230146575,-0.9392656392719406,0.19769633134666276;0.0,-0.08595359325408936,0.0;1.0,0.0,0.0,0.0
0.0;-0.405795966899134,0.7421521551638135,0.2984799701504142,-1.7814889873488753,-0.2344302723712192,-0.9371621784746776,0.19694566158806767;0.0,-0.08412479609251022,0.0;1.0,0.0,0.0,0.0
0.0;-0.4036539281972087,0.743515040737182,0.29913304924963263,-1.7788408399666364,-0.2332638289941335,-0.9353282552403723,0.1960321587572481;0.0,-0.0822959914803505,0.0;1.0,0.0,0.0,0.0
0.0;-0.4015069006020138,0.744628378252682,0.2997735008520063,-1.7766200889523052,-0.23185530675919316,-0.9337323231529672,0.19497360224345245;0.0,-0.08046719431877136,0.0;1.0,0.0,0.0,0.0
0.0;-0.39932065314659915,0.745542383321935,0.3004229167839616,-1.7747737178474683,-0.23023449580782757,-0.9323460596673027,0.1937829934804266;0.0,-0.07863838970661163,0.0;1.0,0.0,0.0,0.0
0.0;-0.3970889370565408,0.7462906649795982,0.3010818901107709,-1.7732498456200394,-0.22842044187464766,-0.9311488439065275,0.19246767098782425;0.0,-0.0768095925450325,0.0;1.0,0.0,0.0,0.0
0.0;-0.3948187494184495,0.7468969253804995,0.30174193652056525,-1.772002300547565,-0.22642539225916802,-0.9301247687045618,0.1910328032097034;0.0,-0.07498079538345337,0.0;1.0,0.0,0.0,0.0
0.0;-0.39251540258088785,0.7473809779644127,0.3023970044827282,-1.770993571109595,-0.22426005823931183,-0.9292595773409429,0.18948397512304635;0.0,-0.07315199077129364,0.0;1.0,0.0,0.0,0.0
0.0;-0.3901790051784732,0.7477607143211444,0.30304593676849423,-1.7701935945674179,-0.2219354493474033,-0.9285397158312909,0.18782761023555233;0.0,-0.07132319360971451,0.0;1.0,0.0,0.0,0.0
0.0;-0.3878075254180585,0.7480519058136231,0.3036898256374842,-1.7695769944382587,-0.21946242041552408,-0.9279525702822867,0.18607034577680076;0.0,-0.06949439644813538,0.0;1.0,0.0,0.0,0.0
0.0;-0.38539973166837455,0.7482679523997958,0.3043295255004923,-1.7691212018658025,-0.21685099492554466,-0.9274867134453382,0.18421848540553548;0.0,-0.06766559183597565,0.0;1.0,0.0,0.0,0.0
0.0;-0.38295579281518327,0.7484201579435256,0.30496506251450484,-1.7688058717543125,-0.21411026169206593,-0.9271318308777309,0.18227786485451875;0.0,-0.06583679467439651,0.0;1.0,0.0,0.0,0.0
0.0;-0.3804765614660991,0.7485182064221748,0.3055961329145292,-1.7686128802577448,-0.21124861432989755,-0.9268785162122758,0.18025395075273598;0.0,-0.06400799751281738,0.0;1.0,0.0,0.0,0.0
0.0;-0.37796292554326016,0.7485705121911457,0.30622258309453243,-1.7685262799875134,-0.2082739550087759,-0.926718127935434,0.1781519477603382;0.0,-0.062179192900657654,0.0;1.0,0.0,0.0,0.0
0.0;-0.37541566555347233,0.7485844012281018,0.306844503121855,-1.7685320701343996,-0.2051937493614482,-0.9266427334534761,0.1759768357769413;0.0,-0.06035039573907852,0.0;1.0,0.0,0.0,0.0
0.0;-0.3728355658390333,0.7485662217556075,0.3074621149389818,-1.7686179048853392,-0.20201501061133348,-0.926645081918491,0.17373336189561328;0.0,-0.05852159485220909,0.0;1.0,0.0,0.0,0.0
0.0;-0.37022351751549565,0.7485214567135728,0.3080756611211296,-1.7687728473541189,-0.19874429434373714,-0.9267185637789939,0.171426027649172;0.0,-0.05669279396533966,0.0;1.0,0.0,0.0,0.0
0.0;-0.36758052102472905,0.7484548461936067,0.30868537250717487,-1.7689871908870305,-0.19538772631935225,-0.9268571544805592,0.1690590879454015;0.0,-0.05486399307847023,0.0;1.0,0.0,0.0,0.0
0.0;-0.36490764024913624,0.7483705008156546,0.30929147926235645,-1.7692523193179805,-0.1919510439393514,-0.9270553567037066,0.16663655908959327;0.0,-0.053035199642181396,0.0;1.0,0.0,0.0,0.0
0.0;-0.3622059557413819,0.7482719944071827,0.3098942284517394,-1.7695605837432458,-0.18843963247420617,-0.9273081504585939,0.16416222886156193;0.0,-0.051206398755311966,0.0;1.0,0.0,0.0,0.0
0.0;-0.3594765532732038,0.7481624377159809,0.3104938791314424,-1.7699051861013526,-0.18485854902702953,-0.9276109515183261,0.16163966617682735;0.0,-0.049377597868442535,0.0;1.0,0.0,0.0,0.0
0.0;-0.35672052085094647,0.7480445398558141,0.31109069365587594,-1.770280075673057,-0.18121254153747754,-0.9279595744926219,0.15907223048763475;0.0,-0.047548796981573105,0.0;1.0,0.0,0.0,0.0
0.0;-0.35393894572767126,0.74792066179956,0.31168493087325067,-1.7706798598771276,-0.17750606682723408,-0.9283501983603725,0.1564630814173351;0.0,-0.04571999981999397,0.0;1.0,0.0,0.0,0.0
0.0;-0.35113290561601845,0.7477928632348295,0.31227684514863224,-1.77109972837602,-0.17374330897649315,-0.9287793341455455,0.1538151883681641;0.0,-0.04389120265841484,0.0;1.0,0.0,0.0,0.0
0.0;-0.3483034610972266,0.7476629429953118,0.31286668579460686,-1.7715353868369033,-0.1699281965495869,-0.9292437952386591,0.15113133980410937;0.0,-0.04206240177154541,0.0;1.0,0.0,0.0,0.0
0.0;-0.34545165308586795,0.7475324736215935,0.3134546940327014,-1.771982997976707,-0.16606441824669843,-0.9297406704834968,0.14841415237899425;0.0,-0.04023360088467598,0.0;1.0,0.0,0.0,0.0
0.0;-0.3425784989630471,0.7474028309792718,0.3140411021114556,-1.7724391299769175,-0.1621554379234336,-0.9302672996914919,0.14566607991976885;0.0,-0.03840479999780655,0.0;1.0,0.0,0.0,0.0
0.0;-0.33968499022059706,0.7472752197790273,0.31462613226850833,-1.7729007109644517,-0.1582045085543789,-0.9308212513560508,0.14288942225521264;0.0,-0.03657600283622742,0.0;1.0,0.0,0.0,0.0
0.0;-0.3367720880325704,0.7471506956647883,0.31520999793165966,-1.7733649894207117,-0.15421468540729844,-0.9314003023177677,0.14008633362997006;0.0,-0.034747205674648285,0.0;1.0,0.0,0.0,0.0
0.0;-0.3338407190071724,0.7470301843256723,0.31579290522445147,-1.7738294993778003,-0.15018883783562342,-0.9320024193158516,0.13725883046722712;0.0,-0.03291839733719826,0.0;1.0,0.0,0.0,0.0
0.0;-0.330891784519128,0.7469144980350743,0.31637504514771614,-1.7742920275983345,-0.146129659344015,-0.932625742323636,0.13440879940801603;0.0,-0.031089600175619125,0.0;1.0,0.0,0.0,0.0
0.0;-0.32792615270956543,0.7468043500734751,0.31695659917765007,-1.7747505874073575,-0.14203967972078663,-0.9332685690185086,0.13153800497593912;0.0,-0.029260803014039993,0.0;1.0,0.0,0.0,0.0
0.0;-0.3249446570903588,0.7467003671413838,0.3175377401372589,-1.7752033945638672,-0.1379212750390616,-0.9339293408868401,0.12864809663270677;0.0,-0.02743200585246086,0.0;1.0,0.0,0.0,0.0
0.0;-0.3219480957785616,0.7466031001202641,0.31811863275538077,-1.775648845840904,-0.13377667656115738,-0.9346066306820457,0.1257406152447592;0.0,-0.025603201240301132,0.0;1.0,0.0,0.0,0.0
0.0;-0.3189372385720793,0.7465130334158854,0.318699428831165,-1.7760854989165311,-0.12960797865840812,-0.9352991310909675,0.12281699964779828;0.0,-0.02377440221607685,0.0;1.0,0.0,0.0,0.0
0.0;-0.31591282400417436,0.7464305931056915,0.3192802702078451,-1.7765120561918846,-0.12541714805292536,-0.9360056441612856,0.11987859301578214;0.0,-0.02194560505449772,0.0;1.0,0.0,0.0,0.0
0.0;-0.31287555620308816,0.7463561538831005,0.31986129193698054,-1.7769273505928527,-0.12120603204899719,-0.936725071778187,0.11692664861332755;0.0,-0.02011680230498314,0.0;1.0,0.0,0.0,0.0
0.0;-0.3098261112731336,0.7462900448093837,0.32044261862641127,-1.7773303317795408,-0.11697636510177252,-0.9374564070862054,0.11396233543524589;0.0,-0.018288005143404007,0.0;1.0,0.0,0.0,0.0
0.0;-0.3067651545965074,0.7462325677791872,0.32102437127890104,-1.7777201036911119,-0.11272979081385508,-0.9381988171658198,0.11098676023799618;0.0,-0.016459200531244278,0.0;1.0,0.0,0.0,0.0
0.0;-0.3036932904640178,0.7461839528575464,0.32160665914327097,-1.7780957946911664,-0.1084678337122842,-0.9389513864575683,0.1080009245753435;0.0,-0.014630402438342571,0.0;1.0,0.0,0.0,0.0
0.0;-0.3006110938157844,0.7461444052584949,0.32218958385896357,-1.778456605746016,-0.10419191657692108,-0.939713259416561,0.10500576334178856;0.0,-0.012801598757505417,0.0;1.0,0.0,0.0,0.0
0.0;-0.29751912307761924,0.7461141172244095,0.3227732374512309,-1.7788018209142205,-0.09990337385713284,-0.9404836783158964,0.10200215571176935;0.0,-0.010972801595926285,0.0;1.0,0.0,0.0,0.0
0.0;-0.29441791124172123,0.7460932666619763,0.3233577078735717,-1.7791308028072568,-0.0956034628688344,-0.9412619747701155,0.09899092470635822;0.0,-0.009143996983766556,0.0;1.0,0.0,0.0,0.0
0.0;-0.2913079693098338,0.7460820141854452,0.3239430743200531,-1.7794429816252038,-0.09129336933812467,-0.942047550573796,0.09597283616221373;0.0,-0.007315199822187424,0.0;1.0,0.0,0.0,0.0
0.0;-0.2881897800092615,0.7460805022958539,0.3245294113819025,-1.7797378465259064,-0.08697421152413431,-0.9428398615839378,0.0929486000621865;0.0,-0.005486395210027695,0.0;1.0,0.0,0.0,0.0
0.0;-0.2850637669480728,0.7460889532050077,0.325116761607444,-1.7800148705725387,-0.08264707029323143,-0.9436384810074684,0.08991884788707638;0.0,-0.0036575980484485626,0.0;1.0,0.0,0.0,0.0
0.0;-0.28193037739524096,0.7461074771420617,0.32570518109611085,-1.78027364802909,-0.07831293556333316,-0.9444429613657492,0.08688419355228473;0.0,-0.0018288008868694305,0.0;1.0,0.0,0.0,0.0
0.0;-0.2787900427817998,0.74613613980611,0.32629473190926994,-1.7805138330434782,-0.07397273016145714,-0.9452528650481415,0.0838452148509925;0.0,0.0,0.0;1.0,0.0,0.0,0.0
