0.0;-0.09416717376074102,-0.585019021937935,0.4380160515388277,2.1974009016289306,-2.9554879114626074,1.5814916526056022,2.7834225375218336;0.0,0.0,0.0;1.0,0.0,0.0,0.0
0.0;-0.09521205149924167,-0.5858197781642533,0.4372101209930765,2.1977087725255977,-2.9567961249167283,1.5827363261900829,2.783790215619553;0.0,0.0018661225913092494,0.0;1.0,0.0,0.0,0.0
0.0;-0.09565975311761175,-0.5858214341292501,0.43722145413510494,2.1981733999699986,-2.958113986188709,1.5832552378541913,2.7843231553833223;0.0,0.003732245182618499,0.0;1.0,0.0,0.0,0.0
0.0;-0.09573300059875446,-0.5851430227695215,0.43778000170521836,2.198446750179847,-2.9590418683629225,1.5830012644732743,2.7847274381589866;0.0,0.005598367657512426,0.0;1.0,0.0,0.0,0.0
0.0;-0.09551157386907298,-0.584254439404409,0.43843324054822835,2.19847755317981,-2.9594639015938933,1.5824421194988887,2.7848279489165217;0.0,0.007464490365236998,0.0;1.0,0.0,0.0,0.0
0.0;-0.09551072185470053,-0.584253786276791,0.43843509703920275,2.1984762262468394,-2.95946428705759,1.5824411973008288,2.7848277696651462;0.0,0.009330613538622856,0.0;1.0,0.0,0.0,0.0
0.0;-0.09496924413199367,-0.5837440661822603,0.4388661609475756,2.1984864256653673,-2.959275084062613,1.5819804975408736,2.7847254640092167;0.0,0.011196735315024853,0.0;1.0,0.0,0.0,0.0
0.0;-0.0941202918845642,-0.5827377817680498,0.4396355308020885,2.1983369076202144,-2.958899574706204,1.581047177428173,2.784522987557959;0.0,0.013062858954071999,0.0;1.0,0.0,0.0,0.0
0.0;-0.09326448198936814,-0.5817194124782451,0.44029334738454945,2.197975592518771,-2.9583067834948573,1.580072405339964,2.7842077811736985;0.0,0.01492898166179657,0.0;1.0,0.0,0.0,0.0
0.0;-0.09228066173715208,-0.5808648960403496,0.44070669140109675,2.19750172531071,-2.9574657998490563,1.579264706904685,2.7837720288234666;0.0,0.01679510436952114,0.0;1.0,0.0,0.0,0.0
0.0;-0.0911050005259541,-0.580134907503952,0.440914236866654,2.196916905018292,-2.9563432759099704,1.578571186634867,2.783251948671217;0.0,0.018661227077245712,0.0;1.0,0.0,0.0,0.0
0.0;-0.08975976378259641,-0.5794381992578082,0.44101024625796714,2.196204296754469,-2.9549635233421814,1.5778636268475537,2.7827270780566757;0.0,0.020527349784970284,0.0;1.0,0.0,0.0,0.0
0.0;-0.08827419014954442,-0.5787190508514245,0.44106693122219653,2.195383988383966,-2.953394649482878,1.5770638995455097,2.7822703326354006;0.0,0.022393472492694855,0.0;1.0,0.0,0.0,0.0
0.0;-0.08666834845527337,-0.5779790207139155,0.44109484897492923,2.1944843157707803,-2.9516976239934474,1.5761659900225096,2.781912241389214;0.0,0.024259595200419426,0.0;1.0,0.0,0.0,0.0
0.0;-0.08495278013724164,-0.5772482566599239,0.44106317837497605,2.193513669771003,-2.9499008108083786,1.5751966001597337,2.781646061800641;0.0,0.026125717908143997,0.0;1.0,0.0,0.0,0.0
0.0;-0.08312841606401772,-0.5765484932509546,0.4409390577354839,2.1924669433815716,-2.9480096757613747,1.5741757903606017,2.7814535572893697;0.0,0.02799183689057827,0.0;1.0,0.0,0.0,0.0
0.0;-0.0811921044333606,-0.5758798386325841,0.44071127358760304,2.1913385855961467,-2.9460272190257952,1.5731045392877279,2.7813237082987836;0.0,0.02985796146094799,0.0;1.0,0.0,0.0,0.0
0.0;-0.07914362653542521,-0.5752286293795924,0.4403896631783531,2.190123610980169,-2.9439620200572487,1.5719710066893147,2.7812553943014944;0.0,0.03172408416867256,0.0;1.0,0.0,0.0,0.0
0.0;-0.0770312193575029,-0.5745906171920746,0.4399878205158163,2.1888439462133653,-2.941859524630989,1.5707858538359905,2.781252018577584;0.0,0.03359020873904228,0.0;1.0,0.0,0.0,0.0
0.0;-0.07479431127112653,-0.5739420630431119,0.43952564513368225,2.1874947546155115,-2.9397028940627794,1.5695338505841383,2.7813138925505894;0.0,0.035456333309412,0.0;1.0,0.0,0.0,0.0
0.0;-0.07193393991278645,-0.5731523273491348,0.438925699930149,2.185885636605934,-2.9371098083076097,1.5680032601231242,2.781458677083535;0.0,0.037322454154491425,0.0;1.0,0.0,0.0,0.0
0.0;-0.06931233396610735,-0.5724566424449589,0.4381288338060999,2.1840576640759566,-2.9344841591690876,1.5664513491775744,2.781662943213692;0.0,0.03918857499957085,0.0;1.0,0.0,0.0,0.0
0.0;-0.06667757072372343,-0.5718445020730465,0.437213150372445,2.1822647935270223,-2.9319379461161668,1.5649924483725877,2.781938509629604;0.0,0.04105469584465027,0.0;1.0,0.0,0.0,0.0
0.0;-0.06417529877478272,-0.5712810638206186,0.43634309372658436,2.1806279691850525,-2.929657468376455,1.5636530175754866,2.782270536218236;0.0,0.04292082041501999,0.0;1.0,0.0,0.0,0.0
0.0;-0.061360324571846606,-0.5707199803310895,0.4352583930073633,2.178804323793438,-2.927200200332934,1.5622345568610858,2.7827249036430937;0.0,0.04478694126009941,0.0;1.0,0.0,0.0,0.0
0.0;-0.057378496262651416,-0.5708175225845765,0.43264541785724536,2.176222946864165,-2.9237533778012126,1.5611089209476987,2.7836192348618365;0.0,0.04665306583046913,0.0;1.0,0.0,0.0,0.0
0.0;-0.053698079986913394,-0.5709300556519333,0.42978087859891456,2.173425618352231,-2.920557716835942,1.55967106247489,2.7848553954645627;0.0,0.04851918667554855,0.0;1.0,0.0,0.0,0.0
0.0;-0.050224518150663255,-0.5707347699592606,0.42746209031866583,2.1707720488454423,-2.917972236573777,1.5578817806939325,2.7862535351573854;0.0,0.050385311245918274,0.0;1.0,0.0,0.0,0.0
0.0;-0.0470281819728995,-0.5701701084062635,0.42552764000947274,2.168288853459715,-2.915726315002113,1.5558188398211739,2.787616108912376;0.0,0.052251432090997696,0.0;1.0,0.0,0.0,0.0
0.0;-0.04378922166448429,-0.5694432982024955,0.4239941808462463,2.165946041151265,-2.9137010185399683,1.5537831643847686,2.788828126491883;0.0,0.054117556661367416,0.0;1.0,0.0,0.0,0.0
0.0;-0.040299535482137834,-0.5685184188911119,0.42239052696884194,2.163490319331375,-2.911467450685909,1.5516257268634859,2.789975480240384;0.0,0.05598368123173714,0.0;1.0,0.0,0.0,0.0
0.0;-0.03756601407327995,-0.5676096585136058,0.4210734774537792,2.1610691758162304,-2.9094179783617418,1.549596448632797,2.7908819785314276;0.0,0.05784980580210686,0.0;1.0,0.0,0.0,0.0
0.0;-0.0342773473641476,-0.5667215457501248,0.4196001150564925,2.1587418876155913,-2.9071966189365805,1.5477639011687336,2.7917291876972445;0.0,0.05971592664718628,0.0;1.0,0.0,0.0,0.0
0.0;-0.03186787955966283,-0.5659497731400259,0.41836885726411743,2.1565748496723867,-2.9052713934994263,1.5461418750575127,2.7923869365789717;0.0,0.0615820474922657,0.0;1.0,0.0,0.0,0.0
0.0;-0.02809030575567841,-0.5656066842891201,0.416668518833026,2.1544250444745523,-2.9027655362051634,1.5441221824798868,2.7932259632075964;0.0,0.06344816833734512,0.0;1.0,0.0,0.0,0.0
0.0;-0.023019087696948822,-0.5654493782487409,0.4140321314493833,2.151212470017076,-2.8989765211325675,1.5408772904666481,2.794485264100726;0.0,0.06531429290771484,0.0;1.0,0.0,0.0,0.0
0.0;-0.01871623060397869,-0.5653535504193874,0.41053043077742535,2.146529541607445,-2.894225257814442,1.5365339485833895,2.7960783229242647;0.0,0.06718041002750397,0.0;1.0,0.0,0.0,0.0
0.0;-0.013428359878205579,-0.5643399238187923,0.4079697573546024,2.141855060464124,-2.8897739772109285,1.5324780438362096,2.797859761386245;0.0,0.06904653459787369,0.0;1.0,0.0,0.0,0.0
0.0;-0.00863707021622517,-0.5647199660822187,0.40552296261119514,2.1398724664615196,-2.8867719913968206,1.530612269998199,2.799324157084456;0.0,0.07091265916824341,0.0;1.0,0.0,0.0,0.0
0.0;-0.0035081844315631196,-0.5642352843322921,0.4029331027303178,2.1370608428039044,-2.8832533928927937,1.5279935936829785,2.8011142578650965;0.0,0.07277879118919373,0.0;1.0,0.0,0.0,0.0
0.0;-0.0006564543939608888,-0.5633620211746246,0.4000711836108927,2.1324726263825418,-2.8794184776369343,1.5242816924129945,2.8028402063389994;0.0,0.07464490830898285,0.0;1.0,0.0,0.0,0.0
0.0;0.004602329944759681,-0.562911752460516,0.39740947788924846,2.129570966839721,-2.8764774616145177,1.5222426080881823,2.8046570822060692;0.0,0.07651103287935257,0.0;1.0,0.0,0.0,0.0
0.0;0.008921062663974464,-0.5628638955753281,0.39549191597439937,2.128515352457585,-2.8745318960591995,1.52082597840803,2.805762837671123;0.0,0.07837715744972229,0.0;1.0,0.0,0.0,0.0
0.0;0.008907514007916022,-0.5631302304268382,0.3954704992111748,2.12834362198853,-2.8745403198454533,1.5208279447903643,2.8057734969078925;0.0,0.08024327456951141,0.0;1.0,0.0,0.0,0.0
0.0;0.008410133664982026,-0.5627426831458568,0.39549158170464555,2.127760197050041,-2.8743359205273324,1.5203461767787183,2.805802611483502;0.0,0.08210939913988113,0.0;1.0,0.0,0.0,0.0
0.0;0.008434065005277887,-0.5627802413174839,0.3953721928032687,2.127658422641557,-2.8741964841462133,1.520144696139979,2.8058341118976404;0.0,0.08397552371025085,0.0;1.0,0.0,0.0,0.0
0.0;0.008516083928497998,-0.5627331685716511,0.3954567581838805,2.127454637646822,-2.874157057566771,1.5200378722881729,2.805849538344884;0.0,0.08584164828062057,0.0;1.0,0.0,0.0,0.0
0.0;0.008517316934637099,-0.5627313379834886,0.39545681193343274,2.1274552824760034,-2.874156357125541,1.5200368263613686,2.805849675485306;0.0,0.0877077728509903,0.0;1.0,0.0,0.0,0.0
0.0;0.008756595987760312,-0.5627781697605255,0.3953475350309637,2.1275450525845097,-2.8739988028377326,1.519812924369627,2.8058804006911147;0.0,0.08957388997077942,0.0;1.0,0.0,0.0,0.0
0.0;0.010973413271278317,-0.5631990109025744,0.39537576085143034,2.12729315686705,-2.872948997651791,1.5178534286402443,2.8061364765034726;0.0,0.09143999963998795,0.0;1.0,0.0,0.0,0.0
0.0;0.0109673912329597,-0.5631963685530786,0.39526981978604936,2.1273291447952682,-2.872852328924018,1.517738684919782,2.8061468053931717;-0.001828799955546856,0.09143999963998795,0.0;1.0,0.0,0.0,0.0
0.0;0.010970100018986375,-0.563227778334425,0.3952802629053322,2.1273003525369596,-2.872856675447095,1.517739076990232,2.806147507090153;-0.003657599911093712,0.09143999963998795,0.0;1.0,0.0,0.0,0.0
0.0;0.010983562009567448,-0.5631994791487445,0.39528456382609134,2.1272979222957757,-2.872841608706206,1.517720360252855,2.8061487275089787;-0.005486399866640568,0.09143999963998795,0.0;1.0,0.0,0.0,0.0
0.0;0.010989809910021514,-0.5632005445943586,0.3952994844597897,2.1272783118763536,-2.8728418722071836,1.5177150776369814,2.806149659308888;-0.007315200287848711,0.09143999963998795,0.0;1.0,0.0,0.0,0.0
0.0;0.010987011809879953,-0.5631986983029735,0.39528645695532405,2.127287639284224,-2.8728310859355357,1.5177057844517505,2.806150446461062;-0.00914399977773428,0.09143999963998795,0.0;1.0,0.0,0.0,0.0
0.0;0.010987132244625757,-0.5632052781224695,0.3952864883357162,2.127284606364105,-2.872831430606847,1.5177061727344916,2.806150527141062;-0.010972799733281136,0.09143999963998795,0.0;1.0,0.0,0.0,0.0
0.0;0.010991011500006052,-0.5631986634247532,0.39529295314436863,2.127279288202214,-2.872827923877582,1.5177004811764772,2.8061512434297926;-0.012801599688827991,0.09143999963998795,0.0;1.0,0.0,0.0,0.0
0.0;0.010990242245448423,-0.5632034920367376,0.3952897889135332,2.127280081972954,-2.872826477075504,1.5176998449813273,2.8061513515530847;-0.014630400575697422,0.09143999963998795,0.0;1.0,0.0,0.0,0.0
0.0;0.010991061788856124,-0.5632012892077688,0.39529079719274474,2.127279895475037,-2.8728253269926243,1.5176984545579237,2.8061515102038213;-0.016459200531244278,0.09143999963998795,0.0;1.0,0.0,0.0,0.0
0.0;0.010991928648387115,-0.5632007971503843,0.3952924084221076,2.12727857885277,-2.8728250362519554,1.5176978656616404,2.8061516162370284;-0.01828799955546856,0.09143999963998795,0.0;1.0,0.0,0.0,0.0
0.0;0.010991929170544992,-0.563200389593717,0.3952922741290841,2.1272788835004373,-2.872824830905964,1.5176976960713664,2.8061516274032634;-0.02011680044233799,0.09143999963998795,0.0;1.0,0.0,0.0,0.0
0.0;0.010991929170544992,-0.563200389593717,0.3952922741290841,2.1272788835004373,-2.872824830905964,1.5176976960713664,2.8061516274032634;-0.02194560132920742,0.09143999963998795,0.0;1.0,0.0,0.0,0.0
0.0;0.010991929170544992,-0.563200389593717,0.3952922741290841,2.1272788835004373,-2.872824830905964,1.5176976960713664,2.8061516274032634;-0.0237744003534317,0.09143999963998795,0.0;1.0,0.0,0.0,0.0
0.0;0.010991929170544992,-0.563200389593717,0.3952922741290841,2.1272788835004373,-2.872824830905964,1.5176976960713664,2.8061516274032634;-0.025603201240301132,0.09143999963998795,0.0;1.0,0.0,0.0,0.0
0.0;0.011181374357648951,-0.5633247285694741,0.39541045751036186,2.127266317260229,-2.8725648989458095,1.5175242279019843,2.806184651812512;-0.027432000264525414,0.09143999963998795,0.0;1.0,0.0,0.0,0.0
0.0;0.011180586819188876,-0.5632808131767044,0.3953931083239601,2.127305767516842,-2.872538891317352,1.517505662569973,2.80618585398567;-0.029260801151394844,0.09143999963998795,0.0;1.0,0.0,0.0,0.0
0.0;0.011180967912643641,-0.5632802137175741,0.3953938325459855,2.1273055280486295,-2.8725385365584803,1.5175053481350396,2.8061858979394576;-0.031089600175619125,0.09143999963998795,0.0;1.0,0.0,0.0,0.0
0.0;0.011186714002086004,-0.5632822740132964,0.3954017456446639,2.1273017402903056,-2.8725341368570017,1.5175026377867298,2.8061865873542566;-0.032918401062488556,0.09143999963998795,0.0;1.0,0.0,0.0,0.0
0.0;0.011186714002086004,-0.5632822740132964,0.3954017456446639,2.1273017402903056,-2.8725341368570017,1.5175026377867298,2.8061865873542566;-0.034747201949357986,0.09143999963998795,0.0;1.0,0.0,0.0,0.0
0.0;0.011186714002086004,-0.5632822740132964,0.3954017456446639,2.1273017402903056,-2.8725341368570017,1.5175026377867298,2.8061865873542566;-0.03657599911093712,0.09143999963998795,0.0;1.0,0.0,0.0,0.0
0.0;0.011186714002086004,-0.5632822740132964,0.3954017456446639,2.1273017402903056,-2.8725341368570017,1.5175026377867298,2.8061865873542566;-0.03840479999780655,0.09143999963998795,0.0;1.0,0.0,0.0,0.0
0.0;0.011186714002086004,-0.5632822740132964,0.3954017456446639,2.1273017402903056,-2.8725341368570017,1.5175026377867298,2.8061865873542566;-0.04023360460996628,0.09143999963998795,0.0;1.0,0.0,0.0,0.0
0.0;0.011547842383479489,-0.5634433404140912,0.3957355514035266,2.1273984118330502,-2.872137640419823,1.517359552790912,2.8062286178253095;-0.04206240177154541,0.09143999963998795,0.0;1.0,0.0,0.0,0.0
0.0;0.01271275190273553,-0.5643946057425011,0.39639341379696585,2.128572658822541,-2.8697080645125013,1.5164487905460053,2.8064373762951056;-0.04389120265841484,0.09143999963998795,0.0;1.0,0.0,0.0,0.0
0.0;0.012837737524132907,-0.5644875125891708,0.3966953220601169,2.128024403505856,-2.8679104507593225,1.5166033169115034,2.806375028477055;-0.04572000354528427,0.09143999963998795,0.0;1.0,0.0,0.0,0.0
0.0;0.012923165650385704,-0.564095931877988,0.39693439182415596,2.1275456177716703,-2.866912685895026,1.5169217028279127,2.80626929603945;-0.0475488007068634,0.09143999963998795,0.0;1.0,0.0,0.0,0.0
0.0;0.013652689349533908,-0.5649331801605193,0.3974089993723021,2.1289379128913217,-2.8629654812267473,1.515659052717747,2.8062963224388757;-0.049377601593732834,0.09143999963998795,0.0;1.0,0.0,0.0,0.0
0.0;0.015354139048256565,-0.5662661993739966,0.39852029737107675,2.1314773081707883,-2.8568640648477803,1.5136059686272973,2.8064104031474257;-0.051206402480602264,0.09143999963998795,0.0;1.0,0.0,0.0,0.0
0.0;0.017366273250717715,-0.5677438652986276,0.39986766369144366,2.1339962321227244,-2.849839819689886,1.5115442077520198,2.8064791257356836;-0.053035199642181396,0.09143999963998795,0.0;1.0,0.0,0.0,0.0
0.0;0.0183737115055166,-0.5689325375603693,0.4003191035534245,2.136479061545883,-2.8425224424805644,1.5094754472470606,2.8063955460663745;-0.05486399680376053,0.09143999963998795,0.0;1.0,0.0,0.0,0.0
0.0;0.019970564256267125,-0.5699427121020858,0.4011756010371804,2.1380318773774776,-2.8362242487065656,1.508298306771446,2.806200382135588;-0.05669280141592026,0.09143999963998795,0.0;1.0,0.0,0.0,0.0
0.0;0.02018145978238486,-0.5703716244966058,0.40126794287974127,2.1372004340716297,-2.83480944068042,1.5088199300000515,2.806018458391641;-0.05852159857749939,0.09143999963998795,0.0;1.0,0.0,0.0,0.0
0.0;0.02024190430272501,-0.569876212073621,0.40130641993584165,2.1369482607196226,-2.834663827493044,1.5091184426022939,2.805944385363735;-0.06035039946436882,0.09143999963998795,0.0;1.0,0.0,0.0,0.0
0.0;0.020234499781568195,-0.5697616617141259,0.4013031652075707,2.13695228765333,-2.8346180517955095,1.5091445225065212,2.8059382102934043;-0.06217920035123825,0.09143999963998795,0.0;1.0,0.0,0.0,0.0
0.0;0.02023586889572151,-0.5697585126927454,0.4013040622437937,2.1369542056526982,-2.834617083286655,1.5091442687937127,2.8059381375019217;-0.06400800496339798,0.09143999963998795,0.0;1.0,0.0,0.0,0.0
0.0;0.020235883396784508,-0.5697583542361726,0.4013040678196207,2.1369542843736857,-2.8346170138267297,1.509144263923328,2.8059381335605758;-0.06583680212497711,0.09143999963998795,0.0;1.0,0.0,0.0,0.0
0.0;0.020235891140876577,-0.5697583254770281,0.40130407128460793,2.1369543026672315,-2.8346170024441046,1.509144263334688,2.8059381329727646;-0.06766560673713684,0.09143999963998795,0.0;1.0,0.0,0.0,0.0
0.0;0.02106551508790941,-0.5702353320454404,0.40043921963220186,2.139904153283456,-2.8327342431699134,1.509159577647725,2.8058597172457986;-0.06949440389871597,0.09143999963998795,0.0;1.0,0.0,0.0,0.0
0.0;0.021896452321472873,-0.5709469288906315,0.3993304094206493,2.1442119996648112,-2.829328275099839,1.5091737345266014,2.8063201126044497;-0.0713232010602951,0.09143999963998795,0.0;1.0,0.0,0.0,0.0
0.0;0.022021553598668503,-0.5713713246339577,0.39912021891921506,2.144523487129523,-2.8278196018983195,1.5105049218136104,2.8068674682360584;-0.07315200567245483,0.09143999963998795,0.0;1.0,0.0,0.0,0.0
0.0;0.02244634924743858,-0.5707983800460443,0.3993513664087834,2.1443677786396087,-2.827268051830449,1.5117447375488438,2.8071525817841736;-0.07498079538345337,0.09143999963998795,0.0;1.0,0.0,0.0,0.0
0.0;0.02244668499597804,-0.5707892151343932,0.3993520379890377,2.144372523356891,-2.8272652631172925,1.5117435214016137,2.8071530769088207;-0.0768095925450325,0.09143999963998795,0.0;1.0,0.0,0.0,0.0
0.0;0.022446735528914075,-0.5707887683378441,0.39935207909165077,2.144372828113641,-2.827265130785007,1.511743422870532,2.8071530944346463;-0.07863839715719223,0.09143999963998795,0.0;1.0,0.0,0.0,0.0
0.0;0.02278170743054126,-0.5712568540300392,0.3983509281043597,2.147627183747673,-2.8255733261057645,1.511409177360278,2.8074628144878995;-0.08046720176935196,0.09143999963998795,0.0;1.0,0.0,0.0,0.0
0.0;0.02362317862729889,-0.5721095640745371,0.3974967380749307,2.1525836908759746,-2.8228264358349158,1.5112328810192677,2.8085787837143195;-0.08229599893093109,0.09143999963998795,0.0;1.0,0.0,0.0,0.0
0.0;0.023628691178898115,-0.5721023474243018,0.3974996653419582,2.1525948879745185,-2.8228211966841474,1.511234060106376,2.8085819036055657;-0.08412480354309082,0.09143999963998795,0.0;1.0,0.0,0.0,0.0
0.0;0.023646018657739187,-0.5722882778364993,0.3971143337350988,2.154066161444706,-2.821974277073711,1.511314217937647,2.808984451675142;-0.08595360070466995,0.09143999963998795,0.0;1.0,0.0,0.0,0.0
0.0;0.024185891587911852,-0.572438668124469,0.3972793206925702,2.1546988663818776,-2.82172837812,1.511723832109338,2.8092148136774284;-0.08778239786624908,0.09143999963998795,0.0;1.0,0.0,0.0,0.0
0.0;0.024185830769236527,-0.5724383506882776,0.3972793058769591,2.1546990480110577,-2.821728261455928,1.5117237684408131,2.8092148473660776;-0.08961120247840881,0.09143999963998795,0.0;1.0,0.0,0.0,0.0
0.0;0.024185828866965978,-0.5724383433187519,0.39727930514233417,2.154699052173685,-2.821728258745922,1.51172376661183,2.809214847965845;-0.09143999963998795,0.09143999963998795,0.0;1.0,0.0,0.0,0.0
0.0;0.02384883628893118,-0.572796995484958,0.3958323804564414,2.158564013259605,-2.8195882416731997,1.5116678422876333,2.809965702059521;-0.09326879680156708,0.09143999963998795,0.0;1.0,0.0,0.0,0.0
0.0;0.02415354823713936,-0.5735949840793964,0.39476343459157825,2.164478808672026,-2.8164396619450516,1.5121862730034379,2.811947958845899;-0.09509759396314621,0.09143999963998795,0.0;1.0,0.0,0.0,0.0
0.0;0.0246789430586064,-0.5744964669753644,0.394549917595774,2.170180031970487,-2.8133737045668057,1.5131545251758702,2.8147639012631656;-0.09692639112472534,0.09143999963998795,0.0;1.0,0.0,0.0,0.0
0.0;0.025125658913469122,-0.5746262822075869,0.3948707148447092,2.170657739015207,-2.8132001395123556,1.5136590684855662,2.8151892936341865;-0.09875520318746567,0.09143999963998795,0.0;1.0,0.0,0.0,0.0
0.0;0.025125297849317597,-0.5746250357130834,0.39487074583045245,2.170657977643695,-2.8131999166483013,1.513658850670844,2.8151893900950604;-0.1005840003490448,0.09143999963998795,0.0;1.0,0.0,0.0,0.0
0.0;0.025125145546348395,-0.5746244268935423,0.39487074192413263,2.1706582268079404,-2.813199754059056,1.51365874018697,2.815189459406743;-0.10241279751062393,0.09143999963998795,0.0;1.0,0.0,0.0,0.0
0.0;0.025125130143504572,-0.5746243793933755,0.3948707381895986,2.170658248622861,-2.813199739137908,1.513658730234415,2.8151894648349565;-0.10424160212278366,0.09143999963998795,0.0;1.0,0.0,0.0,0.0
0.0;0.025726032951817416,-0.5756159591513397,0.39304700176776824,2.179719802195561,-2.809400037776713,1.5151291582774724,2.817837816617071;-0.10607039928436279,0.09143999963998795,0.0;1.0,0.0,0.0,0.0
0.0;0.023779385456961667,-0.5789569724919027,0.3959141154539272,2.1887274457007893,-2.802497139352453,1.5181593243805405,2.8172526076932503;-0.10789919644594193,0.09143999963998795,0.0;1.0,0.0,0.0,0.0
0.0;0.021055536210903374,-0.5835982767167106,0.40129102228498514,2.192133227855953,-2.798434090409339,1.5188296347898622,2.8160394420549375;-0.10972800850868225,0.09143999963998795,0.0;1.0,0.0,0.0,0.0
0.0;0.01871660380857103,-0.5855505672087429,0.4052030043308035,2.1941194423236916,-2.7961225684891615,1.5178260929236198,2.815922391616068;-0.11155680567026138,0.09143999963998795,0.0;1.0,0.0,0.0,0.0
0.0;0.01765497837678326,-0.5863624054979976,0.407588606245354,2.1952060963444873,-2.7952272315338567,1.5169339450071302,2.8163144435114504;-0.11338560283184052,0.09143999963998795,0.0;1.0,0.0,0.0,0.0
0.0;0.01704683002595574,-0.5870632598992781,0.4085684187480162,2.195917003082027,-2.7948457878277533,1.5166633553881992,2.816535239647786;-0.11521440744400024,0.09143999963998795,0.0;1.0,0.0,0.0,0.0
0.0;0.01704671880316716,-0.5870634001619232,0.4085684891815964,2.195916803995176,-2.794845807310485,1.5166633307565482,2.816535211329975;-0.11704320460557938,0.09143999963998795,0.0;1.0,0.0,0.0,0.0
0.0;0.017002223242850497,-0.5873388959113204,0.4084943494029826,2.1960742504502533,-2.794695406283944,1.516968045912598,2.8163191882243424;-0.11887200176715851,0.09143999963998795,0.0;1.0,0.0,0.0,0.0
0.0;0.017002196648284937,-0.58733891788127,0.40849435997254424,2.1960742119752528,-2.7946954054214648,1.5169680398359513,2.8163191796294424;-0.12070081382989883,0.09143999963998795,0.0;1.0,0.0,0.0,0.0
0.0;0.0167757931884542,-0.5876653541755253,0.40887769190151824,2.196373515155033,-2.7943693619650984,1.5171302959151436,2.8161937513297857;-0.12252961099147797,0.09143999963998795,0.0;1.0,0.0,0.0,0.0
0.0;0.016774723813971788,-0.5876660525639665,0.40887819755889454,2.1963724277255645,-2.7943691382172813,1.5171300386511282,2.8161934402641107;-0.1243584081530571,0.09143999963998795,0.0;1.0,0.0,0.0,0.0
0.0;0.01677470897370596,-0.5876661348616298,0.40887825671834577,2.1963723209739707,-2.794369157468689,1.517130053587451,2.816193430944431;-0.12618719041347504,0.09143999963998795,0.0;1.0,0.0,0.0,0.0
0.0;0.01677470509559751,-0.5876661387927804,0.4088782595057394,2.1963723150399312,-2.7943691569767104,1.5171300532733438,2.8161934298770306;-0.12801599502563477,0.09143999963998795,0.0;1.0,0.0,0.0,0.0
0.0;0.01677470511909295,-0.5876661389596171,0.408878259662431,2.1963723148828,-2.7943691570031812,1.51713005334014,2.816193429860497;-0.1298447847366333,0.09143999963998795,0.0;1.0,0.0,0.0,0.0
0.0;0.016774705131815396,-0.587666139019529,0.4088782597286127,2.1963723148343375,-2.7943691570067206,1.517130053369336,2.81619342985302;-0.13167360424995422,0.09143999963998795,0.0;1.0,0.0,0.0,0.0
0.0;0.016774705146944312,-0.5876661390648307,0.40887825979139936,2.1963723148079324,-2.7943691570017264,1.517130053398109,2.816193429845387;-0.13350239396095276,0.09143999963998795,0.0;1.0,0.0,0.0,0.0
0.0;0.016774705189384245,-0.5876661391371788,0.40887825993395593,2.1963723147997354,-2.7943691569683,1.5171300534662802,2.8161934298266287;-0.1353311985731125,0.09143999963998795,0.0;1.0,0.0,0.0,0.0
0.0;0.01693212581594684,-0.5877441911721242,0.409297542810993,2.1965837972141804,-2.7941693985666394,1.5173433309808135,2.8161303297143214;-0.13715998828411102,0.09143999963998795,0.0;1.0,0.0,0.0,0.0
0.0;0.01633370259555819,-0.5878882921523125,0.41018310611033976,2.1972950387936176,-2.79311245062919,1.5177134389839784,2.815779220702326;-0.13898879289627075,0.09143999963998795,0.0;1.0,0.0,0.0,0.0
0.0;0.01541530364819131,-0.5881340250293144,0.4114669526942518,2.198583324048156,-2.791568048002022,1.51822950712529,2.8151797099269995;-0.14081759750843048,0.09143999963998795,0.0;1.0,0.0,0.0,0.0
0.0;0.014372129849755272,-0.5884936796253912,0.41286847732990456,2.200198583896372,-2.7899623015156694,1.5187369553976422,2.814487957278864;-0.1426464021205902,0.09143999963998795,0.0;1.0,0.0,0.0,0.0
0.0;0.013323262840706647,-0.5889776707120568,0.41421877321090467,2.2019694305749233,-2.7885464276654734,1.5191725696130607,2.8137993913181027;-0.14447520673274994,0.09143999963998795,0.0;1.0,0.0,0.0,0.0
0.0;0.012273652075312464,-0.5895631276099849,0.4154484264818727,2.203814330751409,-2.7873780955861247,1.5195186206829943,2.813159237263614;-0.14630401134490967,0.09143999963998795,0.0;1.0,0.0,0.0,0.0
0.0;0.011212128202158693,-0.5901883308177726,0.4165484450419002,2.205717804245553,-2.7864108766872704,1.519785155089533,2.8125963889066075;-0.1481328159570694,0.09143999963998795,0.0;1.0,0.0,0.0,0.0
0.0;0.010165212418792766,-0.5908413862930231,0.41757197740209306,2.2076820140365574,-2.785602471011637,1.5200181864073798,2.8121035337779396;-0.14996160566806793,0.09143999963998795,0.0;1.0,0.0,0.0,0.0
0.0;0.009092734969394906,-0.5914946298097576,0.4185246964774196,2.209688316188347,-2.784884829282229,1.5202278436772003,2.8116955251993345;-0.15179041028022766,0.09143999963998795,0.0;1.0,0.0,0.0,0.0
0.0;0.0080248249476228,-0.5921601247896247,0.4194473233594243,2.2117319171964063,-2.784243805310128,1.5204434643300373,2.811348954603748;-0.1536192148923874,0.09143999963998795,0.0;1.0,0.0,0.0,0.0
0.0;0.00693168374027779,-0.5928227594773605,0.42032867677090846,2.2137946789611105,-2.783647821885708,1.5206548136822247,2.811068234823166;-0.15544801950454712,0.09143999963998795,0.0;1.0,0.0,0.0,0.0
0.0;0.0058456472922436414,-0.5934953630082395,0.4211944923969636,2.2158769945641703,-2.7831032974278593,1.5208759919292347,2.8108257262935625;-0.15727680921554565,0.09143999963998795,0.0;1.0,0.0,0.0,0.0
0.0;0.004740634875549231,-0.5941601375456191,0.42202759205669277,2.217966911016951,-2.7825905255398125,1.5210887563489168,2.810627623395118;-0.15910561382770538,0.09143999963998795,0.0;1.0,0.0,0.0,0.0
0.0;0.003645322129151934,-0.5948279318955734,0.4228467684933105,2.220066874557532,-2.7821170662900223,1.5213060970542713,2.8104511427636654;-0.1609344184398651,0.09143999963998795,0.0;1.0,0.0,0.0,0.0
0.0;0.0025398740811681296,-0.5954875405557284,0.4236414819219577,2.2221674858981912,-2.781668685002773,1.521514892393577,2.8103060485356934;-0.16276320815086365,0.09143999963998795,0.0;1.0,0.0,0.0,0.0
0.0;0.0014398883007267032,-0.5961442287473477,0.42442155634848994,2.2242695040341567,-2.7812463671637975,1.52172274655362,2.8101855051016744;-0.16459201276302338,0.09143999963998795,0.0;1.0,0.0,0.0,0.0
0.0;0.0003403659303344767,-0.5967977759966794,0.4251840940054268,2.2263692501196766,-2.780844783866827,1.521928465856288,2.8100835358529364;-0.1664208173751831,0.09143999963998795,0.0;1.0,0.0,0.0,0.0
0.0;-0.0007607997840462199,-0.597444864161375,0.4259266376404388,2.228464487004703,-2.7804586066953356,1.5221301216627268,2.8099983075798822;-0.16824962198734283,0.09143999963998795,0.0;1.0,0.0,0.0,0.0
0.0;-0.001852281665239983,-0.5980933822850385,0.42665942286952124,2.2305570491612823,-2.7800912203692763,1.5223355408827568,2.809913505572156;-0.17007841169834137,0.09143999963998795,0.0;1.0,0.0,0.0,0.0
0.0;-0.002948484580027204,-0.5987322885050301,0.42737708060535834,2.232642167406969,-2.77973320391524,1.522531690328784,2.809845270224881;-0.1719072163105011,0.09143999963998795,0.0;1.0,0.0,0.0,0.0
0.0;-0.004037072908297206,-0.5993666983895277,0.42808780329024426,2.234722075775789,-2.779386932514382,1.5227244648140046,2.8097916986749287;-0.17373600602149963,0.09143999963998795,0.0;1.0,0.0,0.0,0.0
0.0;-0.00512295218182542,-0.5999972720078891,0.4287874347146222,2.236794681867725,-2.7790492406919323,1.5229127869796715,2.809749286309004;-0.17556481063365936,0.09143999963998795,0.0;1.0,0.0,0.0,0.0
0.0;-0.006207119946598334,-0.6006224133993202,0.42947319402655676,2.23885927815704,-2.7787174827807353,1.5230956179607085,2.8097165671834103;-0.1773936152458191,0.09143999963998795,0.0;1.0,0.0,0.0,0.0
0.0;-0.007282341855347407,-0.6012475923964808,0.4301518843329326,2.240917593758053,-2.7783941475472593,1.523277292871416,2.809688849345576;-0.17922241985797882,0.09143999963998795,0.0;1.0,0.0,0.0,0.0
0.0;-0.008356784485800751,-0.601867764936643,0.4308184631801131,2.242967462181253,-2.7780746708999864,1.5234518503475187,2.8096675281263237;-0.18105120956897736,0.09143999963998795,0.0;1.0,0.0,0.0,0.0
0.0;-0.009425527369916229,-0.6024842367730467,0.4314764916033271,2.245009824871025,-2.777759688980402,1.5236210501697458,2.809652241377912;-0.1828799992799759,0.09143999963998795,0.0;1.0,0.0,0.0,0.0
0.0;-0.01069418463203177,-0.6033270212591832,0.43191369560885395,2.2469339937154476,-2.777604590059719,1.5239786520456786,2.809662767950299;-0.1828799992799759,0.08959272503852844,0.0;1.0,0.0,0.0,0.0
0.0;-0.01209858548035761,-0.604388361701891,0.4321387423406157,2.248842954513598,-2.7777481275804483,1.5246185572328343,2.8097299265708005;-0.1828799992799759,0.08774545043706894,0.0;1.0,0.0,0.0,0.0
0.0;-0.013605004068917561,-0.6055114177150271,0.43221951133797853,2.2508531319771867,-2.778220473437913,1.5254684591808256,2.809883547751563;-0.1828799992799759,0.08589818328619003,0.0;1.0,0.0,0.0,0.0
0.0;-0.015227017580514488,-0.6065753075264697,0.43221724020192953,2.252999097080677,-2.7789958048769026,1.5264287155995058,2.8101389608584624;-0.1828799992799759,0.08405090868473053,0.0;1.0,0.0,0.0,0.0
0.0;-0.01696825768250691,-0.60755031261862,0.43217702498955063,2.255256622479335,-2.7800422269727325,1.5274565008417642,2.810491815781935;-0.1828799992799759,0.08220363408327103,0.0;1.0,0.0,0.0,0.0
0.0;-0.018819993288957972,-0.6084536618861637,0.4321201145793674,2.2575834866386635,-2.7813277734338397,1.5285496664312832,2.810923136311277;-0.1828799992799759,0.08035635948181152,0.0;1.0,0.0,0.0,0.0
0.0;-0.020768581519869874,-0.609304940461035,0.43205282195552847,2.2599536425157916,-2.782821718730839,1.5297174643845364,2.8114085034808878;-0.1828799992799759,0.07850909233093262,0.0;1.0,0.0,0.0,0.0
0.0;-0.0227900697601293,-0.6101342510896968,0.4320638730466881,2.2622493986993812,-2.7844461357216153,1.5309817702502884,2.8116879129891204;-0.1828799992799759,0.07666181772947311,0.0;1.0,0.0,0.0,0.0
0.0;-0.02515739922989254,-0.6111811230466164,0.43199033800663994,2.264598782433889,-2.786274026548962,1.5326022311913516,2.8118435961813333;-0.1828799992799759,0.07481454312801361,0.0;1.0,0.0,0.0,0.0
0.0;-0.026802131188388607,-0.6116596041605789,0.43236942825845454,2.2665530951080823,-2.7878979715566246,1.5336181186539537,2.8120537393702683;-0.1828799992799759,0.07296726852655411,0.0;1.0,0.0,0.0,0.0
0.0;-0.028064503008896676,-0.611739975276704,0.4336004212729486,2.2677834766063816,-2.7892523206777238,1.5339537990248013,2.812265047279857;-0.1828799992799759,0.0711199939250946,0.0;1.0,0.0,0.0,0.0
0.0;-0.02927274291329081,-0.6117545069269219,0.43493314360284635,2.2684925960884996,-2.7902247357686227,1.534099091774038,2.8123267699842347;-0.1828799992799759,0.0692727267742157,0.0;1.0,0.0,0.0,0.0
0.0;-0.030301840613971193,-0.6117750305566517,0.43610357071529327,2.26900305092419,-2.7908380611069297,1.5343478271064066,2.8121999500978263;-0.1828799992799759,0.0674254521727562,0.0;1.0,0.0,0.0,0.0
0.0;-0.031137264933956212,-0.6118062288557762,0.43709480318548677,2.269406107275228,-2.7911244644408653,1.5347178659080152,2.8118174574989783;-0.1828799992799759,0.06557817757129669,0.0;1.0,0.0,0.0,0.0
0.0;-0.031847449823207134,-0.6118174340039535,0.4379640449196562,2.2697028198824256,-2.7911530461894674,1.5351202003411093,2.81126071272673;-0.1828799992799759,0.06373090296983719,0.0;1.0,0.0,0.0,0.0
0.0;-0.03184743170933674,-0.611817432098691,0.437964071035894,2.2697028174932297,-2.7911530478018176,1.5351202016764467,2.811260708207193;-0.1828799992799759,0.06188363581895828,0.0;1.0,0.0,0.0,0.0
0.0;-0.03184742924450688,-0.6118174311491188,0.43796407530547504,2.2697028145183444,-2.791153046701618,1.5351201998682447,2.811260707610618;-0.1828799992799759,0.06003636121749878,0.0;1.0,0.0,0.0,0.0
0.0;-0.03184742897697851,-0.6118174308432267,0.43796407655883435,2.269702813759235,-2.7911530462450043,1.5351201995171166,2.811260707258704;-0.1828799992799759,0.058189086616039276,0.0;1.0,0.0,0.0,0.0
0.0;-0.03184742914680922,-0.611817430522649,0.4379640774731177,2.269702813160996,-2.7911530456264666,1.5351201993724606,2.8112607068395343;-0.1828799992799759,0.05634181573987007,0.0;1.0,0.0,0.0,0.0
0.0;-0.03205671227231719,-0.6116373587051418,0.4382386784419499,2.2696713979307455,-2.790794900273131,1.53530691112072,2.811030538987319;-0.1828799992799759,0.05449454113841057,0.0;1.0,0.0,0.0,0.0
0.0;-0.03238692295021563,-0.6114354362923872,0.43868813654972816,2.2696909779097934,-2.790226864483702,1.5358113572629535,2.8105957524100984;-0.1828799992799759,0.052647266536951065,0.0;1.0,0.0,0.0,0.0
0.0;-0.03321173919900505,-0.6113661810547931,0.4387360144445715,2.270062526845509,-2.789756261693212,1.5366412109644063,2.8101355758407;-0.1828799992799759,0.05079999566078186,0.0;1.0,0.0,0.0,0.0
0.0;-0.03435566928027867,-0.6114593336702284,0.4384580899087067,2.270856939881497,-2.7896840907146467,1.537675689071795,2.8098355447739234;-0.1828799992799759,0.048952724784612656,0.0;1.0,0.0,0.0,0.0
0.0;-0.035694917704933896,-0.6116692099588079,0.43804253486756844,2.2719585058289664,-2.7901201528366815,1.5387356118091307,2.809788224224356;-0.1828799992799759,0.04710545018315315,0.0;1.0,0.0,0.0,0.0
0.0;-0.03720197362956247,-0.6119390390678435,0.43758506889910803,2.273242665872967,-2.791023171626671,1.539721200336407,2.809986181575537;-0.1828799992799759,0.04525817930698395,0.0;1.0,0.0,0.0,0.0
0.0;-0.03886067188020061,-0.6122332782012849,0.43710040721160265,2.2746530202543527,-2.7922992816119407,1.5406401596654717,2.81036882619617;-0.1828799992799759,0.043410904705524445,0.0;1.0,0.0,0.0,0.0
0.0;-0.040649742397940176,-0.6125370358291241,0.43657646192513894,2.2761724897332534,-2.793861400437608,1.5415431967622033,2.810870902416038;-0.1828799992799759,0.04156363010406494,0.0;1.0,0.0,0.0,0.0
0.0;-0.042553336795230046,-0.612844161814507,0.436008168161386,2.277786199265477,-2.795647882851031,1.5424673555035913,2.8114462693301316;-0.1828799992799759,0.039716362953186035,0.0;1.0,0.0,0.0,0.0
0.0;-0.04456097952150617,-0.6131492519822526,0.4354048262511789,2.2794737430894676,-2.797620411086068,1.5434233737515575,2.8120689360004887;-0.1828799992799759,0.03786909207701683,0.0;1.0,0.0,0.0,0.0
0.0;-0.04666331204268454,-0.6134462861910978,0.4347821215298544,2.2812157624305702,-2.7997548220045627,1.5444073739770887,2.812724600960818;-0.1828799992799759,0.03602181375026703,0.0;1.0,0.0,0.0,0.0
0.0;-0.048851360573831416,-0.613730306622292,0.4341528393709962,2.282998339299306,-2.802032920701264,1.5454132709298076,2.8134031431526063;-0.1828799992799759,0.03417454659938812,0.0;1.0,0.0,0.0,0.0
0.0;-0.051117523690242576,-0.6139986435931727,0.4335236167364581,2.284812519632562,-2.804438502698942,1.5464378199218476,2.8140954232788165;-0.1828799992799759,0.03232727199792862,0.0;1.0,0.0,0.0,0.0
0.0;-0.05345571995203688,-0.6142506649749531,0.4328968106960157,2.2866521312695203,-2.806956713693127,1.5474802461010835,2.8147931090013207;-0.1828799992799759,0.030479995533823967,0.0;1.0,0.0,0.0,0.0
0.0;-0.0558608358718807,-0.6144867760400633,0.43227343174966437,2.288512189422057,-2.809574513089172,1.5485403285993582,2.8154893063232134;-0.1828799992799759,0.028632724657654762,0.0;1.0,0.0,0.0,0.0
0.0;-0.05832830089216089,-0.6147076133656925,0.4316546863999449,2.290388304390113,-2.812280886004106,1.549617202426032,2.8161787969075647;-0.1828799992799759,0.02678545005619526,0.0;1.0,0.0,0.0,0.0
0.0;-0.060853975459063604,-0.6149137691936346,0.4310420750830137,2.2922766570348996,-2.8150666173928394,1.550709248685363,2.81685777675999;-0.1828799992799759,0.024938177317380905,0.0;1.0,0.0,0.0,0.0
0.0;-0.06343416658264506,-0.6151058574451914,0.4304369548338987,2.294174081631824,-2.8179239128442317,1.551814510795114,2.8175234302082917;-0.1828799992799759,0.023090910166502,0.0;1.0,0.0,0.0,0.0
0.0;-0.0660656241860116,-0.6152846253804141,0.42984024054217024,2.2960780475602456,-2.820846088832406,1.5529310675785917,2.8181736014440237;-0.1828799992799759,0.021243635565042496,0.0;1.0,0.0,0.0,0.0
0.0;-0.06876844257859088,-0.6154506300330798,0.4292443603878868,2.2979458551777565,-2.8237836302420947,1.5540469564162165,2.8187643745738247;-0.1828799992799759,0.019396360963582993,0.0;1.0,0.0,0.0,0.0
0.0;-0.07144082395804963,-0.6156126062644631,0.428784993225546,2.2997563201213653,-2.8267250694542208,1.5552495748420052,2.8191136376634747;-0.1828799992799759,0.01754908449947834,0.0;1.0,0.0,0.0,0.0
0.0;-0.07345120743012115,-0.6157476334715755,0.428645039756789,2.301145378012897,-2.8292180641300404,1.5560272581177845,2.8194878001251493;-0.1828799992799759,0.015701809898018837,0.0;1.0,0.0,0.0,0.0
0.0;-0.0759679095609892,-0.6166488380761882,0.42829623776754155,2.302109855883483,-2.832106504789363,1.5561921986417862,2.8199656721132436;-0.1828799992799759,0.013854536227881908,0.0;1.0,0.0,0.0,0.0
0.0;-0.07957337783082451,-0.6189733279702954,0.42728561259094705,2.3038511371705193,-2.8367931983566756,1.556666810385992,2.8207294897790707;-0.1828799992799759,0.012007270008325577,0.0;1.0,0.0,0.0,0.0
0.0;-0.08407162236743554,-0.6274862824862917,0.4268363088134845,2.310544965399514,-2.842172871426053,1.557547085774613,2.821529487060867;-0.1828799992799759,0.010159995406866074,0.0;1.0,0.0,0.0,0.0
0.0;-0.08794737764618467,-0.6409421371789537,0.42720502594936244,2.3211750240689075,-2.8455431744809263,1.5568809038073796,2.8228366480643237;-0.1828799992799759,0.008312719874083996,0.0;1.0,0.0,0.0,0.0
0.0;-0.0895978344890998,-0.6554250841500798,0.427145535249093,2.3335638215141534,-2.8472589472204137,1.553313527693269,2.8245179424400635;-0.1828799992799759,0.006465453188866377,0.0;1.0,0.0,0.0,0.0
0.0;-0.09096565399292579,-0.668283872199455,0.4273421351711552,2.3444609323518284,-2.8462387782886536,1.548416989441253,2.827580746611229;-0.1828799992799759,0.004618179053068161,0.0;1.0,0.0,0.0,0.0
0.0;-0.09072246987775244,-0.6781413308646238,0.4283348648176562,2.351681362716396,-2.844960188266749,1.5431032147684587,2.830274693556556;-0.1828799992799759,0.002770904451608658,0.0;1.0,0.0,0.0,0.0
0.0;-0.09217971366038046,-0.6831911933636861,0.4293178450175959,2.3550580716394474,-2.844052456235791,1.5427209415411167,2.83173634502805;-0.1828799992799759,0.0009236372425220907,0.0;1.0,0.0,0.0,0.0
0.0;-0.0922876850741554,-0.6858033241035767,0.42963259703696066,2.357725271667618,-2.843120731250276,1.5418142169082425,2.832609972012863;-0.1828799992799759,-0.0009236372425220907,0.0;1.0,0.0,0.0,0.0
0.0;-0.09265581948300874,-0.6884080986874005,0.4298939009077853,2.3590807742139397,-2.8430120137914225,1.5414040778639024,2.8335485452665714;-0.1828799992799759,-0.0027709119021892548,0.0;1.0,0.0,0.0,0.0
0.0;-0.09292173752838555,-0.6906807780931945,0.43008446296219016,2.3603020622167983,-2.843086906098819,1.5409539121435114,2.8345378086659583;-0.1828799992799759,-0.004618186503648758,0.0;1.0,0.0,0.0,0.0
0.0;-0.09295962362080137,-0.6919588728467196,0.42952411476109403,2.360575678460807,-2.8426856701668166,1.5399905427219638,2.834917651405756;-0.1828799992799759,-0.006465460639446974,0.0;1.0,0.0,0.0,0.0
0.0;-0.09288447649378423,-0.6919471588379755,0.4293540486177441,2.360849723001639,-2.842575754357552,1.5398906292928471,2.8349176444955497;-0.1828799992799759,-0.008312735706567764,0.0;1.0,0.0,0.0,0.0
0.0;-0.09273349710874619,-0.6923712159430132,0.42866850614313,2.361233689999444,-2.8421767901390185,1.5393255871309048,2.8350197175552423;-0.1828799992799759,-0.010160010308027267,0.0;1.0,0.0,0.0,0.0
0.0;-0.09272246755907103,-0.6933399538361572,0.4278983455541747,2.3611812689427563,-2.8417894320824324,1.538505251417698,2.835317214833744;-0.1828799992799759,-0.012007269077003002,0.0;1.0,0.0,0.0,0.0
0.0;-0.09273765277665327,-0.6933797246454947,0.42789800402391154,2.361153362380536,-2.841802523202444,1.5385292221081772,2.835318948608454;-0.1828799992799759,-0.013854543678462505,0.0;1.0,0.0,0.0,0.0
0.0;-0.0927078210379293,-0.6933787313551266,0.4278803648192729,2.361187726724571,-2.8417938214582166,1.5385301951194985,2.8353191419447996;-0.1828799992799759,-0.015701819211244583,0.0;1.0,0.0,0.0,0.0
0.0;-0.09272686383079062,-0.693384786506495,0.42787392033216487,2.361186040348188,-2.8417952060193814,1.5385367314983676,2.8353193293071413;-0.1828799992799759,-0.017549093812704086,0.0;1.0,0.0,0.0,0.0
0.0;-0.09272536402121215,-0.6933870778395782,0.4278702184171058,2.361186680402114,-2.8417933440368297,1.5385345398509047,2.8353200343110854;-0.1828799992799759,-0.019396375864744186,0.0;1.0,0.0,0.0,0.0
0.0;-0.09270922411880766,-0.6934011039330179,0.4278587897703688,2.3611915354043345,-2.84179232391722,1.5385428731098354,2.835320458995697;-0.1828799992799759,-0.02124364860355854,0.0;1.0,0.0,0.0,0.0
0.0;-0.09271423027781382,-0.6934002030481358,0.427855756433989,2.361194083593617,-2.8417913618176476,1.5385429376934483,2.8353204921511064;-0.1828799992799759,-0.02309090830385685,0.0;1.0,0.0,0.0,0.0
0.0;-0.09271423027781382,-0.6934002030481358,0.427855756433989,2.361194083593617,-2.8417913618176476,1.5385429376934483,2.8353204921511064;-0.1828799992799759,-0.024938182905316353,0.0;1.0,0.0,0.0,0.0
0.0;-0.09322154672665359,-0.6935871678153459,0.42763862667960956,2.361097066699516,-2.841818201901426,1.5387216860057293,2.8353245493584973;-0.1828799992799759,-0.026785457506775856,0.0;1.0,0.0,0.0,0.0
0.0;-0.0927871859465711,-0.6947777390695107,0.42638799798765753,2.3611459500665664,-2.8416184054633176,1.5379324217038735,2.835987510896559;-0.1828799992799759,-0.02863273210823536,0.0;1.0,0.0,0.0,0.0
0.0;-0.09268693644437415,-0.6971433125086955,0.42421821487476724,2.360596534881892,-2.8413797333729023,1.5363008668516631,2.837254424872011;-0.1828799992799759,-0.030480006709694862,0.0;1.0,0.0,0.0,0.0
0.0;-0.09178773606980309,-0.7013803607046488,0.4185011204805217,2.362862944883242,-2.8416066003922986,1.5389176477307882,2.838814009865874;-0.1828799992799759,-0.03232727199792862,0.0;1.0,0.0,0.0,0.0
0.0;-0.09222257910887205,-0.7047288918933704,0.41445525702428176,2.364286517799055,-2.8426040608231786,1.5424274870192598,2.8399736903207216;-0.1828799992799759,-0.03417454659938812,0.0;1.0,0.0,0.0,0.0
0.0;-0.09184675776853864,-0.7059859422287895,0.4127378741996951,2.3647878295296687,-2.843010877409265,1.541195691515732,2.8414002684963426;-0.1828799992799759,-0.03602181375026703,0.0;1.0,0.0,0.0,0.0
0.0;-0.09104770348562889,-0.7075821153157312,0.4111030752418114,2.364671656716752,-2.8432996850902965,1.5392754724239912,2.843010905689622;-0.1828799992799759,-0.03786909580230713,0.0;1.0,0.0,0.0,0.0
0.0;-0.09104652400958951,-0.7075781921163101,0.41109064022223324,2.3646859366226662,-2.8432964260013587,1.5392681666462118,2.843016054546644;-0.1828799992799759,-0.039716362953186035,0.0;1.0,0.0,0.0,0.0
0.0;-0.09086683191729698,-0.7076996342784336,0.4108042598887114,2.3648659789093154,-2.8434143648513728,1.5396122553893148,2.843127524263534;-0.1828799992799759,-0.041563648730516434,0.0;1.0,0.0,0.0,0.0
0.0;-0.09115726420675468,-0.7077481340751471,0.41071110323949095,2.3648178288782007,-2.8434544028154103,1.5396971050362092,2.8431543636120598;-0.1828799992799759,-0.04341091588139534,0.0;1.0,0.0,0.0,0.0
0.0;-0.09109156771469522,-0.7088857533643078,0.4080352692573186,2.365189138665263,-2.8443704967346775,1.5406541628752761,2.8445406194918395;-0.1828799992799759,-0.045258183032274246,0.0;1.0,0.0,0.0,0.0
0.0;-0.0909109418926168,-0.7104519750637883,0.4040077103179473,2.3655156158203314,-2.84592331520804,1.541656400049658,2.846857682378334;-0.1828799992799759,-0.047105465084314346,0.0;1.0,0.0,0.0,0.0
0.0;-0.09018998994726013,-0.7120061669687099,0.40164280069818803,2.3658237454168787,-2.847713162934912,1.5400916533361568,2.8495758279477137;-0.1828799992799759,-0.048952728509902954,0.0;1.0,0.0,0.0,0.0
0.0;-0.08998373846843018,-0.7133287498528095,0.3984348097088242,2.3657918324347853,-2.849771316768795,1.5396004317620842,2.8524006395962616;-0.1828799992799759,-0.050800010561943054,0.0;1.0,0.0,0.0,0.0
0.0;-0.09000697140866458,-0.7138720878811937,0.3944709279621211,2.3656650786161046,-2.85224366640324,1.5402606027579455,2.8552982284949135;-0.1828799992799759,-0.05264727771282196,0.0;1.0,0.0,0.0,0.0
0.0;-0.09016601047542903,-0.7136808542510271,0.3907535201545386,2.365246232787624,-2.8550060325195408,1.5411201724296282,2.8580419035202294;-0.1828799992799759,-0.05449454486370087,0.0;1.0,0.0,0.0,0.0
0.0;-0.09059626163280445,-0.7142536698738086,0.3876099789196396,2.364595323139301,-2.8577940401773456,1.5396836232816056,2.8610907192077017;-0.1828799992799759,-0.05634182691574097,0.0;1.0,0.0,0.0,0.0
0.0;-0.09073905956221251,-0.7141501249449507,0.384318207496381,2.364327074126447,-2.8609416239337184,1.539867509357217,2.8637739659734565;-0.1828799992799759,-0.05818909406661987,0.0;1.0,0.0,0.0,0.0
0.0;-0.09125570256212058,-0.7134677242745056,0.3815273490824519,2.3638253307541874,-2.863490009517188,1.5407148782097853,2.865604147857398;-0.1828799992799759,-0.06003637611865997,0.0;1.0,0.0,0.0,0.0
0.0;-0.09233317063162846,-0.7126833007809567,0.37859473057662796,2.3629661192866456,-2.865729596993979,1.5416040956136436,2.8670431626087964;-0.1828799992799759,-0.06188364326953888,0.0;1.0,0.0,0.0,0.0
0.0;-0.09379360040583037,-0.7115948384936086,0.37510386457604294,2.361604026758141,-2.868670904572969,1.5419657710630799,2.868805533698403;-0.1828799992799759,-0.06373092532157898,0.0;1.0,0.0,0.0,0.0
0.0;-0.09405396413822456,-0.7114213940966599,0.374431482938152,2.36091568874379,-2.8693627715083645,1.5408401405742729,2.8692970303629854;-0.1828799992799759,-0.06557817757129669,0.0;1.0,0.0,0.0,0.0
0.0;-0.09364419759609201,-0.7110770796700467,0.37327655466507587,2.3611520826621897,-2.871429200491454,1.5410881811485602,2.870214409772606;-0.1828799992799759,-0.06742545962333679,0.0;1.0,0.0,0.0,0.0
0.0;-0.09384757912305913,-0.711112210280234,0.37273398104652694,2.3607965719591704,-2.871920521544509,1.5404268615615904,2.8705373530489013;-0.1828799992799759,-0.0692727267742157,0.0;1.0,0.0,0.0,0.0
0.0;-0.09497452082116215,-0.7111879254792194,0.3708190407541632,2.36036991098442,-2.873096470856318,1.540878165154145,2.8712209184969195;-0.1828799992799759,-0.0711200088262558,0.0;1.0,0.0,0.0,0.0
0.0;-0.09680009316799071,-0.7113605489430489,0.3672117174080064,2.3595025564830507,-2.8759845559455357,1.5407816286090958,2.8728492466280953;-0.1828799992799759,-0.0729672759771347,0.0;1.0,0.0,0.0,0.0
0.0;-0.09746280217238945,-0.7111770019614024,0.36409626710590137,2.359128586837566,-2.880098858720664,1.5401779521758467,2.8749765753405043;-0.1828799992799759,-0.0748145654797554,0.0;1.0,0.0,0.0,0.0
0.0;-0.09770835262226636,-0.7107089373649225,0.3613982963850954,2.35887595807123,-2.884460892274252,1.5394250744215272,2.8772304885676543;-0.1828799992799759,-0.07666182518005371,0.0;1.0,0.0,0.0,0.0
0.0;-0.09832470345366227,-0.7101774302792924,0.35859216476872163,2.358490276757562,-2.8885112429461435,1.5390692704386657,2.8793780543829093;-0.1828799992799759,-0.07850909233093262,0.0;1.0,0.0,0.0,0.0
0.0;-0.099497878284141,-0.709612239580237,0.3555722326322644,2.357919927909013,-2.8921539613970833,1.5392543265298757,2.881341921784783;-0.1828799992799759,-0.08035637438297272,0.0;1.0,0.0,0.0,0.0
0.0;-0.10100318449654856,-0.7089102601825528,0.35258368348689373,2.357206025504131,-2.8955753981734875,1.539696009279984,2.8831542804259076;-0.1828799992799759,-0.08220364153385162,0.0;1.0,0.0,0.0,0.0
0.0;-0.10317815837077507,-0.7077958759589048,0.3489951456526444,2.3560919591425478,-2.8998667713143362,1.5401449752001248,2.885334008950256;-0.1828799992799759,-0.08405092358589172,0.0;1.0,0.0,0.0,0.0
0.0;-0.11085066179180268,-0.7035320202143144,0.33962660831726893,2.3531990646570207,-2.9127669410788486,1.543408643234009,2.891191403889582;-0.1828799992799759,-0.08589819073677063,0.0;1.0,0.0,0.0,0.0
0.0;-0.12096409239426556,-0.6964577809527265,0.3328660796278389,2.3522753728457855,-2.926344789186606,1.551647989558275,2.895537953690259;-0.1828799992799759,-0.08774545788764954,0.0;1.0,0.0,0.0,0.0
0.0;-0.13095511348958322,-0.6887102845086036,0.33093275083479384,2.3518247383362527,-2.938788049850104,1.561588560306775,2.8974073683677193;-0.1828799992799759,-0.08959272503852844,0.0;1.0,0.0,0.0,0.0
0.0;-0.14195672806334633,-0.6803647747568867,0.3317067888626682,2.351794782060572,-2.9514498211581546,1.5704086182163508,2.8967707532444606;-0.1828799992799759,-0.09143999963998795,0.0;1.0,0.0,0.0,0.0
0.0;-0.14979745245241347,-0.6737600233984287,0.3355129446436898,2.351469963273034,-2.960876348564435,1.576731642010514,2.897330281691465;-0.1810692995786667,-0.09143999963998795,0.0;1.0,0.0,0.0,0.0
0.0;-0.15957882977801008,-0.6681048188418658,0.3373223608209166,2.3513036819692514,-2.9712909808825745,1.5825540906723223,2.8951212207446484;-0.17925861477851868,-0.09143999963998795,0.0;1.0,0.0,0.0,0.0
0.0;-0.17488129952923795,-0.656008917475935,0.3356080979333225,2.3564026963982228,-2.983464633569053,1.5914170765581503,2.892117475555064;-0.17744791507720947,-0.09143999963998795,0.0;1.0,0.0,0.0,0.0
0.0;-0.19014653100714052,-0.6431223279100795,0.33507177054232223,2.3609570444708825,-2.999093723617632,1.6028879168688825,2.8892289655626073;-0.17563723027706146,-0.09143999963998795,0.0;1.0,0.0,0.0,0.0
0.0;-0.2024821908368364,-0.6323055325023449,0.33674291064287865,2.3634750791435053,-3.0167985532144104,1.6154381461090699,2.88657476889269;-0.17382653057575226,-0.09143999963998795,0.0;1.0,0.0,0.0,0.0
0.0;-0.21426801734166354,-0.6222075022893107,0.33790884658790354,2.3678379433049535,-3.0346128184013437,1.6248885550567158,2.8840851380868404;-0.17201583087444305,-0.09143999963998795,0.0;1.0,0.0,0.0,0.0
0.0;-0.22703895865825346,-0.6140870022522691,0.3386134057773647,2.371233564042213,-3.0512528414489943,1.6309688924112316,2.879950920761187;-0.17020514607429504,-0.09143999963998795,0.0;1.0,0.0,0.0,0.0
0.0;-0.23944475588715017,-0.6064331517314487,0.3402621518064933,2.374379080152535,-3.0667698445549934,1.6371006046757068,2.8750526866729733;-0.16839444637298584,-0.09143999963998795,0.0;1.0,0.0,0.0,0.0
0.0;-0.2503007180174523,-0.6021042790501051,0.3420233668110229,2.378622841730141,-3.079894947752118,1.6382155677165107,2.8708472951463713;-0.16658376157283783,-0.09143999963998795,0.0;1.0,0.0,0.0,0.0
0.0;-0.2600674917212579,-0.6000022301677429,0.343603410486412,2.38369271304851,-3.0928238162434463,1.6400641015736042,2.8665077660544402;-0.16477306187152863,-0.09143999963998795,0.0;1.0,0.0,0.0,0.0
0.0;-0.26787741638614615,-0.5997850405995618,0.3451668615172235,2.386840031901863,-3.103329882613286,1.6410639167504797,2.8631502093149055;-0.16296237707138062,-0.09143999963998795,0.0;1.0,0.0,0.0,0.0
0.0;-0.2740903730797938,-0.5999113065578165,0.3470093100604006,2.390609577634417,-3.111172327130546,1.640591727864935,2.8606171204971993;-0.1611516773700714,-0.09143999963998795,0.0;1.0,0.0,0.0,0.0
0.0;-0.2788258957962021,-0.6007017037181837,0.3488516005801704,2.393490712870954,-3.1174692221527476,1.6400423592916282,2.8584717152835104;-0.1593409776687622,-0.09143999963998795,0.0;1.0,0.0,0.0,0.0
0.0;-0.28311805895112485,-0.6018209836252896,0.35054314474203463,2.396198335427287,-3.1230538637738685,1.6395267562914515,2.8562596911748086;-0.1575302928686142,-0.09143999963998795,0.0;1.0,0.0,0.0,0.0
0.0;-0.28724492267374024,-0.6026944858659511,0.3529119741001341,2.3986093832562405,-3.127546529514517,1.6390404512048407,2.85406240161042;-0.155719593167305,-0.09143999963998795,0.0;1.0,0.0,0.0,0.0
0.0;-0.29099653021342325,-0.6037589022694165,0.35499612770658784,2.4009417541196987,-3.1312722939799476,1.6387480373191934,2.8518180468661565;-0.15390890836715698,-0.09143999963998795,0.0;1.0,0.0,0.0,0.0
0.0;-0.29408721555462924,-0.6050465883069962,0.3568163621424822,2.402807454033139,-3.134275934107519,1.6385689226006446,2.8497141595634017;-0.15209820866584778,-0.09143999963998795,0.0;1.0,0.0,0.0,0.0
0.0;-0.29659578745355003,-0.6063882864719509,0.3587254843034685,2.4041391897807176,-3.1367496664173973,1.6384575339652967,2.847818409782337;-0.15028750896453857,-0.09143999963998795,0.0;1.0,0.0,0.0,0.0
0.0;-0.2987528584831256,-0.607620066662064,0.36074915722752676,2.405087296524487,-3.13886517444514,1.6384058504923784,2.8461099072312614;-0.14847682416439056,-0.09143999963998795,0.0;1.0,0.0,0.0,0.0
0.0;-0.3007365336573312,-0.6086544445448365,0.3628363643993103,2.4058514823484556,-3.1406935480002014,1.6384064187878806,2.8444831306295253;-0.14666612446308136,-0.09143999963998795,0.0;1.0,0.0,0.0,0.0
0.0;-0.302597012256205,-0.6095291140497714,0.36495047553268894,2.4064841622495083,-3.1422866669331437,1.638459978841522,2.8428676538697037;-0.14485543966293335,-0.09143999963998795,0.0;1.0,0.0,0.0,0.0
0.0;-0.30433968365527764,-0.6103005756205355,0.3670743559840112,2.406991532570158,-3.14368057320729,1.6385564341119527,2.8412359133969156;-0.14304473996162415,-0.09143999963998795,0.0;1.0,0.0,0.0,0.0
0.0;-0.3059560039679366,-0.611002749364758,0.3691985389341239,2.407378261143509,-3.144904986690354,1.6386835901632173,2.8395878248809168;-0.14123405516147614,-0.09143999963998795,0.0;1.0,0.0,0.0,0.0
0.0;-0.30744504324689637,-0.6116469191196612,0.3713133042641182,2.40765432251526,-3.1459797178586726,1.6388287554496723,2.8379348561983226;-0.13942335546016693,-0.09143999963998795,0.0;1.0,0.0,0.0,0.0
0.0;-0.3088130252579035,-0.6122345464720769,0.3734090195374443,2.407832902847222,-3.146918587732806,1.6389835776179331,2.836289253164013;-0.13761267066001892,-0.09143999963998795,0.0;1.0,0.0,0.0,0.0
0.0;-0.31006933933015635,-0.6127679298275512,0.3754786842362501,2.4079256935975577,-3.147733515126113,1.639144033477153,2.834660722827124;-0.13580197095870972,-0.09143999963998795,0.0;1.0,0.0,0.0,0.0
0.0;-0.31122280983431544,-0.6132529372644906,0.37751848472196664,2.407941182207476,-3.1484367597171636,1.6393086991185797,2.8330561364243594;-0.1339912712574005,-0.09143999963998795,0.0;1.0,0.0,0.0,0.0
0.0;-0.31228026009523524,-0.613696840252936,0.37952636410425666,2.4078854028284606,-3.1490407662212063,1.639476942239002,2.8314800065947114;-0.1321805864572525,-0.09143999963998795,0.0;1.0,0.0,0.0,0.0
0.0;-0.31324768438996003,-0.6141060833415952,0.3815009164316906,2.4077638814115954,-3.149557060816139,1.6396471407020479,2.8299357016606677;-0.1303698867559433,-0.09143999963998795,0.0;1.0,0.0,0.0,0.0
0.0;-0.3141310500344027,-0.6144853398707766,0.38344064295451813,2.4075820970015687,-3.149995623775869,1.6398170735569413,2.8284252660233196;-0.1285592019557953,-0.09143999963998795,0.0;1.0,0.0,0.0,0.0
0.0;-0.31493077725274066,-0.6148326606854859,0.3853241768817463,2.407353359528569,-3.150359913188078,1.6399824788441189,2.8269645844268103;-0.12674850225448608,-0.09143999963998795,0.0;1.0,0.0,0.0,0.0
0.0;-0.31565576417366525,-0.6151712852422024,0.38714079739267654,2.4071174544196823,-3.1506675701741798,1.6401216314110996,2.8256109504636715;-0.12493781745433807,-0.09143999963998795,0.0;1.0,0.0,0.0,0.0
0.0;-0.3163359364226726,-0.6155593920360719,0.38892539016375255,2.406871746147303,-3.150945209191298,1.640252438962676,2.824350380425891;-0.12312711775302887,-0.09143999963998795,0.0;1.0,0.0,0.0,0.0
0.0;-0.3168877087473229,-0.6159376289170053,0.390754906482956,2.4066991866276086,-3.1512068267473223,1.6404628206554805,2.823080187337347;-0.12131642550230026,-0.09143999963998795,0.0;1.0,0.0,0.0,0.0
0.0;-0.31716849437204664,-0.6159807519069949,0.3924199065663251,2.4065593583785496,-3.151358140804195,1.6404803845975033,2.8218277742827094;-0.11950573325157166,-0.09143999963998795,0.0;1.0,0.0,0.0,0.0
0.0;-0.31741933139049777,-0.6160921157018372,0.39379973878948854,2.406398079023705,-3.15133087623845,1.640880034343548,2.8205671806935553;-0.11769504100084305,-0.09143999963998795,0.0;1.0,0.0,0.0,0.0
0.0;-0.31764634398587094,-0.6162126738191066,0.3950114374348995,2.4060531966008356,-3.151185728403274,1.6413605069704724,2.8193719379514968;-0.11588434875011444,-0.09143999963998795,0.0;1.0,0.0,0.0,0.0
0.0;-0.3177204587416942,-0.6163246306589325,0.396146457829575,2.405655632616439,-3.151002254482614,1.6419087892765198,2.8182314674659215;-0.11407365649938583,-0.09143999963998795,0.0;1.0,0.0,0.0,0.0
0.0;-0.3176382085344844,-0.6163376197961571,0.3972081270247752,2.4051584565558497,-3.1508017545641294,1.642306908154185,2.8171805418187836;-0.11226296424865723,-0.09143999963998795,0.0;1.0,0.0,0.0,0.0
0.0;-0.31754071966993036,-0.6163191051413636,0.39824488959937365,2.4043532922272766,-3.1505934172879857,1.6424785107203088,2.8162704217100116;-0.11045227199792862,-0.09143999963998795,0.0;1.0,0.0,0.0,0.0
0.0;-0.3173653268745195,-0.6162932316998023,0.39932242487047265,2.4033505408734532,-3.150427673319364,1.6425500795140116,2.8154579310971255;-0.10864157229661942,-0.09143999963998795,0.0;1.0,0.0,0.0,0.0
0.0;-0.3171180806524394,-0.6162628061590626,0.4004147166775176,2.4022733668997374,-3.1502959955172227,1.6426045528990858,2.814693224071439;-0.1068308874964714,-0.09143999963998795,0.0;1.0,0.0,0.0,0.0
0.0;-0.31684151212845946,-0.6162247504055299,0.4014755216123811,2.401180338029698,-3.150169131364805,1.6426635161747547,2.813946073106986;-0.1050201952457428,-0.09143999963998795,0.0;1.0,0.0,0.0,0.0
0.0;-0.3165550109779614,-0.6161789894852608,0.40249077534682476,2.4000852800268757,-3.1500361389115477,1.642726362519262,2.8132079961302203;-0.10320950299501419,-0.09143999963998795,0.0;1.0,0.0,0.0,0.0
0.0;-0.3162558518742302,-0.616127545731143,0.40347071315239214,2.398983293266353,-3.149901532092511,1.6427885560663562,2.8124818716526314;-0.10139881074428558,-0.09143999963998795,0.0;1.0,0.0,0.0,0.0
0.0;-0.3159387014575794,-0.6160716420842087,0.40442744663680114,2.397866035312459,-3.149771045601317,1.6428454562929993,2.811772118230305;-0.09958811849355698,-0.09143999963998795,0.0;1.0,0.0,0.0,0.0
0.0;-0.3156025002268245,-0.6160107813922229,0.4053660027446699,2.3967292120370924,-3.149646273753834,1.6428944712720437,2.811080500074475;-0.09777742624282837,-0.09143999963998795,0.0;1.0,0.0,0.0,0.0
0.0;-0.31524849615056744,-0.6159437750381328,0.40628629164851165,2.395573185018655,-3.149526234986763,1.642935803535747,2.8104062725501415;-0.09596673399209976,-0.09143999963998795,0.0;1.0,0.0,0.0,0.0
0.0;-0.31487809463879274,-0.6158699199743987,0.4071870279344584,2.394399997714603,-3.1494096869045243,1.642971086763579,2.80974773333842;-0.09415604174137115,-0.09143999963998795,0.0;1.0,0.0,0.0,0.0
0.0;-0.3144923345390682,-0.6157892541471102,0.4080677633956982,2.393211034718862,-3.1492960450948906,1.6430017109789152,2.8091033593401433;-0.09234534949064255,-0.09143999963998795,0.0;1.0,0.0,0.0,0.0
0.0;-0.3140919809356144,-0.6157021530500265,0.40892910687650263,2.392006664142662,-3.149185307877492,1.6430281838016934,2.8084721333400853;-0.09053464978933334,-0.09143999963998795,0.0;1.0,0.0,0.0,0.0
0.0;-0.31367766648538714,-0.6156089369001503,0.40977217895063633,2.390786863276209,-3.1490776991702627,1.6430503771209826,2.8078533877056038;-0.08872395753860474,-0.09143999963998795,0.0;1.0,0.0,0.0,0.0
0.0;-0.3132499944638163,-0.6155097846402736,0.410598093382862,2.3895517147283853,-3.1489734135492906,1.6430679867420075,2.8072465647240037;-0.08691326528787613,-0.09143999963998795,0.0;1.0,0.0,0.0,0.0
0.0;-0.31280958711522183,-0.6154048320938976,0.41140774775826194,2.3883015054658676,-3.14887254219765,1.6430808043600975,2.8066510888071323;-0.08510257303714752,-0.09143999963998795,0.0;1.0,0.0,0.0,0.0
0.0;-0.31235700879805667,-0.6152942594953291,0.4122018905554007,2.387036673604489,-3.1487751139069515,1.6430888750917962,2.806066337493689;-0.08329188078641891,-0.09143999963998795,0.0;1.0,0.0,0.0,0.0
0.0;-0.31189307730136573,-0.6151783153864507,0.4129810694025266,2.3857574725716755,-3.1486810804561025,1.6430919509395217,2.805491737228174;-0.08148118108510971,-0.09143999963998795,0.0;1.0,0.0,0.0,0.0
0.0;-0.3114183600650937,-0.6150572844767698,0.4137459070669738,2.3844642818843083,-3.148590431566813,1.6430901363248682,2.80492670092757;-0.0796704888343811,-0.09143999963998795,0.0;1.0,0.0,0.0,0.0
0.0;-0.31093307769633716,-0.61493140136534,0.4144972476663363,2.383157678996075,-3.1485033916190845,1.6430834236954093,2.8043707459427316;-0.0778597965836525,-0.09143999963998795,0.0;1.0,0.0,0.0,0.0
0.0;-0.31043800885300077,-0.6148009823699913,0.41523558754429024,2.3818378324989666,-3.148419872953686,1.643071613314712,2.80382337534904;-0.07604910433292389,-0.09143999963998795,0.0;1.0,0.0,0.0,0.0
0.0;-0.30993372914553824,-0.6146663172755849,0.41596151027450573,2.380505027927789,-3.148339854294333,1.6430546171118259,2.8032841154927044;-0.07423841208219528,-0.09143999963998795,0.0;1.0,0.0,0.0,0.0
0.0;-0.30942069322498117,-0.6145276679127978,0.41667564188966244,2.379159627901756,-3.1482633547168617,1.6430323747321194,2.8027525180862893;-0.07242771983146667,-0.09143999963998795,0.0;1.0,0.0,0.0,0.0
0.0;-0.30889937059344735,-0.6143852961595166,0.4173785778191934,2.3778019711833007,-3.1481903775172273,1.6430047857541115,2.8022281537392226;-0.07061702758073807,-0.09143999963998795,0.0;1.0,0.0,0.0,0.0
0.0;-0.3083702403772493,-0.6142394737439186,0.4180708871887056,2.3764323679649326,-3.1481209137439397,1.6429717283543728,2.8017106080255205;-0.06880633533000946,-0.09143999963998795,0.0;1.0,0.0,0.0,0.0
0.0;-0.3078337643621547,-0.6140904782743256,0.4187531285365413,2.375051119047271,-3.1480549528520445,1.6429330824930557,2.8011994796982593;-0.06699563562870026,-0.09143999963998795,0.0;1.0,0.0,0.0,0.0
0.0;-0.30729038761695693,-0.6139385847585939,0.4194258485949497,2.3736585257023926,-3.1479924797710686,1.6428887322045973,2.800694379816006;-0.06518494337797165,-0.09143999963998795,0.0;1.0,0.0,0.0,0.0
0.0;-0.3067405438893017,-0.6137840646499647,0.4200895824518398,2.372254883808165,-3.147933473262378,1.6428385615979195,2.8001949311552723;-0.06337425112724304,-0.09143999963998795,0.0;1.0,0.0,0.0,0.0
0.0;-0.3061846570787927,-0.613627184792085,0.42074485431978376,2.3708404827857428,-3.147877906116757,1.6427824533882849,2.7997007675100254;-0.06156356632709503,-0.09143999963998795,0.0;1.0,0.0,0.0,0.0
0.0;-0.30562313957288767,-0.6134682095079086,0.4213921812469725,2.3694156011569993,-3.1478257478749487,1.6427202888517856,2.7992115325946085;-0.059752874076366425,-0.09143999963998795,0.0;1.0,0.0,0.0,0.0
0.0;-0.30505639318590627,-0.613307398383529,0.42203207183202124,2.3679805101042413,-3.1477769643357743,1.6426519480740012,2.7987268789080706;-0.05794218182563782,-0.09143999963998795,0.0;1.0,0.0,0.0,0.0
0.0;-0.3044848100847851,-0.6131450059435378,0.42266502586421,2.366535474314624,-3.147731517703966,1.6425773104256352,2.798246466814381;-0.05613148957490921,-0.09143999963998795,0.0;1.0,0.0,0.0,0.0
0.0;-0.30390877303600494,-0.6129812827515517,0.4232915355719182,2.365080750060646,-3.147689367647727,1.6424962548210384,2.797769963828904;-0.054320789873600006,-0.09143999963998795,0.0;1.0,0.0,0.0,0.0
0.0;-0.30332865726109476,-0.6128164725726799,0.4239120831735224,2.3636165907823505,-3.1476504699932684,1.6424086602916266,2.797297044253003;-0.052510105073451996,-0.09143999963998795,0.0;1.0,0.0,0.0,0.0
0.0;-0.302744828713509,-0.6126508177218667,0.4245271465234149,2.3621432371519613,-3.147614780472713,1.6423144055615524,2.7968273885994606;-0.05069940164685249,-0.09143999963998795,0.0;1.0,0.0,0.0,0.0
0.0;-0.3021576469733296,-0.6124845528058157,0.4251371940172366,2.3606609280533415,-3.1475822514776466,1.6422133692532883,2.7963606832194987;-0.04888871684670448,-0.09143999963998795,0.0;1.0,0.0,0.0,0.0
0.0;-0.3015674636476618,-0.6123179100252251,0.42574268981762714,2.359169891221744,-3.147552835581136,1.6421054296818092,2.795896619765314;-0.04707801714539528,-0.09143999963998795,0.0;1.0,0.0,0.0,0.0
0.0;-0.30097462466098146,-0.6121511145430137,0.4263440899899222,2.357670351667942,-3.1475264831011716,1.6419904651436015,2.7954348948187544;-0.04526733234524727,-0.09143999963998795,0.0;1.0,0.0,0.0,0.0
0.0;-0.3003794689689313,-0.6119843890199826,0.4269418469725842,2.356162523709057,-3.147503145079741,1.6418683536714314,2.794975209379946;-0.043456632643938065,-0.09143999963998795,0.0;1.0,0.0,0.0,0.0
0.0;-0.29978233101286866,-0.6118179485366251,0.42753640518422104,2.3546466204896577,-3.1474827704964934,1.6417389734771348,2.79451726860623;-0.04164595156908035,-0.09143999963998795,0.0;1.0,0.0,0.0,0.0
0.0;-0.29918353894485394,-0.6116520065073677,0.42812820670591156,2.353122843576329,-3.1474653100018655,1.6416022025425032,2.79406078135501;-0.03983525186777115,-0.09143999963998795,0.0;1.0,0.0,0.0,0.0
0.0;-0.29858341711553127,-0.6114867690870706,0.4287176866489466,2.351591393087483,-3.147450712855028,1.6414579188861047,2.793605459926069;-0.03802456706762314,-0.09143999963998795,0.0;1.0,0.0,0.0,0.0
0.0;-0.2979822841334582,-0.6113224413180843,0.4293052791768859,2.35005245659502,-3.1474389307819886,1.6413059999441433,2.793151019535528;-0.03621385246515274,-0.09143999963998795,0.0;1.0,0.0,0.0,0.0
0.0;-0.2973804567478935,-0.61115921809195,0.42989140929601,2.3485062263468506,-3.147429912694752,1.6411463236435933,2.792697178264586;-0.03440316766500473,-0.09143999963998795,0.0;1.0,0.0,0.0,0.0
0.0;-0.296778247338938,-0.6109972931583535,0.4304765005744198,2.3469528844387146,-3.147423609928813,1.6409787682681265,2.7922436568365803;-0.032592467963695526,-0.09143999963998795,0.0;1.0,0.0,0.0,0.0
0.0;-0.29617596569686616,-0.6108368550992068,0.43106097219946293,2.3453926097121935,-3.147419974137264,1.6408032122109464,2.7917901784054133;-0.030781781300902367,-0.09143999963998795,0.0;1.0,0.0,0.0,0.0
0.0;-0.295573918050593,-0.6106780904674846,0.4316452425166328,2.3438255717472813,-3.147418959414102,1.6406195332485722,2.7913364680968846;-0.028971081599593163,-0.09143999963998795,0.0;1.0,0.0,0.0,0.0
0.0;-0.2949724091160457,-0.6105211788288272,0.4322297249082711,2.3422519401417174,-3.1474205194927403,1.640427608992007,2.7908822527521138;-0.0271603986620903,-0.09143999963998795,0.0;1.0,0.0,0.0,0.0
0.0;-0.29437174067846095,-0.6103662982027791,0.4328148327009005,2.3406718752525424,-3.1474246109063944,1.640227316575702,2.7904272605294898;-0.025349698960781097,-0.09143999963998795,0.0;1.0,0.0,0.0,0.0
0.0;-0.29377221372561774,-0.610213620101148,0.43340097497253177,2.3390855375513544,-3.1474311901149346,1.640018533137239,2.789971220732558;-0.023539014160633087,-0.09143999963998795,0.0;1.0,0.0,0.0,0.0
0.0;-0.2931741272438856,-0.6100633143657634,0.4339885609766823,2.337493079437581,-3.147440216329707,1.6398011354729176,2.7895138635106225;-0.021728314459323883,-0.09143999963998795,0.0;1.0,0.0,0.0,0.0
0.0;-0.29257778010853785,-0.6099155446974622,0.43457799647072587,2.3358946536954996,-3.147451648961799,1.6395750004243943,2.7890549197342276;-0.019917629659175873,-0.09143999963998795,0.0;1.0,0.0,0.0,0.0
0.0;-0.2919834698627039,-0.6097704735126492,0.4351696882396546,2.3342904050898956,-3.147465450474316,1.6393400043638358,2.7885941206888307;-0.01810692995786667,-0.09143999963998795,0.0;1.0,0.0,0.0,0.0
0.0;-0.29139149397599995,-0.6096282588043829,0.4357640419682763,2.3326804757548363,-3.1474815847024544,1.6390960230551235,2.7881311977771737;-0.016296230256557465,-0.09143999963998795,0.0;1.0,0.0,0.0,0.0
0.0;-0.29080215079101335,-0.6094890527035612,0.43636146074691373,2.3310650091630176,-3.1475000158945354,1.6388429324642841,2.7876658824428144;-0.014485545456409454,-0.09143999963998795,0.0;1.0,0.0,0.0,0.0
0.0;-0.2902157382264898,-0.6093530071315825,0.43696235018304236,2.329444140213945,-3.147520711934598,1.6385806080633574,2.787197905872118;-0.01267484575510025,-0.09143999963998795,0.0;1.0,0.0,0.0,0.0
0.0;-0.28963255560316387,-0.6092202687216887,0.437567114611683,2.3278180042007524,-3.147543641550475,1.638308924937217,2.7867269987869125;-0.01086416095495224,-0.09143999963998795,0.0;1.0,0.0,0.0,0.0
0.0;-0.2890529025483534,-0.6090909830959932,0.438176161236229,2.326186729192436,-3.1475687768384497,1.6380277571828203,2.7862528910588398;-0.009053461253643036,-0.09143999963998795,0.0;1.0,0.0,0.0,0.0
0.0;-0.28847708023219515,-0.6089652916070929,0.4387898978694952,2.324550441733977,-3.147596091460559,1.6377369779509627,2.7857753113838064;-0.007242761552333832,-0.09143999963998795,0.0;1.0,0.0,0.0,0.0
0.0;-0.2879053922804944,-0.6088433300350613,0.439408731452177,2.322909270783309,-3.147625559680598,1.6374364604732314,2.7852939872113947;-0.0054320767521858215,-0.09143999963998795,0.0;1.0,0.0,0.0,0.0
0.0;-0.28733814362206417,-0.6087252343647975,0.4400330731545428,2.321263337598699,-3.147657159571995,1.6371260773493137,2.7848086444890376;-0.0036213770508766174,-0.09143999963998795,0.0;1.0,0.0,0.0,0.0
0.0;-0.2867756422086107,-0.6086111357224276,0.4406633347310078,2.319612764617141,-3.1476908702659174,1.6368057006485748,2.7843190074748274;-0.0018106922507286072,-0.09143999963998795,0.0;1.0,0.0,0.0,0.0
0.0;-0.28621819824994493,-0.6085011638569623,0.4412999318908519,2.3179576694262414,-3.147726673982186,1.636475201472495,2.783824798427168;0.0,-0.09143999963998795,0.0;1.0,0.0,0.0,0.0
0.0;-0.28545675840395507,-0.6081225503305963,0.442034189160233,2.316524805931276,-3.1475636819967328,1.6359821900371958,2.7833271588676984;0.0,-0.08961119502782822,0.0;1.0,0.0,0.0,0.0
0.0;-0.2844762975336462,-0.6075142715729402,0.4428489311946773,2.3152879820800054,-3.147057068446327,1.635282431757627,2.7827785162848775;0.0,-0.08778239786624908,0.0;1.0,0.0,0.0,0.0
0.0;-0.2833211002518102,-0.6068615655591539,0.44372538737564715,2.31408847269878,-3.146156314919538,1.6344473411345322,2.7821768988111275;0.0,-0.08595359325408936,0.0;1.0,0.0,0.0,0.0
0.0;-0.28202501312729433,-0.6063266210658442,0.4446526639279786,2.312850057015452,-3.144899640530825,1.6335787009893568,2.7815700540937915;0.0,-0.08412479609251022,0.0;1.0,0.0,0.0,0.0
0.0;-0.28058578094994135,-0.6059280844736169,0.4456260654473692,2.3115892134429425,-3.1433289518323813,1.632690197599264,2.780975071972156;0.0,-0.0822959914803505,0.0;1.0,0.0,0.0,0.0
0.0;-0.27883724253457093,-0.6055784078261489,0.44638824981645664,2.310759770989577,-3.14100179710465,1.6316409286160363,2.7805069406091274;0.0,-0.08046719431877136,0.0;1.0,0.0,0.0,0.0
0.0;-0.2765030285373359,-0.6056171082449887,0.4469597471402912,2.3102001790899074,-3.1379542816198804,1.6304993560188723,2.7800345139497686;0.0,-0.07863838970661163,0.0;1.0,0.0,0.0,0.0
0.0;-0.2739384557288295,-0.6055600209272421,0.4475200274462138,2.3093271067418035,-3.1346918577722613,1.6289089310777007,2.7793910619849527;0.0,-0.0768095925450325,0.0;1.0,0.0,0.0,0.0
0.0;-0.27139499339389195,-0.6056525618792649,0.44808923795278455,2.307871074284414,-3.131691477559834,1.6273180448258395,2.7790491629181755;0.0,-0.07498079538345337,0.0;1.0,0.0,0.0,0.0
0.0;-0.2689605881307319,-0.6057498332938458,0.4485738250893587,2.3063677511646654,-3.1290335007246917,1.6259451919951309,2.7788569701304704;0.0,-0.07315199077129364,0.0;1.0,0.0,0.0,0.0
0.0;-0.2666078684838401,-0.6057813866824929,0.44898286490478134,2.304946726872953,-3.1265074606582752,1.6246973399938562,2.778701857663914;0.0,-0.07132319360971451,0.0;1.0,0.0,0.0,0.0
0.0;-0.26426418919379174,-0.6057643173561678,0.4493756248003647,2.303562168272623,-3.1239467165359263,1.6234668524991518,2.778541415607092;0.0,-0.06949439644813538,0.0;1.0,0.0,0.0,0.0
0.0;-0.26187294906417585,-0.6057457508885342,0.44979796914048026,2.30214203898725,-3.1212739040914057,1.6222004877987815,2.778374628544416;0.0,-0.06766559183597565,0.0;1.0,0.0,0.0,0.0
0.0;-0.2594128040164953,-0.6057561439980991,0.45025891055604517,2.300651099946931,-3.118466900390535,1.620882275866087,2.77821034056189;0.0,-0.06583679467439651,0.0;1.0,0.0,0.0,0.0
0.0;-0.256882649033098,-0.6058016396989626,0.4507451120344715,2.299092772237059,-3.115530607264656,1.6195133541091267,2.778052544791311;0.0,-0.06400799751281738,0.0;1.0,0.0,0.0,0.0
0.0;-0.25428755412701914,-0.6058762833581769,0.4512392861555109,2.297486266428493,-3.1124807306361744,1.6181007335804656,2.7778994746658507;0.0,-0.062179192900657654,0.0;1.0,0.0,0.0,0.0
0.0;-0.2516342815189751,-0.6059733536822813,0.4517287442665219,2.2958476910749384,-3.1093347261984268,1.6166517083517031,2.7777478372874107;0.0,-0.06035039573907852,0.0;1.0,0.0,0.0,0.0
0.0;-0.2489232433750802,-0.6060891074952878,0.4522091724201076,2.29418144908676,-3.1061021617602895,1.6151689293277707,2.7775954150421414;0.0,-0.05852159485220909,0.0;1.0,0.0,0.0,0.0
0.0;-0.2461497726918854,-0.6062147262814523,0.4526585778184605,2.2925251763568864,-3.10278019392288,1.6136733647207469,2.777460690686889;0.0,-0.05669279396533966,0.0;1.0,0.0,0.0,0.0
0.0;-0.24334854219355298,-0.606050694923482,0.4533910185757897,2.2903441267254068,-3.0994736923536457,1.612117069986184,2.777021389759651;0.0,-0.05486399307847023,0.0;1.0,0.0,0.0,0.0
0.0;-0.24052309884348932,-0.6057406913673169,0.45434134441667784,2.2878775617713534,-3.0961631825616007,1.6105271468357545,2.776612482532061;0.0,-0.053035199642181396,0.0;1.0,0.0,0.0,0.0
0.0;-0.23768778759986972,-0.6054087045528582,0.4552620609376877,2.2854356998674272,-3.0927981887960527,1.6089751603395546,2.7762476991713507;0.0,-0.051206398755311966,0.0;1.0,0.0,0.0,0.0
0.0;-0.23483777183656598,-0.6051286107137556,0.4560240423336897,2.2831607647951215,-3.089376781203795,1.607490079577885,2.775871451722227;0.0,-0.049377597868442535,0.0;1.0,0.0,0.0,0.0
0.0;-0.2319672235076751,-0.6049252871461305,0.4566297840425635,2.281043709958078,-3.085923852847088,1.6060507806902948,2.7754647717270275;0.0,-0.047548796981573105,0.0;1.0,0.0,0.0,0.0
0.0;-0.229081289185329,-0.6047909178436045,0.45713497583151336,2.2790166786690804,-3.0824592132643907,1.604616583314537,2.77504757322664;0.0,-0.04571999981999397,0.0;1.0,0.0,0.0,0.0
0.0;-0.22618755878235508,-0.60470624248765,0.45759166299772913,2.2770203633018475,-3.07898876615505,1.6031576448657068,2.774650294282589;0.0,-0.04389120265841484,0.0;1.0,0.0,0.0,0.0
0.0;-0.22328845131259029,-0.6046547309322992,0.45802814025953453,2.2750243421577623,-3.0755104792058643,1.6016632390576988,2.7742921059439407;0.0,-0.04206240177154541,0.0;1.0,0.0,0.0,0.0
0.0;-0.22038209678666362,-0.6046267227681175,0.4584511449640668,2.273019740528459,-3.0720214518062967,1.6001345825154156,2.7739756104574727;0.0,-0.04023360088467598,0.0;1.0,0.0,0.0,0.0
0.0;-0.2174657854772074,-0.6046176204989719,0.45885654973477247,2.271006419130468,-3.068521121953188,1.5985760664087718,2.7736929395904566;0.0,-0.03840479999780655,0.0;1.0,0.0,0.0,0.0
0.0;-0.21453779425990696,-0.6046248488337226,0.4592387925369145,2.2689850417149877,-3.065011261506588,1.5969909295601028,2.7734339880748773;0.0,-0.03657600283622742,0.0;1.0,0.0,0.0,0.0
0.0;-0.2115976915553833,-0.6046459370983892,0.4595950482634734,2.266954676939274,-3.061494626970173,1.5953806875958805,2.773191287882427;0.0,-0.034747205674648285,0.0;1.0,0.0,0.0,0.0
0.0;-0.20861820766483172,-0.604679079934068,0.45993378136159024,2.264901785054262,-3.057956159040696,1.5937369951095748,2.7729636579291133;0.0,-0.03291839733719826,0.0;1.0,0.0,0.0,0.0
0.0;-0.20559658097626674,-0.6047181769248985,0.4602234549645835,2.262861305198687,-3.05439140665736,1.5920753690308753,2.772784040453515;0.0,-0.031089600175619125,0.0;1.0,0.0,0.0,0.0
0.0;-0.20222998973900713,-0.6051020641738236,0.4606576225655935,2.2607386679271624,-3.0506924896492147,1.5901124927347559,2.772590543129149;0.0,-0.029260803014039993,0.0;1.0,0.0,0.0,0.0
0.0;-0.19863120713996224,-0.605654127921615,0.4610298010868283,2.258551827286862,-3.0467006634978113,1.5879388647684474,2.7723885869751563;0.0,-0.02743200585246086,0.0;1.0,0.0,0.0,0.0
0.0;-0.19495669917064187,-0.6062299469641497,0.4612819726584758,2.2563832682901634,-3.0424946343227264,1.585765764732435,2.772196640283897;0.0,-0.025603201240301132,0.0;1.0,0.0,0.0,0.0
0.0;-0.19128117191618224,-0.6067643269289767,0.46144742487230717,2.2542680179358072,-3.038205010252266,1.5837132849623217,2.772038105148327;0.0,-0.02377440221607685,0.0;1.0,0.0,0.0,0.0
0.0;-0.18759149037406037,-0.6072517914288733,0.46157224530672675,2.252182036274843,-3.033939984504021,1.5817805580575115,2.7719998701218986;0.0,-0.02194560505449772,0.0;1.0,0.0,0.0,0.0
0.0;-0.18163491779454882,-0.6089666637486072,0.46205681272685,2.248478492221736,-3.029542625895472,1.5787637580950094,2.771849650014932;0.0,-0.02011680230498314,0.0;1.0,0.0,0.0,0.0
0.0;-0.17448896166029457,-0.6108211994820567,0.462307466662642,2.2445563018404395,-3.024368592772736,1.575482899561157,2.7716764559132296;0.0,-0.018288005143404007,0.0;1.0,0.0,0.0,0.0
0.0;-0.16724490590269223,-0.6122849113452229,0.46199536726414464,2.2412969804772125,-3.0183509572841247,1.57283033326674,2.7715259669497514;0.0,-0.016459200531244278,0.0;1.0,0.0,0.0,0.0
0.0;-0.1604007487641728,-0.613318615080466,0.46123063768007866,2.2387971831370552,-3.0118497882426096,1.5711024357912429,2.7715381713939475;0.0,-0.014630402438342571,0.0;1.0,0.0,0.0,0.0
0.0;-0.15402543061241578,-0.6140826889902066,0.46025523419247855,2.2367213430348003,-3.0052738854442067,1.5700626916233928,2.7718042197936352;0.0,-0.012801598757505417,0.0;1.0,0.0,0.0,0.0
0.0;-0.14800132837285512,-0.6147078238263973,0.459244247831392,2.2347367085028145,-2.998889527986112,1.5693110887281219,2.7723168028034535;0.0,-0.010972801595926285,0.0;1.0,0.0,0.0,0.0
0.0;-0.14223587429514326,-0.6152464784491547,0.45825269388952045,2.232692756817279,-2.9928597116592224,1.5685651191128924,2.7730169356221483;0.0,-0.009143996983766556,0.0;1.0,0.0,0.0,0.0
0.0;-0.13662902347651854,-0.61569610511265,0.45717825590919686,2.230577027681674,-2.9873208702142877,1.5677082373331144,2.7740025416835112;0.0,-0.007315199822187424,0.0;1.0,0.0,0.0,0.0
0.0;-0.13127301590543422,-0.6160224314988405,0.4559881115059912,2.228521291422625,-2.9822620486497877,1.5668236615406803,2.7750903140764063;0.0,-0.005486395210027695,0.0;1.0,0.0,0.0,0.0
0.0;-0.12563835201338408,-0.6160759323606758,0.4543883965740865,2.2267268715175796,-2.9770120159051303,1.565887783923774,2.7763182156701705;0.0,-0.0036575980484485626,0.0;1.0,0.0,0.0,0.0
0.0;-0.11965223308349117,-0.616075522051777,0.4524668829600277,2.2248793333885577,-2.971641710102748,1.564983196654421,2.7777804782978484;0.0,-0.0018288008868694305,0.0;1.0,0.0,0.0,0.0
0.0;-0.11372730022719224,-0.6161078488497446,0.4502721891822268,2.2230567412193247,-2.9663777036729533,1.5641332346095458,2.779269721744688;0.0,0.0,0.0;1.0,0.0,0.0,0.0
